
#######################################################
# DATA FOR CRYSTALLOGRAPHIC CUBIC SURFACE FAMILY 14.8 #
#######################################################


##################
# GROUP & FAMILY #
##################

Generators of crystallographic group:
[[1, 0, 0, 0], [0, 0, 0, 1], [0, 0, 1, 0], [0, 1, 0, 0]]
[[-1, 0, 0, 0], [0, 0, 0, 1], [0, 1, 0, 0], [0, 0, 1, 0]]

Invariant polynomials:
y^3 + z^3 + w^3
y^2*z + y*z^2 + y^2*w + z^2*w + y*w^2 + z*w^2
y*z*w
x^2*y + x^2*z + x^2*w

Equivalent crystallographic groups:
14.3
14.8

################
# GROUP ACTION #
################


Action of the crystallographic group on the 27 lines:
[11, 13, 14, 25, 5, 16, 7, 26, 21, 22, 1, 24, 2, 3, 15, 6, 23, 27, 20, 19, 9, 10, 17, 12, 4, 8, 18]
[8, 15, 14, 12, 21, 10, 23, 3, 5, 18, 1, 19, 17, 26, 13, 6, 7, 27, 20, 24, 9, 16, 2, 25, 4, 11, 22]

################
# DISCRIMINANT #
################

See the discriminant of TODO

################
# GALOIS GROUP #
################


Generators of the monodromy group on the second homology group:
[14, 17, 11, 20, 5, 27, 15, 26, 9, 22, 3, 24, 23, 1, 7, 18, 2, 16, 25, 4, 21, 10, 13, 12, 19, 8, 6]
[4, 17, 19, 1, 5, 27, 15, 12, 9, 22, 25, 8, 23, 20, 7, 18, 2, 16, 3, 14, 21, 10, 13, 26, 11, 24, 6]
[27, 2, 16, 4, 5, 14, 7, 22, 9, 26, 18, 12, 13, 6, 15, 3, 17, 11, 19, 20, 21, 8, 23, 24, 25, 10, 1]
[4, 17, 19, 1, 5, 27, 15, 12, 9, 22, 25, 8, 23, 20, 7, 18, 2, 16, 3, 14, 21, 10, 13, 26, 11, 24, 6]
[14, 17, 11, 27, 5, 20, 15, 26, 9, 24, 3, 22, 23, 1, 7, 19, 2, 25, 16, 6, 21, 12, 13, 10, 18, 8, 4]
