
######################################################
# DATA FOR CRYSTALLOGRAPHIC CUBIC SURFACE FAMILY 5.1 #
######################################################


##################
# GROUP & FAMILY #
##################

Generators of crystallographic group:
[[-1, -1, 0, 0], [0, 1, 0, 0], [0, 0, -1, -1], [0, 0, 0, 1]]
[[-1, 0, -1, 0], [0, -1, 0, -1], [0, 0, 1, 0], [0, 0, 0, 1]]

Invariant polynomials:
w^3
z^2*w + z*w^2
y^2*w + y*w^2
-2*x*y*z - y^2*z - y*z^2 + 3*x^2*w + 2*x*y*w + 2*x*z*w + x*w^2
2*x*y*z + y^2*z + y*z^2 - x^2*w + y*z*w

Equivalent crystallographic groups:
5.1

################
# GROUP ACTION #
################


Action of the crystallographic group on the 27 lines:
[1, 7, 19, 26, 18, 17, 2, 8, 16, 15, 25, 14, 13, 12, 10, 9, 6, 5, 3, 20, 21, 27, 23, 24, 11, 4, 22]
[1, 22, 6, 26, 18, 3, 27, 8, 14, 10, 11, 16, 13, 9, 15, 12, 19, 5, 17, 23, 24, 2, 20, 21, 25, 4, 7]

################
# DISCRIMINANT #
################

The discriminant can be recovered from symmetric cubic surface family K4 by a linear change of coordinates.

################
# GALOIS GROUP #
################


Generators of the monodromy group on the second homology group:
[1, 7, 17, 18, 26, 19, 2, 8, 14, 25, 15, 16, 13, 9, 11, 12, 3, 4, 6, 24, 23, 27, 21, 20, 10, 5, 22]
[1, 27, 19, 4, 5, 17, 22, 8, 9, 15, 25, 12, 13, 14, 10, 16, 6, 18, 3, 20, 21, 7, 23, 24, 11, 26, 2]
[1, 2, 6, 4, 5, 3, 7, 8, 12, 10, 11, 9, 13, 16, 15, 14, 19, 18, 17, 23, 24, 22, 20, 21, 25, 26, 27]
[1, 7, 17, 18, 26, 19, 2, 8, 14, 25, 15, 16, 13, 9, 11, 12, 3, 4, 6, 24, 23, 27, 21, 20, 10, 5, 22]
[1, 7, 17, 18, 26, 19, 2, 8, 14, 25, 15, 16, 13, 9, 11, 12, 3, 4, 6, 24, 23, 27, 21, 20, 10, 5, 22]
[1, 22, 3, 26, 18, 6, 27, 8, 16, 10, 11, 14, 13, 12, 15, 9, 17, 5, 19, 20, 21, 2, 23, 24, 25, 4, 7]
[1, 2, 3, 5, 4, 6, 7, 8, 9, 11, 10, 12, 13, 14, 25, 16, 17, 26, 19, 21, 20, 22, 24, 23, 15, 18, 27]
