
#######################################################
# DATA FOR CRYSTALLOGRAPHIC CUBIC SURFACE FAMILY 14.2 #
#######################################################


##################
# GROUP & FAMILY #
##################

Generators of crystallographic group:
[[-1, 0, 0, 0], [0, 0, 1, 0], [0, 0, 0, 1], [0, 1, 0, 0]]

Invariant polynomials:
y^3 + z^3 + w^3
y*z^2 + y^2*w + z*w^2
y^2*z + z^2*w + y*w^2
y*z*w
x^2*y + x^2*z + x^2*w

Equivalent crystallographic groups:
14.2

################
# GROUP ACTION #
################


Action of the crystallographic group on the 27 lines:
[16, 19, 11, 23, 27, 5, 15, 26, 12, 22, 21, 6, 20, 1, 18, 7, 2, 14, 8, 4, 3, 13, 10, 9, 17, 25, 24]

################
# DISCRIMINANT #
################

The discriminant can be recovered from symmetric cubic surface family Z6 by a linear change of coordinates.

################
# GALOIS GROUP #
################


Generators of the monodromy group on the second homology group:
[15, 22, 3, 26, 9, 24, 14, 20, 5, 17, 11, 27, 19, 7, 1, 18, 10, 16, 13, 8, 21, 2, 25, 6, 23, 4, 12]
[23, 19, 11, 16, 27, 5, 22, 26, 12, 15, 21, 6, 14, 4, 13, 10, 2, 20, 8, 1, 3, 18, 7, 9, 17, 25, 24]
[15, 22, 3, 26, 9, 24, 14, 20, 5, 17, 11, 27, 19, 7, 1, 18, 10, 16, 13, 8, 21, 2, 25, 6, 23, 4, 12]
[20, 17, 21, 14, 6, 12, 23, 19, 24, 16, 3, 9, 15, 13, 10, 4, 25, 22, 2, 18, 11, 7, 1, 27, 26, 8, 5]
[4, 2, 3, 1, 5, 6, 10, 8, 9, 7, 11, 12, 18, 20, 22, 23, 17, 13, 19, 14, 21, 15, 16, 24, 25, 26, 27]
[26, 15, 3, 22, 9, 24, 17, 14, 5, 20, 11, 27, 23, 8, 2, 25, 7, 19, 18, 10, 21, 4, 13, 6, 16, 1, 12]
[15, 26, 3, 22, 9, 24, 14, 17, 5, 20, 11, 27, 23, 7, 1, 18, 8, 16, 25, 10, 21, 4, 13, 6, 19, 2, 12]
