
######################################################
# DATA FOR CRYSTALLOGRAPHIC CUBIC SURFACE FAMILY 8.3 #
######################################################


##################
# GROUP & FAMILY #
##################

Generators of crystallographic group:
[[1, 0, 0, 0], [0, 1, 0, 0], [0, 0, 0, -1], [0, 0, -1, 0]]
[[1, 0, 0, 0], [0, 1, -1, 0], [0, 0, -1, -1], [0, 0, 1, 0]]

Invariant polynomials:
3*y^3 - 3*y^2*z + 3*y*z^2 - z^3 + 3*y^2*w + 3*y*w^2 + w^3
-2*y^3 + 2*y^2*z - 2*y*z^2 - 2*y^2*w - z^2*w - 2*y*w^2 + z*w^2
3*x*y^2 - 2*x*y*z + x*z^2 + 2*x*y*w + x*w^2
-y^3 + y^2*z - y^2*w + y*z*w
-3*x*y^2 + 2*x*y*z - 2*x*y*w + x*z*w
3*x^2*y - x^2*z + x^2*w
x^3

Equivalent crystallographic groups:
8.3

################
# GROUP ACTION #
################


Action of the crystallographic group on the 27 lines:
[25, 18, 3, 9, 22, 23, 14, 17, 4, 10, 21, 27, 24, 7, 19, 26, 8, 2, 15, 20, 11, 5, 6, 13, 1, 16, 12]
[27, 24, 7, 1, 19, 23, 14, 15, 12, 6, 13, 25, 18, 3, 22, 26, 5, 11, 17, 16, 2, 8, 10, 21, 9, 20, 4]

################
# DISCRIMINANT #
################

See the discriminant of TODO

################
# GALOIS GROUP #
################


Generators of the monodromy group on the second homology group:
[5, 18, 20, 17, 1, 6, 16, 9, 8, 10, 24, 15, 21, 26, 12, 7, 4, 2, 27, 3, 13, 25, 23, 11, 22, 14, 19]
[1, 5, 3, 4, 2, 6, 7, 11, 9, 10, 8, 12, 15, 14, 13, 16, 21, 22, 24, 20, 17, 18, 23, 19, 25, 26, 27]
[22, 2, 3, 15, 25, 6, 7, 27, 19, 10, 11, 17, 13, 14, 4, 16, 12, 18, 9, 20, 21, 1, 23, 24, 5, 26, 8]
[12, 8, 10, 9, 11, 7, 6, 2, 4, 3, 5, 1, 19, 23, 24, 16, 18, 17, 13, 20, 22, 21, 14, 15, 27, 26, 25]
[12, 8, 10, 9, 11, 7, 6, 2, 4, 3, 5, 1, 19, 23, 24, 16, 18, 17, 13, 20, 22, 21, 14, 15, 27, 26, 25]
[9, 15, 3, 25, 13, 16, 7, 21, 1, 20, 17, 27, 5, 14, 2, 6, 11, 19, 18, 10, 8, 24, 26, 22, 4, 23, 12]
[18, 25, 3, 13, 5, 6, 7, 8, 24, 10, 27, 21, 4, 14, 15, 16, 17, 1, 19, 20, 12, 22, 23, 9, 2, 26, 11]
[4, 24, 10, 27, 19, 16, 6, 22, 12, 20, 18, 25, 11, 23, 8, 7, 5, 13, 17, 3, 2, 15, 26, 21, 9, 14, 1]
[12, 8, 10, 9, 11, 7, 6, 2, 4, 3, 5, 1, 19, 23, 24, 16, 18, 17, 13, 20, 22, 21, 14, 15, 27, 26, 25]
[9, 15, 3, 25, 13, 16, 7, 21, 1, 20, 17, 27, 5, 14, 2, 6, 11, 19, 18, 10, 8, 24, 26, 22, 4, 23, 12]
[2, 1, 20, 21, 22, 6, 16, 19, 11, 10, 9, 13, 12, 26, 17, 7, 15, 25, 8, 3, 4, 5, 23, 27, 18, 14, 24]
[21, 27, 10, 24, 8, 7, 6, 5, 13, 3, 25, 18, 9, 23, 19, 16, 22, 12, 15, 20, 1, 17, 14, 4, 11, 26, 2]
[22, 2, 3, 15, 25, 6, 7, 27, 19, 10, 11, 17, 13, 14, 4, 16, 12, 18, 9, 20, 21, 1, 23, 24, 5, 26, 8]
