
######################################################
# DATA FOR CRYSTALLOGRAPHIC CUBIC SURFACE FAMILY 4.1 #
######################################################


##################
# GROUP & FAMILY #
##################

Generators of crystallographic group:
[[1, 0, 0, 0], [0, 1, 0, 0], [0, 0, -1, 0], [0, 0, 0, 1]]
[[1, 0, 0, 0], [0, 1, 0, 0], [0, 0, 1, 0], [0, 0, 0, -1]]

Invariant polynomials:
y*w^2
x*w^2
y*z^2
x*z^2
y^3
x*y^2
x^2*y
x^3

Equivalent crystallographic groups:
4.1

################
# GROUP ACTION #
################


Action of the crystallographic group on the 27 lines:
[1, 7, 17, 18, 26, 19, 2, 8, 14, 25, 15, 16, 13, 9, 11, 12, 3, 4, 6, 24, 23, 27, 21, 20, 10, 5, 22]
[8, 7, 12, 11, 10, 9, 2, 1, 6, 5, 4, 3, 13, 19, 18, 17, 16, 15, 14, 24, 23, 22, 21, 20, 26, 25, 27]

################
# DISCRIMINANT #
################

See the discriminant of TODO

################
# GALOIS GROUP #
################


Generators of the monodromy group on the second homology group:
[1, 2, 4, 3, 6, 5, 7, 8, 10, 9, 12, 11, 13, 25, 16, 15, 18, 17, 26, 20, 23, 27, 21, 24, 14, 19, 22]
[1, 7, 19, 26, 18, 17, 2, 8, 16, 15, 25, 14, 13, 12, 10, 9, 6, 5, 3, 20, 21, 27, 23, 24, 11, 4, 22]
[1, 2, 3, 5, 4, 6, 7, 8, 9, 11, 10, 12, 13, 14, 25, 16, 17, 26, 19, 21, 20, 22, 24, 23, 15, 18, 27]
[8, 7, 9, 10, 11, 12, 2, 1, 3, 4, 5, 6, 13, 17, 26, 19, 14, 25, 16, 20, 21, 22, 23, 24, 18, 15, 27]
[8, 2, 15, 16, 14, 25, 7, 1, 26, 19, 17, 18, 13, 5, 3, 4, 11, 12, 10, 20, 23, 22, 21, 24, 6, 9, 27]
[8, 2, 16, 15, 25, 14, 7, 1, 19, 26, 18, 17, 13, 6, 4, 3, 12, 11, 9, 20, 21, 27, 23, 24, 5, 10, 22]
[1, 20, 18, 17, 5, 6, 24, 8, 9, 10, 16, 15, 13, 14, 12, 11, 4, 3, 19, 2, 21, 22, 23, 7, 25, 26, 27]
[8, 2, 25, 14, 16, 15, 7, 1, 18, 17, 19, 26, 13, 4, 6, 5, 10, 9, 11, 24, 21, 22, 23, 20, 3, 12, 27]
[1, 23, 3, 19, 5, 18, 21, 8, 15, 10, 14, 12, 13, 11, 9, 16, 17, 6, 4, 20, 7, 22, 2, 24, 25, 26, 27]
[8, 2, 15, 16, 14, 25, 7, 1, 26, 19, 17, 18, 13, 5, 3, 4, 11, 12, 10, 20, 23, 22, 21, 24, 6, 9, 27]
[1, 24, 3, 4, 19, 26, 20, 8, 25, 14, 11, 12, 13, 10, 15, 16, 17, 18, 5, 7, 21, 22, 23, 2, 9, 6, 27]
[1, 2, 4, 3, 6, 5, 7, 8, 10, 9, 12, 11, 13, 25, 16, 15, 18, 17, 26, 20, 23, 27, 21, 24, 14, 19, 22]
[8, 2, 16, 15, 25, 14, 7, 1, 19, 26, 18, 17, 13, 6, 4, 3, 12, 11, 9, 20, 21, 27, 23, 24, 5, 10, 22]
[1, 2, 5, 6, 3, 4, 7, 8, 11, 12, 9, 10, 13, 15, 14, 25, 26, 19, 18, 24, 21, 27, 23, 20, 16, 17, 22]
