
######################################################
# DATA FOR CRYSTALLOGRAPHIC CUBIC SURFACE FAMILY 8.1 #
######################################################

##################
# GROUP & FAMILY #
##################

Generators of crystallographic group:
[[1, 0, 0, 0], [0, 1, -1, 0], [0, 0, -1, -1], [0, 0, 1, 0]]

Invariant polynomials:
-z^3 - 3*z^2*w + w^3
z^2*w + z*w^2
y^3 - y^2*z + y*z^2 + y^2*w + z^2*w + y*w^2
3*x*y^2 - 2*x*y*z + x*z^2 + 2*x*y*w + x*w^2
-y^3 + y^2*z - y^2*w + y*z*w
-3*x*y^2 + 2*x*y*z - 2*x*y*w + x*z*w
3*x^2*y - x^2*z + x^2*w
x^3

Equivalent crystallographic groups:
8.1

################
# GROUP ACTION #
################

Action of the crystallographic group on the 27 lines:
[17, 26, 13, 19, 4, 10, 20, 22, 25, 23, 2, 8, 16, 24, 9, 3, 27, 14, 5, 21, 7, 12, 6, 18, 15, 11, 1]

################
# DISCRIMINANT #
################

The discriminant can be recovered from symmetric cubic surface family Z3 by a linear change of coordinates.

################
# GALOIS GROUP #
################

Generators of the monodromy group on the second homology group:
[3, 2, 1, 4, 5, 6, 9, 8, 7, 10, 11, 12, 17, 14, 21, 27, 13, 18, 19, 25, 15, 22, 23, 24, 20, 26, 16]
[25, 18, 5, 13, 3, 6, 8, 7, 27, 10, 24, 21, 4, 26, 17, 19, 15, 2, 16, 22, 12, 20, 23, 11, 1, 14, 9]
[1, 24, 3, 19, 4, 26, 20, 8, 25, 11, 14, 12, 13, 10, 9, 16, 17, 6, 5, 21, 7, 22, 2, 23, 15, 18, 27]
[7, 10, 9, 8, 12, 11, 1, 4, 3, 2, 6, 5, 25, 14, 16, 15, 20, 18, 22, 17, 27, 19, 26, 24, 13, 23, 21]
[7, 10, 9, 8, 12, 11, 1, 4, 3, 2, 6, 5, 25, 14, 16, 15, 20, 18, 22, 17, 27, 19, 26, 24, 13, 23, 21]
[1, 23, 3, 5, 19, 18, 21, 8, 15, 14, 10, 12, 13, 11, 25, 16, 17, 26, 4, 7, 20, 22, 24, 2, 9, 6, 27]
[7, 10, 9, 8, 12, 11, 1, 4, 3, 2, 6, 5, 25, 14, 16, 15, 20, 18, 22, 17, 27, 19, 26, 24, 13, 23, 21]
[3, 2, 1, 4, 5, 6, 9, 8, 7, 10, 11, 12, 17, 14, 21, 27, 13, 18, 19, 25, 15, 22, 23, 24, 20, 26, 16]
[25, 18, 5, 13, 3, 6, 8, 7, 27, 10, 24, 21, 4, 26, 17, 19, 15, 2, 16, 22, 12, 20, 23, 11, 1, 14, 9]
[3, 2, 1, 4, 5, 6, 9, 8, 7, 10, 11, 12, 17, 14, 21, 27, 13, 18, 19, 25, 15, 22, 23, 24, 20, 26, 16]
[25, 18, 5, 13, 3, 6, 8, 7, 27, 10, 24, 21, 4, 26, 17, 19, 15, 2, 16, 22, 12, 20, 23, 11, 1, 14, 9]
[7, 10, 9, 8, 12, 11, 1, 4, 3, 2, 6, 5, 25, 14, 16, 15, 20, 18, 22, 17, 27, 19, 26, 24, 13, 23, 21]
[5, 18, 20, 17, 1, 6, 16, 9, 8, 10, 24, 15, 21, 26, 12, 7, 4, 2, 27, 3, 13, 25, 23, 11, 22, 14, 19]
[3, 2, 1, 4, 5, 6, 9, 8, 7, 10, 11, 12, 17, 14, 21, 27, 13, 18, 19, 25, 15, 22, 23, 24, 20, 26, 16]
