
######################################################
# DATA FOR CRYSTALLOGRAPHIC CUBIC SURFACE FAMILY 3.1 #
######################################################

##################
# GROUP & FAMILY #
##################

Generators of crystallographic group:
[[-1, 0, 0, 0], [0, -1, 0, 0], [0, 0, 1, 0], [0, 0, 0, 1]]

Invariant polynomials:
w^3
z*w^2
z^2*w
y^2*w
x*y*w
x^2*w
z^3
y^2*z
x*y*z
x^2*z

Equivalent crystallographic groups:
3.1

################
# GROUP ACTION #
################

Action of the crystallographic group on the 27 lines:
[2, 1, 4, 3, 5, 6, 8, 7, 10, 9, 11, 12, 13, 18, 26, 19, 25, 14, 16, 20, 22, 21, 27, 24, 17, 15, 23]

################
# DISCRIMINANT #
################

The discriminant can be recovered from symmetric cubic surface family dZ2 by a linear change of coordinates.

################
# GALOIS GROUP #
################

Generators of the monodromy group on the second homology group:
[26, 15, 3, 4, 13, 6, 7, 8, 23, 27, 11, 20, 5, 14, 2, 16, 17, 18, 19, 12, 21, 22, 9, 24, 25, 1, 10]
[27, 23, 16, 19, 5, 11, 21, 22, 15, 26, 6, 12, 13, 18, 9, 3, 17, 14, 4, 20, 7, 8, 2, 24, 25, 10, 1]
[7, 8, 9, 10, 11, 12, 1, 2, 3, 4, 5, 6, 13, 14, 15, 16, 17, 18, 19, 20, 21, 22, 23, 24, 25, 26, 27]
[23, 27, 19, 16, 5, 11, 22, 21, 26, 15, 6, 12, 13, 14, 10, 4, 25, 18, 3, 20, 8, 7, 1, 24, 17, 9, 2]
[1, 2, 4, 3, 5, 6, 7, 8, 10, 9, 11, 12, 13, 25, 15, 16, 18, 17, 19, 20, 22, 21, 27, 24, 14, 26, 23]
[3, 4, 1, 2, 5, 6, 9, 10, 7, 8, 11, 12, 20, 14, 21, 27, 25, 18, 23, 13, 15, 26, 19, 24, 17, 22, 16]
[22, 21, 26, 15, 12, 6, 23, 27, 19, 16, 11, 5, 13, 14, 4, 10, 25, 18, 9, 20, 2, 1, 7, 24, 17, 3, 8]
[26, 15, 3, 4, 13, 6, 7, 8, 23, 27, 11, 20, 5, 14, 2, 16, 17, 18, 19, 12, 21, 22, 9, 24, 25, 1, 10]
[1, 2, 23, 27, 5, 20, 26, 15, 9, 10, 13, 12, 11, 14, 8, 16, 17, 18, 19, 6, 21, 22, 3, 24, 25, 7, 4]
[23, 27, 19, 16, 5, 11, 22, 21, 26, 15, 6, 12, 13, 14, 10, 4, 25, 18, 3, 20, 8, 7, 1, 24, 17, 9, 2]
[3, 4, 1, 2, 5, 6, 9, 10, 7, 8, 11, 12, 20, 14, 21, 27, 25, 18, 23, 13, 15, 26, 19, 24, 17, 22, 16]
[1, 2, 4, 3, 5, 6, 7, 8, 10, 9, 11, 12, 13, 25, 15, 16, 18, 17, 19, 20, 22, 21, 27, 24, 14, 26, 23]
[22, 21, 26, 15, 12, 6, 23, 27, 19, 16, 11, 5, 13, 14, 4, 10, 25, 18, 9, 20, 2, 1, 7, 24, 17, 3, 8]
[1, 2, 4, 3, 5, 6, 7, 8, 10, 9, 11, 12, 13, 25, 15, 16, 18, 17, 19, 20, 22, 21, 27, 24, 14, 26, 23]
[2, 1, 3, 4, 5, 6, 8, 7, 9, 10, 11, 12, 13, 17, 26, 19, 14, 25, 16, 20, 21, 22, 23, 24, 18, 15, 27]
[23, 27, 19, 16, 5, 11, 22, 21, 26, 15, 6, 12, 13, 14, 10, 4, 25, 18, 3, 20, 8, 7, 1, 24, 17, 9, 2]
