
##########################################################
# DATA FOR CRYSTALLOGRAPHIC QUARTIC SURFACE FAMILY 32.11 #
##########################################################


##################
# GROUP & FAMILY #
##################

Generators of crystallographic group:
[[-1, 0, 0, 0], [0, 1, 0, 0], [0, 0, 0, 1], [0, 0, 1, 0]]
[[1, 0, 0, 0], [0, 0, 1, 0], [0, 0, 0, 1], [0, 1, 0, 0]]
[[0, 0, 0, 1], [0, 0, 1, 0], [0, -1, 0, 0], [-1, 0, 0, 0]]
[[0, 1, 0, 0], [-1, 0, 0, 0], [0, 0, 0, 1], [0, 0, -1, 0]]

Invariant polynomials:
x^4 + y^4 + z^4 + w^4
x^2*y^2 + x^2*z^2 + y^2*z^2 + x^2*w^2 + y^2*w^2 + z^2*w^2
-x^2*y*z - x*y^2*z + x*y*z^2 - x^2*y*w + x*y^2*w - x^2*z*w + y^2*z*w - x*z^2*w + y*z^2*w - x*y*w^2 + x*z*w^2 + y*z*w^2

Equivalent crystallographic groups:

############
# HOMOLOGY #
############


Intersection product:
[[-2, 0, 0, -1, 0, 0, -2, 1, 0, -1, -1, 1, -1, 0, 1, 0, 1, 0, 0, 0, 0, 0], [0, -4, 2, -2, 3, -1, 0, 1, -4, 0, -3, 4, -1, 3, 4, 3, 3, -1, 0, 4, -1, -3], [0, 2, -2, 0, -1, 0, 0, 0, 1, 0, 1, -1, 0, -1, -1, -1, -1, 0, 0, -1, 0, 1], [-1, -2, 0, -4, 2, 0, -3, 3, -2, -1, -2, 3, -2, 1, 3, 1, 2, -1, 1, 2, -1, -1], [0, 3, -1, 2, -6, 2, -1, -3, 5, 0, 3, -6, 1, -3, -6, -3, -4, 2, 0, -6, 2, 3], [0, -1, 0, 0, 2, -2, 2, 0, -3, 1, -1, 2, 0, 2, 2, 2, 1, -1, 0, 3, -1, -2], [-2, 0, 0, -3, -1, 2, -6, 2, 2, -2, -1, 0, -2, -1, 0, -1, 1, 1, 1, -2, 1, 2], [1, 1, 0, 3, -3, 0, 2, -4, 2, 1, 2, -4, 2, -1, -4, -1, -3, 1, 0, -3, 1, 1], [0, -4, 1, -2, 5, -3, 2, 2, -8, 1, -4, 6, -1, 5, 6, 5, 4, -2, 1, 7, -2, -4], [-1, 0, 0, -1, 0, 1, -2, 1, 1, -2, -1, 1, -1, 0, 1, 0, 1, 0, 0, 0, 0, 0], [-1, -3, 1, -2, 3, -1, -1, 2, -4, -1, -4, 4, -1, 3, 4, 3, 3, -1, 1, 4, -1, -2], [1, 4, -1, 3, -6, 2, 0, -4, 6, 1, 4, -8, 2, -4, -7, -4, -5, 2, 0, -7, 2, 4], [-1, -1, 0, -2, 1, 0, -2, 2, -1, -1, -1, 2, -2, 1, 1, 1, 1, 0, 1, 1, 0, 0], [0, 3, -1, 1, -3, 2, -1, -1, 5, 0, 3, -4, 1, -4, -3, -3, -2, 1, -1, -4, 1, 2], [1, 4, -1, 3, -6, 2, 0, -4, 6, 1, 4, -7, 1, -3, -8, -4, -5, 2, 0, -7, 2, 4], [0, 3, -1, 1, -3, 2, -1, -1, 5, 0, 3, -4, 1, -3, -4, -4, -2, 1, -1, -4, 1, 2], [1, 3, -1, 2, -4, 1, 1, -3, 4, 1, 3, -5, 1, -2, -5, -2, -4, 1, 0, -4, 1, 2], [0, -1, 0, -1, 2, -1, 1, 1, -2, 0, -1, 2, 0, 1, 2, 1, 1, -2, 0, 3, -1, -2], [0, 0, 0, 1, 0, 0, 1, 0, 1, 0, 1, 0, 1, -1, 0, -1, 0, 0, -2, 0, 0, -1], [0, 4, -1, 2, -6, 3, -2, -3, 7, 0, 4, -7, 1, -4, -7, -4, -4, 3, 0, -8, 2, 4], [0, -1, 0, -1, 2, -1, 1, 1, -2, 0, -1, 2, 0, 1, 2, 1, 1, -1, 0, 2, -2, -2], [0, -3, 1, -1, 3, -2, 2, 1, -4, 0, -2, 4, 0, 2, 4, 2, 2, -2, -1, 4, -2, -4]]

Basis of the generic Picard lattice:
[1, 0, 0, 0, 0, 0, 0, 0, 0, 0, 0, 0, 0, 0, 0, 0, 0, -1, 0, 0, 1, 0]
[0, 1, 0, 0, 0, 0, 0, 0, 0, 0, 0, 0, 0, 0, 0, 0, 1, -2, 0, 0, 1, 0]
[0, 0, 1, 0, 0, 0, 0, 0, 0, 0, 0, 0, 0, 0, 0, 0, 2, -5, 0, -1, 0, 0]
[0, 0, 0, 1, 0, 0, 0, 0, 0, 0, 0, 0, 0, 0, 0, 0, 2, -5, 0, -2, 1, -2]
[0, 0, 0, 0, 1, 0, 0, 0, 0, 0, 0, 0, 0, 0, 0, 0, 0, 0, 0, -2, 1, -2]
[0, 0, 0, 0, 0, 1, 0, 0, 0, 0, 0, 0, 0, 0, 0, 0, 2, -5, 0, -1, 0, 0]
[0, 0, 0, 0, 0, 0, 1, 0, 0, 0, 0, 0, 0, 0, 0, 0, 1, -2, 0, -2, 2, -2]
[0, 0, 0, 0, 0, 0, 0, 1, 0, 0, 0, 0, 0, 0, 0, 0, 0, 1, 0, -1, 0, -1]
[0, 0, 0, 0, 0, 0, 0, 0, 1, 0, 0, 0, 0, 0, 0, 0, 0, 0, 0, 1, -1, 1]
[0, 0, 0, 0, 0, 0, 0, 0, 0, 1, 0, 0, 0, 0, 0, 0, 1, -2, 0, 0, 1, 1]
[0, 0, 0, 0, 0, 0, 0, 0, 0, 0, 1, 0, 0, 0, 0, 0, 0, 0, 0, 0, 0, 0]
[0, 0, 0, 0, 0, 0, 0, 0, 0, 0, 0, 1, 0, 0, 0, 0, 0, 0, 0, -1, 1, -1]
[0, 0, 0, 0, 0, 0, 0, 0, 0, 0, 0, 0, 1, 0, 0, 0, 2, -5, 0, -3, 1, -3]
[0, 0, 0, 0, 0, 0, 0, 0, 0, 0, 0, 0, 0, 1, 0, 0, 0, -1, 0, 0, 0, 1]
[0, 0, 0, 0, 0, 0, 0, 0, 0, 0, 0, 0, 0, 0, 1, 0, 0, 0, 0, 0, 1, 0]
[0, 0, 0, 0, 0, 0, 0, 0, 0, 0, 0, 0, 0, 0, 0, 1, 1, -2, 0, -1, 1, 0]
[0, 0, 0, 0, 0, 0, 0, 0, 0, 0, 0, 0, 0, 0, 0, 0, 3, -6, 0, -2, 1, -1]
[0, 0, 0, 0, 0, 0, 0, 0, 0, 0, 0, 0, 0, 0, 0, 0, 0, 0, 1, -1, 0, -1]

Class of hyperplane section:
[0, -5, -3, 4, -3, -2, 0, 3, 5, 3, 1, 0, 0, 3, 3, 0, 2, -3, 3, -2, -1, 1]

Action of the group on homology:
[[0, -1, 0, 0, 2, -1, 1, 1, -2, -1, -1, 2, 0, 1, 2, 1, 1, -1, 0, 2, -1, -1], [0, 0, 0, 0, -2, 0, -1, -2, 1, -1, -2, -2, 0, 0, -1, 1, 0, 2, 0, -2, 2, 2], [0, 0, 0, 0, -1, 0, -1, -1, 1, -1, -1, -1, 0, 0, -1, 0, 0, 1, 0, -1, 2, 2], [0, 0, 0, 1, 1, 0, 1, 1, -1, 0, 1, 1, 0, 0, 1, 0, 0, -1, 0, 1, -1, -1], [0, 0, 0, 0, -2, 0, -1, -2, 1, 0, -1, -2, 0, -1, -1, 1, -1, 1, 0, -2, 1, 1], [0, 1, 0, 0, -3, 1, -2, -2, 2, 1, -1, -3, 0, -1, -2, 0, -1, 2, 0, -3, 1, 2], [0, 2, -1, 0, -1, 0, 0, 0, 1, 1, 1, -1, 0, -1, -1, -1, -1, 0, 0, -1, 0, 1], [0, -1, 0, 0, 3, -1, 2, 2, -3, 0, 0, 3, 0, 2, 2, 1, 1, -2, 1, 4, -1, -2], [0, 0, 0, -1, 3, 0, 1, 3, -2, 1, 2, 3, -1, 1, 2, 0, 1, -2, 1, 3, -2, -2], [0, 0, 0, 0, 1, 0, 1, 1, -1, 1, 1, 1, 0, 0, 1, 0, 0, -1, 0, 1, -1, -1], [0, -1, 1, 0, 1, 0, 0, 0, 0, 0, 0, 1, 0, 1, 0, 0, 1, 0, 0, 1, 0, -1], [0, 0, 0, 0, 0, 0, 0, 0, 0, 0, 0, 0, 0, 0, 0, 0, 0, 1, 0, -1, 0, 1], [0, -2, 1, -1, 2, 0, 0, 1, -2, 0, -1, 2, 0, 2, 1, 1, 2, 0, 1, 2, 0, -1], [0, -1, 1, -1, 1, 0, 0, 1, -2, 1, 0, 2, -1, 2, 1, 1, 1, -1, 1, 2, -1, -2], [-1, 0, 0, -1, 1, 0, -1, 2, -1, 0, 0, 2, -1, 0, 2, 0, 1, -1, 0, 1, -1, -1], [1, -1, 1, 0, 2, 0, 1, 0, -1, 1, 0, 1, 0, 2, 0, 1, 1, 0, 1, 2, 0, -1], [1, 1, 0, 1, 1, 0, 2, 0, 0, 1, 2, 0, 1, 0, 0, -1, 0, -1, 0, 1, -1, -1], [-1, 0, -1, 0, -1, 0, -1, 0, 1, -2, -1, 0, 0, -1, 0, 0, 0, 1, -1, -1, 1, 1], [-1, 1, -1, 0, 1, 0, 0, 2, 0, -1, 1, 1, 0, -1, 1, -1, 0, -1, 0, 0, -1, 0], [0, 0, 0, 0, -1, 1, -1, 0, 2, -1, 0, -1, 0, -1, -1, -1, 0, 1, -1, -1, 1, 1], [-1, 0, 0, 0, 0, -1, 0, 0, -1, 0, -1, 0, 0, 0, 1, 1, 0, 0, 0, 0, 0, 0], [1, 0, 1, 0, 0, 1, 0, 0, 1, 1, 1, 0, 0, 0, -1, -1, 0, 0, 0, 0, 0, 0]]
[[0, 0, 0, 0, 0, 0, 0, 0, 0, -1, 0, 0, 0, 0, 0, 0, 0, 0, 1, 0, 1, 1], [-1, 2, 0, 1, -2, -1, 0, -2, 1, 1, 1, -2, 0, 0, -2, 0, -1, 2, 0, -2, 3, 3], [-1, 1, 0, 1, -1, -1, 0, -1, 0, 0, 0, -1, 0, 0, -1, 0, 0, 1, 0, -1, 2, 2], [1, -1, 0, 0, 1, 1, 0, 1, 0, -1, 0, 1, 0, 0, 1, 0, 0, -1, 0, 1, -1, -1], [-1, 1, 0, 0, -2, 0, -1, -1, 1, 1, 1, -1, -1, 0, -2, 0, -1, 2, 0, -2, 2, 2], [0, 1, 1, 1, -2, 0, 0, -2, 1, 3, 1, -2, 0, 0, -2, 0, -1, 2, -1, -2, 1, 1], [1, 0, 0, 0, 0, 0, 1, 0, 0, 1, 0, 0, 0, 0, 0, 0, 0, 0, -1, 0, -1, -1], [1, -2, 0, -1, 3, 0, 1, 2, -2, -1, -1, 2, 0, 1, 2, 1, 1, -2, 1, 3, -2, -2], [2, -3, 0, -1, 4, 0, 2, 2, -3, -1, -2, 4, 0, 2, 4, 2, 2, -3, 0, 5, -4, -5], [1, -1, 0, 0, 1, 0, 1, 0, -1, 0, -1, 1, 0, 1, 1, 1, 0, -1, 0, 1, -2, -2], [-1, -1, 0, -1, 2, 0, -1, 2, -1, -1, -1, 2, 0, 0, 2, 0, 2, -1, 0, 2, -1, -1], [0, 0, 0, 1, 0, -1, 1, -1, -1, 0, -1, 0, 1, 0, 1, 1, 0, 0, 0, 0, 0, 0], [0, -1, 0, 0, 2, -1, 1, 0, -2, 0, -1, 1, 1, 1, 1, 1, 1, -1, 1, 2, -1, -1], [1, -2, 0, -1, 2, 0, 1, 1, -2, 0, -1, 2, 0, 1, 2, 1, 1, -2, 0, 3, -3, -3], [1, -1, 0, 0, 1, 0, 1, 0, 0, 0, 0, 1, 0, 0, 1, 0, 0, -1, -1, 1, -2, -2], [0, -1, 0, -1, 3, 0, 0, 2, -2, 0, -1, 2, 0, 1, 2, 1, 2, -1, 1, 3, -1, -1], [1, -1, 0, -1, 2, 1, 0, 2, -1, -1, -1, 2, 0, 1, 2, 0, 2, -1, 0, 2, -2, -2], [-1, 2, 0, 1, -3, 0, -1, -2, 3, 0, 2, -3, 0, -2, -3, -1, -2, 2, 0, -4, 3, 3], [1, -1, 0, 1, 1, 0, 2, 0, 0, -1, 0, 1, 1, 0, 1, 0, 0, -1, -1, 1, -1, -2], [-1, 2, 0, 1, -2, 0, -1, -1, 2, 0, 1, -2, 0, -1, -2, -1, -1, 1, 0, -2, 2, 2], [0, 0, 0, 0, -1, 0, 0, -1, 1, 0, 0, -1, 0, 0, -1, 0, -1, 1, 0, -1, 1, 1], [0, 0, 0, 0, 1, 0, 0, 1, -1, 0, -1, 1, 0, 0, 1, 0, 1, -1, 0, 1, -2, -1]]
[[0, 0, 0, 1, -1, 0, 0, -1, 0, 0, 0, -1, 1, -1, 0, 0, 0, 1, 0, -1, 1, 1], [0, 1, 0, -1, -3, 2, -2, -1, 3, 0, 1, -3, 0, -2, -3, -2, -1, 2, 0, -4, 1, 2], [0, 1, 0, 0, -2, 1, -1, -1, 2, 0, 1, -3, 1, -2, -2, -2, -1, 1, 0, -3, 1, 2], [0, 0, 0, 1, 0, 0, 0, 0, 0, 0, 0, 0, 0, 0, 0, 0, 0, 0, 0, 0, 0, 0], [-1, 0, 0, -2, -1, 1, -2, 1, 1, 0, 0, 0, -1, -1, -1, -1, 0, 0, 0, -1, 0, 0], [0, 0, 0, -2, 0, 1, -1, 1, 1, 0, 0, 1, -1, 0, 0, -1, 0, -1, -1, 0, -2, -2], [0, 0, 0, 0, 1, -1, 1, 0, -1, 0, -1, 1, 0, 1, 1, 1, 0, -1, 0, 1, -1, -1], [0, 0, 0, 2, 1, -1, 2, 0, -1, 0, 0, 0, 1, 0, 1, 1, 0, 0, 0, 1, 0, 0], [1, 0, 0, 3, 2, -2, 4, -1, -2, 1, 0, 1, 1, 2, 1, 2, 0, -1, 0, 3, 0, -1], [1, 0, 0, 1, 2, -1, 2, 0, -1, 1, 0, 1, 0, 1, 1, 1, 0, -1, 0, 2, -1, -1], [0, 0, 0, 0, 0, 0, 0, 0, 0, 0, 1, 0, 0, 0, 0, 0, 0, 0, 0, 0, 0, 0], [1, 1, -1, 1, 0, 0, 1, -1, 1, 0, 1, -1, 1, -1, -1, -1, -1, 0, 0, -1, 0, 1], [1, 0, 0, 1, 1, 0, 2, 0, 0, 0, 1, 0, 1, 0, 0, 0, 0, 0, 0, 1, 0, 0], [0, 0, 0, 1, 1, -1, 2, 0, -1, 0, 0, 1, 0, 1, 1, 1, 0, -1, 0, 2, -1, -1], [1, 0, 0, 1, 0, -1, 2, -1, -1, 1, 0, 0, 0, 1, 0, 1, -1, -1, 0, 1, -1, -1], [0, 0, 0, 0, 1, 0, 1, 1, 0, 0, 1, 1, 0, 0, 1, 0, 1, 0, -1, 1, 0, -1], [0, -1, 1, 1, 2, -1, 1, 0, -2, 0, -1, 2, 0, 2, 2, 2, 2, 0, 0, 2, 0, -1], [0, 1, -1, -1, -2, 1, -2, 0, 1, 0, 0, -2, 0, -1, -2, -1, -1, 1, 1, -2, 1, 2], [1, 0, 0, 2, 0, -1, 2, -2, -1, 1, 0, -1, 1, 1, -1, 1, -1, 0, 1, 0, 0, 0], [0, 0, 0, -1, -1, 1, -2, 0, 1, 0, 0, -1, 0, 0, -1, -1, 0, 1, 0, -1, 1, 1], [0, 0, 0, 0, -1, 0, 0, -1, 1, 0, 0, -1, 0, -1, -1, 0, -1, 0, 0, -1, 0, 0], [0, 0, 0, 0, 2, -1, 1, 1, -1, 0, 0, 2, 0, 1, 2, 0, 1, -1, -1, 2, -1, -1]]
[[1, 0, 0, 1, 0, 0, 1, -1, 0, 0, 0, -1, 1, 0, -1, 0, -1, 0, 1, 0, 0, 1], [0, 1, 0, -1, -3, 0, -1, -1, 1, 0, -1, -2, -1, 0, -1, 1, -1, 2, 0, -2, 1, 2], [0, 1, 0, 0, -2, 0, -1, -1, 1, 0, 0, -2, 0, -1, -1, 0, -1, 1, 0, -2, 1, 2], [0, -1, 0, 0, 1, 0, 0, 0, -1, 0, 0, 1, 0, 1, 0, 0, 0, -1, 1, 1, -1, -1], [0, 0, 0, -2, -1, 0, -1, 1, 0, 0, -1, 0, -2, 1, 0, 1, 0, 1, 0, 0, 1, 1], [0, 0, 0, -2, -1, 0, -1, 1, 0, 0, -1, 1, -2, 1, 2, 1, 1, 1, -2, 0, 0, -1], [0, 1, -1, 0, 0, 0, 0, 0, 1, 0, 1, 0, 0, -1, 0, -1, 0, 0, -1, -1, 0, 0], [0, -1, 0, 1, 2, 0, 1, 0, -1, 0, 1, 1, 1, 0, 0, 0, 0, -1, 1, 1, -1, -1], [0, -1, 0, 1, 3, 0, 1, 0, -1, 0, 1, 2, 1, 0, 1, 0, 1, -2, 1, 2, -1, -2], [0, -1, 0, 0, 2, -1, 1, 0, -2, 1, 0, 2, 0, 1, 2, 1, 1, -1, 0, 2, -1, -2], [0, 0, 1, 1, 0, 1, 0, 0, 1, 0, 1, -1, 1, -1, -1, -1, 0, 0, 0, -1, 0, 0], [0, 0, 0, 1, 0, -1, 1, -1, -1, 0, -1, 0, 1, 0, 1, 1, 0, 0, 0, 0, 0, 0], [0, -1, 1, 1, 1, 0, 1, 0, -1, 0, 0, 1, 1, 0, 1, 1, 1, 0, 0, 1, 0, -1], [0, -1, 1, 1, 1, 1, 0, 0, 0, 0, 1, 1, 0, 0, 0, 0, 1, 0, 0, 0, 0, -1], [0, 0, 0, 0, 0, 1, -1, 0, 1, 0, 1, 0, 0, -1, 0, -1, 0, 0, 0, -1, 0, 0], [0, -1, 1, 0, 2, 0, 1, 1, -1, 0, 0, 2, 0, 1, 1, 1, 1, -1, 0, 2, -1, -2], [0, 0, 0, 1, 2, 0, 1, 0, 0, 0, 1, 1, 1, 0, 0, -1, 1, -1, 0, 1, -1, -1], [0, 1, -1, -1, -2, 0, -1, 0, 0, 0, -1, -2, 0, 0, -1, 0, -1, 1, 1, -1, 1, 2], [0, 1, -1, 1, 0, 0, 0, -1, 1, 0, 1, -1, 1, -1, -1, -1, -1, 0, 1, -1, 0, 1], [0, 0, 0, -1, -1, 0, -1, 0, 0, 0, -1, -1, 0, 0, 0, 0, 0, 0, 0, 0, 0, 0], [0, 0, 0, 0, -1, 0, 0, -1, 1, 0, 0, -1, 0, 0, -1, 0, -1, 1, 0, -1, 1, 1], [0, -1, 1, 0, 2, 0, 0, 1, -1, 0, 0, 2, 0, 0, 2, 0, 2, -1, -1, 1, -1, -2]]

####################
# ALGEBRAIC CURVES #
####################


There are no conics.

################
# DISCRIMINANT #
################

The discriminant has 2 components of degree 1, 2 components of degree 2, and 1 component of degree 4:
128*Z[0]^4 + 64*Z[0]^3*Z[1] - 128*Z[0]^3*Z[2] - 96*Z[0]^2*Z[1]^2 - 64*Z[0]^2*Z[1]*Z[2] + 96*Z[0]^2*Z[2]^2 - 16*Z[0]*Z[1]^3 + 32*Z[0]*Z[1]^2*Z[2] + 80*Z[0]*Z[1]*Z[2]^2 - 24*Z[0]*Z[2]^3 + 16*Z[1]^4 + 16*Z[1]^3*Z[2] - 4*Z[1]*Z[2]^3 - Z[2]^4
4*Z[0]^2 + 4*Z[0]*Z[1] + 4*Z[0]*Z[2] - 3*Z[1]^2 + 6*Z[1]*Z[2] - 3*Z[2]^2
4*Z[0]^2 - 4*Z[0]*Z[1] + Z[1]^2 + 2*Z[2]^2
Z[0]
Z[0] + Z[1] + Z[2]

#############
# MONODROMY #
#############


Generators of the monodromy group on the second homology group:
[[1, 0, -1, 1, 1, -1, 2, 0, -1, 0, 0, 0, 1, -1, 0, 1, -1, 0, 1, 0, 0, 1], [0, 0, -1, -1, 1, -2, 2, 0, -3, 0, -1, 1, 0, 1, 2, 2, 0, -1, 1, 2, -1, -1], [0, 0, -1, 0, 2, -2, 3, 1, -2, 0, 0, 1, 1, -1, 1, 1, -1, -1, 1, 1, -1, 0], [0, 0, 0, 1, 0, 0, 0, 0, 0, 0, 0, 0, 0, 0, 0, 0, 0, 0, 0, 0, 0, 0], [0, -1, 0, -2, 1, -1, 0, 0, -2, 0, -1, 1, -1, 2, 2, 1, 1, -1, 0, 2, -1, -2], [0, -1, 1, -3, -1, 1, -2, 0, -1, 0, -1, 1, -2, 3, 2, 0, 2, -1, -1, 2, -1, -3], [0, 0, 2, 0, -2, 2, -2, -1, 2, 0, 0, -1, -1, 1, -1, -1, 1, 1, -1, -1, 1, 0], [0, 1, 0, 2, -1, 1, 0, 0, 2, 0, 1, -2, 1, -2, -2, -1, -1, 1, 0, -2, 1, 2], [0, 1, 2, 2, -3, 3, -3, -2, 5, 0, 1, -3, 0, -1, -3, -2, 0, 2, -1, -3, 2, 2], [0, 0, 2, 0, -3, 2, -3, -2, 2, 1, 0, -2, -1, 1, -1, -1, 1, 1, -1, -1, 1, 0], [0, 1, -1, 1, 1, 0, 1, 1, 1, 0, 2, 0, 1, -2, -1, -1, -1, 0, 0, -1, 0, 1], [0, 0, 0, 0, -1, 0, 0, -1, 0, 0, 0, 0, 0, 0, 0, 0, 0, 0, 0, 0, 0, 0], [0, 1, -1, 1, 0, 0, 1, 0, 1, 0, 1, -1, 2, -2, -1, -1, -1, 0, 0, -1, 0, 1], [0, 2, 0, 2, -2, 2, -1, -1, 4, 0, 2, -3, 1, -2, -3, -3, -1, 1, -1, -3, 1, 2], [0, 1, 1, 1, -2, 2, -2, -1, 3, 0, 1, -2, 0, -1, -1, -2, 0, 1, -1, -2, 1, 1], [0, 1, 0, 0, -1, 1, -1, 0, 2, 0, 1, -1, 0, -1, -1, -1, 0, 0, -1, -1, 0, 0], [0, 0, 1, 1, 0, 1, -1, 0, 1, 0, 0, 0, 0, 0, -1, 0, 1, 1, 0, -1, 1, 1], [0, -1, -1, -1, 2, -2, 2, 1, -3, 0, -1, 2, 0, 1, 2, 2, 0, 0, 1, 2, -1, -1], [0, 0, 1, 1, -1, 1, -1, -1, 1, 0, 0, -1, 0, 0, -1, 0, 0, 1, 1, -1, 1, 1], [0, -1, -1, -1, 3, -2, 2, 2, -3, 0, -1, 3, 0, 1, 2, 2, 0, -1, 1, 3, -1, -1], [0, 0, 0, 0, -1, 0, 0, -1, 0, 0, 0, -1, 0, 0, 0, 0, 0, 0, 0, 0, 1, 0], [0, 1, 0, 0, 0, 1, -1, 1, 2, 0, 1, 0, 0, -1, -1, -2, 0, 0, -1, -1, 0, 1]]
[[0, 0, 0, 0, 0, 0, -1, 0, 0, 0, 0, 0, 0, 0, 0, 0, 0, 1, 0, -1, 0, 1], [2, 1, 0, 1, -1, -1, 3, -2, 0, 0, -1, -1, 1, 0, 0, 1, -1, 2, 0, -2, 0, 2], [2, 1, 0, 2, 0, -1, 3, -2, 0, 0, 0, -1, 2, -1, 0, 0, -1, 1, 0, -2, 0, 2], [-1, 0, 0, 0, 0, 1, -2, 1, 1, 0, 1, 0, -1, 0, -1, -1, 0, 0, 0, 0, 0, 0], [1, 0, 0, 0, 1, -2, 3, 0, -2, 0, -2, 2, 0, 1, 2, 2, 0, 0, 0, 1, -1, 0], [1, 0, 0, 0, 0, -1, 3, 0, -2, 0, -2, 1, 0, 1, 2, 2, 0, -1, 0, 2, -1, -1], [-1, 0, 0, 0, 0, 0, 0, 0, 0, 0, 0, 0, 0, 0, 0, 0, 0, -1, 0, 1, 0, -1], [-1, 0, 0, 0, -1, 2, -3, 0, 3, 0, 2, -2, 0, -1, -3, -2, -1, 0, 0, -1, 1, 0], [-3, -1, 1, -2, 0, 3, -6, 2, 3, 0, 2, -1, -2, 0, -2, -2, 1, -1, 0, 1, 1, -2], [-1, 0, 0, -1, 0, 1, -2, 1, 1, 1, 1, -1, -1, 0, -1, -1, 0, -1, 0, 1, 0, -1], [0, -1, 1, 0, -1, 1, -1, -1, 1, 0, 1, -1, 0, 0, -1, 0, 0, 0, 0, 0, 1, -1], [0, 0, 0, 0, 0, 0, 0, 0, 0, 0, 0, -1, 0, 0, 0, 0, 0, 0, 0, 0, 0, 0], [0, -1, 1, -1, -1, 2, -2, 0, 2, 0, 1, -2, 0, 0, -2, -1, 0, 0, 0, 0, 1, -1], [-1, -1, 1, -1, -1, 2, -3, 0, 2, 0, 1, -1, -1, 0, -2, -1, 0, -1, 0, 0, 0, -2], [-1, 0, 0, -1, 0, 1, -2, 1, 1, 0, 1, 0, -1, -1, 0, -1, 0, -1, 0, 0, -1, -1], [0, -1, 1, -1, -1, 2, -2, 0, 2, 0, 1, -1, -1, 1, -2, 0, 0, 0, 0, 1, 2, -1], [-2, -1, 1, -1, -1, 2, -4, 0, 2, 0, 1, -1, -1, 1, -2, -1, 1, 0, 0, 1, 2, -1], [1, 1, -1, 1, 1, -2, 3, 0, -2, 0, -1, 1, 1, 0, 2, 1, 0, 1, 0, 0, -1, 1], [-2, 0, 0, -1, 0, 1, -3, 1, 1, 0, 1, -1, -1, 0, -1, -1, 0, 0, 1, 0, 0, 0], [1, 0, 0, 1, 1, -1, 2, 0, -2, 0, -1, 1, 1, 0, 2, 1, 1, 1, 0, 0, 0, 1], [0, 1, -1, 0, 0, -1, 1, 0, 0, 0, 0, 0, 0, -1, 0, 0, -1, 0, 0, -1, -1, 1], [0, -1, 1, 0, 0, 1, -1, 0, 0, 0, 0, 0, 0, 0, 0, 0, 1, -1, 0, 1, 1, -1]]
[[1, 0, 0, 0, 0, 0, 0, 0, 0, 0, 0, 0, 0, 0, 0, 0, 0, 0, 0, 0, 0, 0], [0, 1, 0, 0, 0, 0, 0, 0, 0, 0, 0, 0, 0, 0, 0, 0, 0, 0, 0, 0, 0, 0], [0, 0, 1, 0, 0, 0, 0, 0, 0, 0, 0, 0, 0, 0, 0, 0, 0, 0, 0, 0, 0, 0], [0, 0, 0, 1, 0, 0, 0, 0, 0, 0, 0, 0, 0, 0, 0, 0, 0, 0, 0, 0, 0, 0], [0, 0, 0, 0, 1, 0, 0, 0, 0, 0, 0, 0, 0, 0, 0, 0, 0, 0, 0, 0, 0, 0], [0, 0, 0, 0, 0, 1, 0, 0, 0, 0, 0, 0, 0, 0, 0, 0, 0, 0, 0, 0, 0, 0], [0, 0, 0, 0, 0, 0, 1, 0, 0, 0, 0, 0, 0, 0, 0, 0, 0, 0, 0, 0, 0, 0], [0, 0, 0, 0, 0, 0, 0, 1, 0, 0, 0, 0, 0, 0, 0, 0, 0, 0, 0, 0, 0, 0], [0, 0, 0, 0, 0, 0, 0, 0, 1, 0, 0, 0, 0, 0, 0, 0, 0, 0, 0, 0, 0, 0], [0, 0, 0, 0, 0, 0, 0, 0, 0, 1, 0, 0, 0, 0, 0, 0, 0, 0, 0, 0, 0, 0], [0, 0, 0, 0, 0, 0, 0, 0, 0, 0, 1, 0, 0, 0, 0, 0, 0, 0, 0, 0, 0, 0], [0, 0, 0, 0, 0, 0, 0, 0, 0, 0, 0, 1, 0, 0, 0, 0, 0, 0, 0, 0, 0, 0], [0, 0, 0, 0, 0, 0, 0, 0, 0, 0, 0, 0, 1, 0, 0, 0, 0, 0, 0, 0, 0, 0], [0, 0, 0, 0, 0, 0, 0, 0, 0, 0, 0, 0, 0, 1, 0, 0, 0, 0, 0, 0, 0, 0], [0, 0, 0, 0, 0, 0, 0, 0, 0, 0, 0, 0, 0, 0, 1, 0, 0, 0, 0, 0, 0, 0], [0, 0, 0, 0, 0, 0, 0, 0, 0, 0, 0, 0, 0, 0, 0, 1, 0, 0, 0, 0, 0, 0], [0, 0, 0, 0, 0, 0, 0, 0, 0, 0, 0, 0, 0, 0, 0, 0, 1, 0, 0, 0, 0, 0], [0, 0, 0, 0, 0, 0, 0, 0, 0, 0, 0, 0, 0, 0, 0, 0, 0, 1, 0, 0, 0, 0], [0, 0, 0, 0, 0, 0, 0, 0, 0, 0, 0, 0, 0, 0, 0, 0, 0, 0, 1, 0, 0, 0], [0, 0, 0, 0, 0, 0, 0, 0, 0, 0, 0, 0, 0, 0, 0, 0, 0, 0, 0, 1, 0, 0], [0, 0, 0, 0, 0, 0, 0, 0, 0, 0, 0, 0, 0, 0, 0, 0, 0, 0, 0, 0, 1, 0], [0, 0, 0, 0, 0, 0, 0, 0, 0, 0, 0, 0, 0, 0, 0, 0, 0, 0, 0, 0, 0, 1]]
[[1, 0, 0, 0, 0, 0, 0, 0, 0, 0, 0, 0, 0, 0, 0, 0, 0, 0, 0, 0, 0, 0], [0, 1, 0, 0, 0, 0, 0, 0, 0, 0, 0, 0, 0, 0, 0, 0, 0, 0, 0, 0, 0, 0], [0, 0, 1, 0, 0, 0, 0, 0, 0, 0, 0, 0, 0, 0, 0, 0, 0, 0, 0, 0, 0, 0], [0, 0, 0, 1, 0, 0, 0, 0, 0, 0, 0, 0, 0, 0, 0, 0, 0, 0, 0, 0, 0, 0], [0, 0, 0, 0, 1, 0, 0, 0, 0, 0, 0, 0, 0, 0, 0, 0, 0, 0, 0, 0, 0, 0], [0, 0, 0, 0, 0, 1, 0, 0, 0, 0, 0, 0, 0, 0, 0, 0, 0, 0, 0, 0, 0, 0], [0, 0, 0, 0, 0, 0, 1, 0, 0, 0, 0, 0, 0, 0, 0, 0, 0, 0, 0, 0, 0, 0], [0, 0, 0, 0, 0, 0, 0, 1, 0, 0, 0, 0, 0, 0, 0, 0, 0, 0, 0, 0, 0, 0], [0, 0, 0, 0, 0, 0, 0, 0, 1, 0, 0, 0, 0, 0, 0, 0, 0, 0, 0, 0, 0, 0], [0, 0, 0, 0, 0, 0, 0, 0, 0, 1, 0, 0, 0, 0, 0, 0, 0, 0, 0, 0, 0, 0], [0, 0, 0, 0, 0, 0, 0, 0, 0, 0, 1, 0, 0, 0, 0, 0, 0, 0, 0, 0, 0, 0], [0, 0, 0, 0, 0, 0, 0, 0, 0, 0, 0, 1, 0, 0, 0, 0, 0, 0, 0, 0, 0, 0], [0, 0, 0, 0, 0, 0, 0, 0, 0, 0, 0, 0, 1, 0, 0, 0, 0, 0, 0, 0, 0, 0], [0, 0, 0, 0, 0, 0, 0, 0, 0, 0, 0, 0, 0, 1, 0, 0, 0, 0, 0, 0, 0, 0], [0, 0, 0, 0, 0, 0, 0, 0, 0, 0, 0, 0, 0, 0, 1, 0, 0, 0, 0, 0, 0, 0], [0, 0, 0, 0, 0, 0, 0, 0, 0, 0, 0, 0, 0, 0, 0, 1, 0, 0, 0, 0, 0, 0], [0, 0, 0, 0, 0, 0, 0, 0, 0, 0, 0, 0, 0, 0, 0, 0, 1, 0, 0, 0, 0, 0], [0, 0, 0, 0, 0, 0, 0, 0, 0, 0, 0, 0, 0, 0, 0, 0, 0, 1, 0, 0, 0, 0], [0, 0, 0, 0, 0, 0, 0, 0, 0, 0, 0, 0, 0, 0, 0, 0, 0, 0, 1, 0, 0, 0], [0, 0, 0, 0, 0, 0, 0, 0, 0, 0, 0, 0, 0, 0, 0, 0, 0, 0, 0, 1, 0, 0], [0, 0, 0, 0, 0, 0, 0, 0, 0, 0, 0, 0, 0, 0, 0, 0, 0, 0, 0, 0, 1, 0], [0, 0, 0, 0, 0, 0, 0, 0, 0, 0, 0, 0, 0, 0, 0, 0, 0, 0, 0, 0, 0, 1]]
[[1, 0, 0, 0, 0, 0, 0, 0, 0, 0, 0, 0, 0, 0, 0, 0, 0, 0, 0, 0, 0, 0], [0, 1, 0, 0, 0, 0, 0, 0, 0, 0, 0, 0, 0, 0, 0, 0, 0, 0, 0, 0, 0, 0], [0, 0, 1, 0, 0, 0, 0, 0, 0, 0, 0, 0, 0, 0, 0, 0, 0, 0, 0, 0, 0, 0], [0, 0, 0, 1, 0, 0, 0, 0, 0, 0, 0, 0, 0, 0, 0, 0, 0, 0, 0, 0, 0, 0], [0, 0, 0, 0, 1, 0, 0, 0, 0, 0, 0, 0, 0, 0, 0, 0, 0, 0, 0, 0, 0, 0], [0, 0, 0, 0, 0, 1, 0, 0, 0, 0, 0, 0, 0, 0, 0, 0, 0, 0, 0, 0, 0, 0], [0, 0, 0, 0, 0, 0, 1, 0, 0, 0, 0, 0, 0, 0, 0, 0, 0, 0, 0, 0, 0, 0], [0, 0, 0, 0, 0, 0, 0, 1, 0, 0, 0, 0, 0, 0, 0, 0, 0, 0, 0, 0, 0, 0], [0, 0, 0, 0, 0, 0, 0, 0, 1, 0, 0, 0, 0, 0, 0, 0, 0, 0, 0, 0, 0, 0], [0, 0, 0, 0, 0, 0, 0, 0, 0, 1, 0, 0, 0, 0, 0, 0, 0, 0, 0, 0, 0, 0], [0, 0, 0, 0, 0, 0, 0, 0, 0, 0, 1, 0, 0, 0, 0, 0, 0, 0, 0, 0, 0, 0], [0, 0, 0, 0, 0, 0, 0, 0, 0, 0, 0, 1, 0, 0, 0, 0, 0, 0, 0, 0, 0, 0], [0, 0, 0, 0, 0, 0, 0, 0, 0, 0, 0, 0, 1, 0, 0, 0, 0, 0, 0, 0, 0, 0], [0, 0, 0, 0, 0, 0, 0, 0, 0, 0, 0, 0, 0, 1, 0, 0, 0, 0, 0, 0, 0, 0], [0, 0, 0, 0, 0, 0, 0, 0, 0, 0, 0, 0, 0, 0, 1, 0, 0, 0, 0, 0, 0, 0], [0, 0, 0, 0, 0, 0, 0, 0, 0, 0, 0, 0, 0, 0, 0, 1, 0, 0, 0, 0, 0, 0], [0, 0, 0, 0, 0, 0, 0, 0, 0, 0, 0, 0, 0, 0, 0, 0, 1, 0, 0, 0, 0, 0], [0, 0, 0, 0, 0, 0, 0, 0, 0, 0, 0, 0, 0, 0, 0, 0, 0, 1, 0, 0, 0, 0], [0, 0, 0, 0, 0, 0, 0, 0, 0, 0, 0, 0, 0, 0, 0, 0, 0, 0, 1, 0, 0, 0], [0, 0, 0, 0, 0, 0, 0, 0, 0, 0, 0, 0, 0, 0, 0, 0, 0, 0, 0, 1, 0, 0], [0, 0, 0, 0, 0, 0, 0, 0, 0, 0, 0, 0, 0, 0, 0, 0, 0, 0, 0, 0, 1, 0], [0, 0, 0, 0, 0, 0, 0, 0, 0, 0, 0, 0, 0, 0, 0, 0, 0, 0, 0, 0, 0, 1]]
[[1, 0, 0, 0, 0, 0, 0, 0, 0, 0, 0, 0, 0, 0, 0, 0, 0, 0, 0, 0, 0, 0], [0, 1, 0, 0, 0, 0, 0, 0, 0, 0, 0, 0, 0, 0, 0, 0, 0, 0, 0, 0, 0, 0], [0, 0, 1, 0, 0, 0, 0, 0, 0, 0, 0, 0, 0, 0, 0, 0, 0, 0, 0, 0, 0, 0], [0, 0, 0, 1, 0, 0, 0, 0, 0, 0, 0, 0, 0, 0, 0, 0, 0, 0, 0, 0, 0, 0], [0, 0, 0, 0, 1, 0, 0, 0, 0, 0, 0, 0, 0, 0, 0, 0, 0, 0, 0, 0, 0, 0], [0, 0, 0, 0, 0, 1, 0, 0, 0, 0, 0, 0, 0, 0, 0, 0, 0, 0, 0, 0, 0, 0], [0, 0, 0, 0, 0, 0, 1, 0, 0, 0, 0, 0, 0, 0, 0, 0, 0, 0, 0, 0, 0, 0], [0, 0, 0, 0, 0, 0, 0, 1, 0, 0, 0, 0, 0, 0, 0, 0, 0, 0, 0, 0, 0, 0], [0, 0, 0, 0, 0, 0, 0, 0, 1, 0, 0, 0, 0, 0, 0, 0, 0, 0, 0, 0, 0, 0], [0, 0, 0, 0, 0, 0, 0, 0, 0, 1, 0, 0, 0, 0, 0, 0, 0, 0, 0, 0, 0, 0], [0, 0, 0, 0, 0, 0, 0, 0, 0, 0, 1, 0, 0, 0, 0, 0, 0, 0, 0, 0, 0, 0], [0, 0, 0, 0, 0, 0, 0, 0, 0, 0, 0, 1, 0, 0, 0, 0, 0, 0, 0, 0, 0, 0], [0, 0, 0, 0, 0, 0, 0, 0, 0, 0, 0, 0, 1, 0, 0, 0, 0, 0, 0, 0, 0, 0], [0, 0, 0, 0, 0, 0, 0, 0, 0, 0, 0, 0, 0, 1, 0, 0, 0, 0, 0, 0, 0, 0], [0, 0, 0, 0, 0, 0, 0, 0, 0, 0, 0, 0, 0, 0, 1, 0, 0, 0, 0, 0, 0, 0], [0, 0, 0, 0, 0, 0, 0, 0, 0, 0, 0, 0, 0, 0, 0, 1, 0, 0, 0, 0, 0, 0], [0, 0, 0, 0, 0, 0, 0, 0, 0, 0, 0, 0, 0, 0, 0, 0, 1, 0, 0, 0, 0, 0], [0, 0, 0, 0, 0, 0, 0, 0, 0, 0, 0, 0, 0, 0, 0, 0, 0, 1, 0, 0, 0, 0], [0, 0, 0, 0, 0, 0, 0, 0, 0, 0, 0, 0, 0, 0, 0, 0, 0, 0, 1, 0, 0, 0], [0, 0, 0, 0, 0, 0, 0, 0, 0, 0, 0, 0, 0, 0, 0, 0, 0, 0, 0, 1, 0, 0], [0, 0, 0, 0, 0, 0, 0, 0, 0, 0, 0, 0, 0, 0, 0, 0, 0, 0, 0, 0, 1, 0], [0, 0, 0, 0, 0, 0, 0, 0, 0, 0, 0, 0, 0, 0, 0, 0, 0, 0, 0, 0, 0, 1]]
[[1, 0, 0, 0, 0, 0, 0, 0, 0, 0, 0, 0, 0, 0, 0, 0, 0, 0, 0, 0, 0, 0], [0, 1, 0, 0, 0, 0, 0, 0, 0, 0, 0, 0, 0, 0, 0, 0, 0, 0, 0, 0, 0, 0], [0, 0, 1, 0, 0, 0, 0, 0, 0, 0, 0, 0, 0, 0, 0, 0, 0, 0, 0, 0, 0, 0], [0, 0, 0, 1, 0, 0, 0, 0, 0, 0, 0, 0, 0, 0, 0, 0, 0, 0, 0, 0, 0, 0], [0, 0, 0, 0, 1, 0, 0, 0, 0, 0, 0, 0, 0, 0, 0, 0, 0, 0, 0, 0, 0, 0], [0, 0, 0, 0, 0, 1, 0, 0, 0, 0, 0, 0, 0, 0, 0, 0, 0, 0, 0, 0, 0, 0], [0, 0, 0, 0, 0, 0, 1, 0, 0, 0, 0, 0, 0, 0, 0, 0, 0, 0, 0, 0, 0, 0], [0, 0, 0, 0, 0, 0, 0, 1, 0, 0, 0, 0, 0, 0, 0, 0, 0, 0, 0, 0, 0, 0], [0, 0, 0, 0, 0, 0, 0, 0, 1, 0, 0, 0, 0, 0, 0, 0, 0, 0, 0, 0, 0, 0], [0, 0, 0, 0, 0, 0, 0, 0, 0, 1, 0, 0, 0, 0, 0, 0, 0, 0, 0, 0, 0, 0], [0, 0, 0, 0, 0, 0, 0, 0, 0, 0, 1, 0, 0, 0, 0, 0, 0, 0, 0, 0, 0, 0], [0, 0, 0, 0, 0, 0, 0, 0, 0, 0, 0, 1, 0, 0, 0, 0, 0, 0, 0, 0, 0, 0], [0, 0, 0, 0, 0, 0, 0, 0, 0, 0, 0, 0, 1, 0, 0, 0, 0, 0, 0, 0, 0, 0], [0, 0, 0, 0, 0, 0, 0, 0, 0, 0, 0, 0, 0, 1, 0, 0, 0, 0, 0, 0, 0, 0], [0, 0, 0, 0, 0, 0, 0, 0, 0, 0, 0, 0, 0, 0, 1, 0, 0, 0, 0, 0, 0, 0], [0, 0, 0, 0, 0, 0, 0, 0, 0, 0, 0, 0, 0, 0, 0, 1, 0, 0, 0, 0, 0, 0], [0, 0, 0, 0, 0, 0, 0, 0, 0, 0, 0, 0, 0, 0, 0, 0, 1, 0, 0, 0, 0, 0], [0, 0, 0, 0, 0, 0, 0, 0, 0, 0, 0, 0, 0, 0, 0, 0, 0, 1, 0, 0, 0, 0], [0, 0, 0, 0, 0, 0, 0, 0, 0, 0, 0, 0, 0, 0, 0, 0, 0, 0, 1, 0, 0, 0], [0, 0, 0, 0, 0, 0, 0, 0, 0, 0, 0, 0, 0, 0, 0, 0, 0, 0, 0, 1, 0, 0], [0, 0, 0, 0, 0, 0, 0, 0, 0, 0, 0, 0, 0, 0, 0, 0, 0, 0, 0, 0, 1, 0], [0, 0, 0, 0, 0, 0, 0, 0, 0, 0, 0, 0, 0, 0, 0, 0, 0, 0, 0, 0, 0, 1]]
[[1, 0, 0, 0, 0, 0, 0, 0, 0, 0, 0, 0, 0, 0, 0, 0, 0, 0, 0, 0, 0, 0], [0, 1, 0, 0, 0, 0, 0, 0, 0, 0, 0, 0, 0, 0, 0, 0, 0, 0, 0, 0, 0, 0], [0, 0, 1, 0, 0, 0, 0, 0, 0, 0, 0, 0, 0, 0, 0, 0, 0, 0, 0, 0, 0, 0], [0, 0, 0, 1, 0, 0, 0, 0, 0, 0, 0, 0, 0, 0, 0, 0, 0, 0, 0, 0, 0, 0], [0, 0, 0, 0, 1, 0, 0, 0, 0, 0, 0, 0, 0, 0, 0, 0, 0, 0, 0, 0, 0, 0], [0, 0, 0, 0, 0, 1, 0, 0, 0, 0, 0, 0, 0, 0, 0, 0, 0, 0, 0, 0, 0, 0], [0, 0, 0, 0, 0, 0, 1, 0, 0, 0, 0, 0, 0, 0, 0, 0, 0, 0, 0, 0, 0, 0], [0, 0, 0, 0, 0, 0, 0, 1, 0, 0, 0, 0, 0, 0, 0, 0, 0, 0, 0, 0, 0, 0], [0, 0, 0, 0, 0, 0, 0, 0, 1, 0, 0, 0, 0, 0, 0, 0, 0, 0, 0, 0, 0, 0], [0, 0, 0, 0, 0, 0, 0, 0, 0, 1, 0, 0, 0, 0, 0, 0, 0, 0, 0, 0, 0, 0], [0, 0, 0, 0, 0, 0, 0, 0, 0, 0, 1, 0, 0, 0, 0, 0, 0, 0, 0, 0, 0, 0], [0, 0, 0, 0, 0, 0, 0, 0, 0, 0, 0, 1, 0, 0, 0, 0, 0, 0, 0, 0, 0, 0], [0, 0, 0, 0, 0, 0, 0, 0, 0, 0, 0, 0, 1, 0, 0, 0, 0, 0, 0, 0, 0, 0], [0, 0, 0, 0, 0, 0, 0, 0, 0, 0, 0, 0, 0, 1, 0, 0, 0, 0, 0, 0, 0, 0], [0, 0, 0, 0, 0, 0, 0, 0, 0, 0, 0, 0, 0, 0, 1, 0, 0, 0, 0, 0, 0, 0], [0, 0, 0, 0, 0, 0, 0, 0, 0, 0, 0, 0, 0, 0, 0, 1, 0, 0, 0, 0, 0, 0], [0, 0, 0, 0, 0, 0, 0, 0, 0, 0, 0, 0, 0, 0, 0, 0, 1, 0, 0, 0, 0, 0], [0, 0, 0, 0, 0, 0, 0, 0, 0, 0, 0, 0, 0, 0, 0, 0, 0, 1, 0, 0, 0, 0], [0, 0, 0, 0, 0, 0, 0, 0, 0, 0, 0, 0, 0, 0, 0, 0, 0, 0, 1, 0, 0, 0], [0, 0, 0, 0, 0, 0, 0, 0, 0, 0, 0, 0, 0, 0, 0, 0, 0, 0, 0, 1, 0, 0], [0, 0, 0, 0, 0, 0, 0, 0, 0, 0, 0, 0, 0, 0, 0, 0, 0, 0, 0, 0, 1, 0], [0, 0, 0, 0, 0, 0, 0, 0, 0, 0, 0, 0, 0, 0, 0, 0, 0, 0, 0, 0, 0, 1]]
[[1, 0, 0, 0, 0, 0, 0, 0, 0, 0, 0, 0, 0, 0, 0, 0, 0, 0, 0, 0, 0, 0], [0, 1, 0, 0, 0, 0, 0, 0, 0, 0, 0, 0, 0, 0, 0, 0, 0, 0, 0, 0, 0, 0], [0, 0, 1, 0, 0, 0, 0, 0, 0, 0, 0, 0, 0, 0, 0, 0, 0, 0, 0, 0, 0, 0], [0, 0, 0, 1, 0, 0, 0, 0, 0, 0, 0, 0, 0, 0, 0, 0, 0, 0, 0, 0, 0, 0], [0, 0, 0, 0, 1, 0, 0, 0, 0, 0, 0, 0, 0, 0, 0, 0, 0, 0, 0, 0, 0, 0], [0, 0, 0, 0, 0, 1, 0, 0, 0, 0, 0, 0, 0, 0, 0, 0, 0, 0, 0, 0, 0, 0], [0, 0, 0, 0, 0, 0, 1, 0, 0, 0, 0, 0, 0, 0, 0, 0, 0, 0, 0, 0, 0, 0], [0, 0, 0, 0, 0, 0, 0, 1, 0, 0, 0, 0, 0, 0, 0, 0, 0, 0, 0, 0, 0, 0], [0, 0, 0, 0, 0, 0, 0, 0, 1, 0, 0, 0, 0, 0, 0, 0, 0, 0, 0, 0, 0, 0], [0, 0, 0, 0, 0, 0, 0, 0, 0, 1, 0, 0, 0, 0, 0, 0, 0, 0, 0, 0, 0, 0], [0, 0, 0, 0, 0, 0, 0, 0, 0, 0, 1, 0, 0, 0, 0, 0, 0, 0, 0, 0, 0, 0], [0, 0, 0, 0, 0, 0, 0, 0, 0, 0, 0, 1, 0, 0, 0, 0, 0, 0, 0, 0, 0, 0], [0, 0, 0, 0, 0, 0, 0, 0, 0, 0, 0, 0, 1, 0, 0, 0, 0, 0, 0, 0, 0, 0], [0, 0, 0, 0, 0, 0, 0, 0, 0, 0, 0, 0, 0, 1, 0, 0, 0, 0, 0, 0, 0, 0], [0, 0, 0, 0, 0, 0, 0, 0, 0, 0, 0, 0, 0, 0, 1, 0, 0, 0, 0, 0, 0, 0], [0, 0, 0, 0, 0, 0, 0, 0, 0, 0, 0, 0, 0, 0, 0, 1, 0, 0, 0, 0, 0, 0], [0, 0, 0, 0, 0, 0, 0, 0, 0, 0, 0, 0, 0, 0, 0, 0, 1, 0, 0, 0, 0, 0], [0, 0, 0, 0, 0, 0, 0, 0, 0, 0, 0, 0, 0, 0, 0, 0, 0, 1, 0, 0, 0, 0], [0, 0, 0, 0, 0, 0, 0, 0, 0, 0, 0, 0, 0, 0, 0, 0, 0, 0, 1, 0, 0, 0], [0, 0, 0, 0, 0, 0, 0, 0, 0, 0, 0, 0, 0, 0, 0, 0, 0, 0, 0, 1, 0, 0], [0, 0, 0, 0, 0, 0, 0, 0, 0, 0, 0, 0, 0, 0, 0, 0, 0, 0, 0, 0, 1, 0], [0, 0, 0, 0, 0, 0, 0, 0, 0, 0, 0, 0, 0, 0, 0, 0, 0, 0, 0, 0, 0, 1]]
[[1, 0, 0, 0, 0, 0, 0, 0, 0, 0, 0, 0, 0, 0, 0, 0, 0, 0, 0, 0, 0, 0], [0, 1, 0, 0, 0, 0, 0, 0, 0, 0, 0, 0, 0, 0, 0, 0, 0, 0, 0, 0, 0, 0], [0, 0, 1, 0, 0, 0, 0, 0, 0, 0, 0, 0, 0, 0, 0, 0, 0, 0, 0, 0, 0, 0], [0, 0, 0, 1, 0, 0, 0, 0, 0, 0, 0, 0, 0, 0, 0, 0, 0, 0, 0, 0, 0, 0], [0, 0, 0, 0, 1, 0, 0, 0, 0, 0, 0, 0, 0, 0, 0, 0, 0, 0, 0, 0, 0, 0], [0, 0, 0, 0, 0, 1, 0, 0, 0, 0, 0, 0, 0, 0, 0, 0, 0, 0, 0, 0, 0, 0], [0, 0, 0, 0, 0, 0, 1, 0, 0, 0, 0, 0, 0, 0, 0, 0, 0, 0, 0, 0, 0, 0], [0, 0, 0, 0, 0, 0, 0, 1, 0, 0, 0, 0, 0, 0, 0, 0, 0, 0, 0, 0, 0, 0], [0, 0, 0, 0, 0, 0, 0, 0, 1, 0, 0, 0, 0, 0, 0, 0, 0, 0, 0, 0, 0, 0], [0, 0, 0, 0, 0, 0, 0, 0, 0, 1, 0, 0, 0, 0, 0, 0, 0, 0, 0, 0, 0, 0], [0, 0, 0, 0, 0, 0, 0, 0, 0, 0, 1, 0, 0, 0, 0, 0, 0, 0, 0, 0, 0, 0], [0, 0, 0, 0, 0, 0, 0, 0, 0, 0, 0, 1, 0, 0, 0, 0, 0, 0, 0, 0, 0, 0], [0, 0, 0, 0, 0, 0, 0, 0, 0, 0, 0, 0, 1, 0, 0, 0, 0, 0, 0, 0, 0, 0], [0, 0, 0, 0, 0, 0, 0, 0, 0, 0, 0, 0, 0, 1, 0, 0, 0, 0, 0, 0, 0, 0], [0, 0, 0, 0, 0, 0, 0, 0, 0, 0, 0, 0, 0, 0, 1, 0, 0, 0, 0, 0, 0, 0], [0, 0, 0, 0, 0, 0, 0, 0, 0, 0, 0, 0, 0, 0, 0, 1, 0, 0, 0, 0, 0, 0], [0, 0, 0, 0, 0, 0, 0, 0, 0, 0, 0, 0, 0, 0, 0, 0, 1, 0, 0, 0, 0, 0], [0, 0, 0, 0, 0, 0, 0, 0, 0, 0, 0, 0, 0, 0, 0, 0, 0, 1, 0, 0, 0, 0], [0, 0, 0, 0, 0, 0, 0, 0, 0, 0, 0, 0, 0, 0, 0, 0, 0, 0, 1, 0, 0, 0], [0, 0, 0, 0, 0, 0, 0, 0, 0, 0, 0, 0, 0, 0, 0, 0, 0, 0, 0, 1, 0, 0], [0, 0, 0, 0, 0, 0, 0, 0, 0, 0, 0, 0, 0, 0, 0, 0, 0, 0, 0, 0, 1, 0], [0, 0, 0, 0, 0, 0, 0, 0, 0, 0, 0, 0, 0, 0, 0, 0, 0, 0, 0, 0, 0, 1]]
[[1, 0, 0, 0, 0, 0, 0, 0, 0, 0, 0, 0, 0, 0, 0, 0, 0, 0, 0, 0, 0, 0], [0, 1, 0, 0, 0, 0, 0, 0, 0, 0, 0, 0, 0, 0, 0, 0, 0, 0, 0, 0, 0, 0], [0, 0, 1, 0, 0, 0, 0, 0, 0, 0, 0, 0, 0, 0, 0, 0, 0, 0, 0, 0, 0, 0], [0, 0, 0, 1, 0, 0, 0, 0, 0, 0, 0, 0, 0, 0, 0, 0, 0, 0, 0, 0, 0, 0], [0, 0, 0, 0, 1, 0, 0, 0, 0, 0, 0, 0, 0, 0, 0, 0, 0, 0, 0, 0, 0, 0], [0, 0, 0, 0, 0, 1, 0, 0, 0, 0, 0, 0, 0, 0, 0, 0, 0, 0, 0, 0, 0, 0], [0, 0, 0, 0, 0, 0, 1, 0, 0, 0, 0, 0, 0, 0, 0, 0, 0, 0, 0, 0, 0, 0], [0, 0, 0, 0, 0, 0, 0, 1, 0, 0, 0, 0, 0, 0, 0, 0, 0, 0, 0, 0, 0, 0], [0, 0, 0, 0, 0, 0, 0, 0, 1, 0, 0, 0, 0, 0, 0, 0, 0, 0, 0, 0, 0, 0], [0, 0, 0, 0, 0, 0, 0, 0, 0, 1, 0, 0, 0, 0, 0, 0, 0, 0, 0, 0, 0, 0], [0, 0, 0, 0, 0, 0, 0, 0, 0, 0, 1, 0, 0, 0, 0, 0, 0, 0, 0, 0, 0, 0], [0, 0, 0, 0, 0, 0, 0, 0, 0, 0, 0, 1, 0, 0, 0, 0, 0, 0, 0, 0, 0, 0], [0, 0, 0, 0, 0, 0, 0, 0, 0, 0, 0, 0, 1, 0, 0, 0, 0, 0, 0, 0, 0, 0], [0, 0, 0, 0, 0, 0, 0, 0, 0, 0, 0, 0, 0, 1, 0, 0, 0, 0, 0, 0, 0, 0], [0, 0, 0, 0, 0, 0, 0, 0, 0, 0, 0, 0, 0, 0, 1, 0, 0, 0, 0, 0, 0, 0], [0, 0, 0, 0, 0, 0, 0, 0, 0, 0, 0, 0, 0, 0, 0, 1, 0, 0, 0, 0, 0, 0], [0, 0, 0, 0, 0, 0, 0, 0, 0, 0, 0, 0, 0, 0, 0, 0, 1, 0, 0, 0, 0, 0], [0, 0, 0, 0, 0, 0, 0, 0, 0, 0, 0, 0, 0, 0, 0, 0, 0, 1, 0, 0, 0, 0], [0, 0, 0, 0, 0, 0, 0, 0, 0, 0, 0, 0, 0, 0, 0, 0, 0, 0, 1, 0, 0, 0], [0, 0, 0, 0, 0, 0, 0, 0, 0, 0, 0, 0, 0, 0, 0, 0, 0, 0, 0, 1, 0, 0], [0, 0, 0, 0, 0, 0, 0, 0, 0, 0, 0, 0, 0, 0, 0, 0, 0, 0, 0, 0, 1, 0], [0, 0, 0, 0, 0, 0, 0, 0, 0, 0, 0, 0, 0, 0, 0, 0, 0, 0, 0, 0, 0, 1]]
[[-8, -2, -3, -1, -1, -2, -4, 5, 4, -7, 0, -3, 1, -8, -5, -5, -9, -3, 2, -3, 5, 5], [1, 2, 1, 0, -3, 1, 0, -3, 2, 0, 0, -2, -1, 1, -1, 1, 1, 3, 0, -3, 1, 2], [-4, -1, -1, -1, -1, -1, -2, 2, 2, -4, 0, -2, 0, -4, -2, -2, -4, -1, 1, -2, 3, 3], [-1, -1, -1, 0, 1, 0, -1, 2, 0, -1, 0, 1, 0, -1, 0, -1, -1, -1, 0, 1, 0, 0], [6, 3, 3, 0, -1, 2, 2, -5, -2, 5, -1, 2, -2, 7, 4, 5, 8, 4, -1, 1, -3, -2], [12, 5, 5, 2, -1, 3, 6, -10, -4, 10, 0, 3, -2, 12, 7, 8, 13, 6, -3, 2, -7, -6], [4, 1, 1, 1, 1, 0, 3, -3, -3, 4, 0, 2, 0, 4, 3, 3, 4, 1, -1, 2, -3, -3], [-5, -2, -3, -1, 1, -1, -3, 5, 2, -4, 1, -1, 1, -6, -3, -4, -6, -3, 1, -1, 2, 2], [1, -2, -1, 0, 3, 0, 0, 2, -2, 1, 0, 2, 1, 0, 1, 0, 0, -2, 0, 3, -1, -2], [6, 1, 1, 1, 2, 1, 3, -3, -3, 5, 0, 3, 0, 5, 4, 3, 6, 1, -2, 3, -4, -4], [-5, -3, -1, -1, 1, -1, -2, 5, 1, -4, 0, -1, 1, -5, -2, -3, -5, -3, 1, 0, 2, 1], [-3, -1, -2, 0, 0, -2, 0, 2, 1, -3, 0, -2, 1, -4, -2, -2, -5, -2, 1, -1, 2, 2], [-7, -3, -3, -2, 0, -2, -3, 6, 3, -6, 1, -3, 1, -8, -5, -5, -9, -4, 2, -2, 4, 3], [1, -1, 0, -1, 1, 1, -1, 1, -1, 1, 0, 1, 0, 0, 1, 0, 1, -1, 0, 1, -2, -2], [4, 0, 1, 1, 1, 1, 2, -2, -2, 3, 0, 2, 0, 3, 2, 2, 3, 0, -1, 2, -3, -3], [0, 0, 0, -1, 1, 1, -1, 2, 1, 0, 1, 0, 0, -1, 0, -1, 0, 0, 0, 0, 0, 0], [-5, -3, -2, -1, 2, -2, -2, 5, 0, -3, 0, 0, 1, -4, -2, -3, -5, -3, 1, 1, 2, 1], [-3, 1, -1, 1, -2, -1, 0, 0, 2, -3, 0, -2, 0, -2, -3, -1, -3, 0, 1, -2, 3, 3], [-3, -3, -2, 0, 2, -2, 0, 3, -1, -3, -1, 1, 1, -2, -1, -1, -4, -3, 1, 2, 1, 0], [-1, 0, 1, 1, -1, 0, 0, -1, 1, -1, 0, -1, 0, 0, -1, 0, 0, 1, 0, -1, 2, 1], [4, 2, 1, 1, -1, 1, 2, -4, 0, 3, 0, 0, 0, 3, 1, 2, 3, 2, -1, 0, -2, -1], [-2, -2, 0, -1, 2, -1, -1, 3, -1, -1, 0, 1, 0, -2, 1, -1, -1, -2, 0, 1, 0, -1]]
[[-2, 0, -2, -1, 0, -2, -1, 2, 1, -2, 0, 0, -1, -3, -1, -2, -4, -2, 0, -1, 1, 2], [0, -1, 2, -1, 1, 1, -1, 0, 1, 0, 0, 1, -1, 1, -1, 0, 2, 1, 0, 0, 1, 0], [-2, -1, 0, -1, 1, -1, -1, 2, 0, -2, -1, 1, -1, -1, 0, -1, -1, -1, 0, 0, 1, 1], [0, 1, -1, 1, -1, 0, 0, 0, 1, 0, 1, -1, 0, -1, -1, -1, -2, 0, 0, -1, 0, 1], [2, -1, 3, 0, 1, 2, 0, -2, 0, 2, 0, 1, 0, 3, 0, 2, 4, 2, 0, 1, -1, -2], [3, -1, 4, 1, 1, 3, 1, -3, -1, 3, 0, 1, 1, 4, 1, 3, 6, 2, 0, 2, -1, -3], [1, 1, 0, 1, 0, 0, 2, -1, -1, 1, 0, 0, 1, 1, 1, 1, 1, 0, 0, 1, -1, -1], [-1, 1, -2, 0, 0, -1, 0, 2, 0, -1, 0, 0, 0, -1, 0, -1, -2, -1, 0, 0, 0, 1], [1, 2, -2, 1, -1, 0, 1, 0, 0, 0, 0, -1, 1, 0, 1, 0, -1, 0, 0, 0, -1, 0], [2, 1, 0, 1, 0, 1, 1, -1, -1, 2, 0, 0, 1, 2, 1, 1, 2, 1, 0, 1, -1, -1], [-2, -1, -1, -1, 0, -1, -1, 2, -1, -2, -1, 1, -1, -1, 1, 0, -1, -1, 0, 0, 0, 0], [-1, 0, -1, 0, 0, -1, 0, 1, 0, -1, 0, 0, 0, -2, 0, -1, -2, -1, 0, -1, 1, 1], [-2, -1, -1, -1, 0, -1, -1, 2, 0, -2, -1, 0, 0, -2, 0, -1, -2, -1, 0, -1, 1, 1], [0, 0, 0, 0, -1, 0, 0, 0, -1, 0, -1, 0, 0, 1, 1, 1, 0, 0, 0, 0, -1, -1], [0, 0, 0, 0, 0, 0, 0, 0, -1, 0, -1, 1, 0, 1, 2, 1, 1, 0, 0, 1, -1, -1], [1, 0, 0, 0, 0, 1, 0, 0, 0, 0, 0, 0, 0, 1, 0, 1, 1, 1, 0, 0, 0, 0], [-1, 2, -3, 0, -2, -1, 0, 1, 1, -1, 1, -2, 0, -3, -1, -2, -4, -1, 0, -2, 0, 2], [-1, -1, 1, 0, 2, -1, 0, 0, 0, 0, 0, 1, 0, 0, 0, 0, 1, 0, 0, 1, 1, 0], [-1, 1, -2, 0, 0, -1, 0, 1, 0, -1, 0, 0, 0, -1, 0, -1, -2, -1, 1, 0, 0, 1], [0, -1, 1, 0, 1, 0, 0, 0, 0, 0, 0, 0, 0, 0, 0, 0, 1, 0, 0, 1, 1, 0], [1, 0, 1, 0, 0, 1, 0, -1, 0, 1, 0, 1, 0, 2, 0, 1, 2, 1, 0, 1, 0, -1], [-1, 0, -1, 0, -1, -1, 0, 1, -1, -1, -1, -1, 0, -2, 1, 0, -2, -1, 0, -1, 0, 1]]
[[1, 0, 0, 0, 0, 0, 0, 0, 0, 0, 0, 0, 0, 0, 0, 0, 0, 0, 0, 0, 0, 0], [0, 1, 0, 0, 0, 0, 0, 0, 0, 0, 0, 0, 0, 0, 0, 0, 0, 0, 0, 0, 0, 0], [0, 0, 1, 0, 0, 0, 0, 0, 0, 0, 0, 0, 0, 0, 0, 0, 0, 0, 0, 0, 0, 0], [0, 0, 0, 1, 0, 0, 0, 0, 0, 0, 0, 0, 0, 0, 0, 0, 0, 0, 0, 0, 0, 0], [0, 0, 0, 0, 1, 0, 0, 0, 0, 0, 0, 0, 0, 0, 0, 0, 0, 0, 0, 0, 0, 0], [0, 0, 0, 0, 0, 1, 0, 0, 0, 0, 0, 0, 0, 0, 0, 0, 0, 0, 0, 0, 0, 0], [0, 0, 0, 0, 0, 0, 1, 0, 0, 0, 0, 0, 0, 0, 0, 0, 0, 0, 0, 0, 0, 0], [0, 0, 0, 0, 0, 0, 0, 1, 0, 0, 0, 0, 0, 0, 0, 0, 0, 0, 0, 0, 0, 0], [0, 0, 0, 0, 0, 0, 0, 0, 1, 0, 0, 0, 0, 0, 0, 0, 0, 0, 0, 0, 0, 0], [0, 0, 0, 0, 0, 0, 0, 0, 0, 1, 0, 0, 0, 0, 0, 0, 0, 0, 0, 0, 0, 0], [0, 0, 0, 0, 0, 0, 0, 0, 0, 0, 1, 0, 0, 0, 0, 0, 0, 0, 0, 0, 0, 0], [0, 0, 0, 0, 0, 0, 0, 0, 0, 0, 0, 1, 0, 0, 0, 0, 0, 0, 0, 0, 0, 0], [0, 0, 0, 0, 0, 0, 0, 0, 0, 0, 0, 0, 1, 0, 0, 0, 0, 0, 0, 0, 0, 0], [0, 0, 0, 0, 0, 0, 0, 0, 0, 0, 0, 0, 0, 1, 0, 0, 0, 0, 0, 0, 0, 0], [0, 0, 0, 0, 0, 0, 0, 0, 0, 0, 0, 0, 0, 0, 1, 0, 0, 0, 0, 0, 0, 0], [0, 0, 0, 0, 0, 0, 0, 0, 0, 0, 0, 0, 0, 0, 0, 1, 0, 0, 0, 0, 0, 0], [0, 0, 0, 0, 0, 0, 0, 0, 0, 0, 0, 0, 0, 0, 0, 0, 1, 0, 0, 0, 0, 0], [0, 0, 0, 0, 0, 0, 0, 0, 0, 0, 0, 0, 0, 0, 0, 0, 0, 1, 0, 0, 0, 0], [0, 0, 0, 0, 0, 0, 0, 0, 0, 0, 0, 0, 0, 0, 0, 0, 0, 0, 1, 0, 0, 0], [0, 0, 0, 0, 0, 0, 0, 0, 0, 0, 0, 0, 0, 0, 0, 0, 0, 0, 0, 1, 0, 0], [0, 0, 0, 0, 0, 0, 0, 0, 0, 0, 0, 0, 0, 0, 0, 0, 0, 0, 0, 0, 1, 0], [0, 0, 0, 0, 0, 0, 0, 0, 0, 0, 0, 0, 0, 0, 0, 0, 0, 0, 0, 0, 0, 1]]
[[1, 1, -1, -1, 1, -1, 1, 1, -1, 1, 0, 1, -1, 0, 1, 0, -1, -1, 0, 0, -2, 0], [1, 1, 0, -1, -3, 2, -2, -1, 3, 0, 1, -2, -1, -1, -3, -1, -1, 2, 0, -3, 2, 2], [2, 3, -2, -1, -2, -1, 1, -1, 1, 2, 1, -1, -2, -2, 0, 0, -3, 0, -1, -3, 0, 2], [0, 1, -1, 0, 1, -1, 1, 1, -1, 1, 0, 1, -1, 0, 1, 0, -1, -1, 0, 0, -2, 0], [-1, -2, 2, 0, -2, 3, -4, -1, 3, -2, 0, -2, 1, 0, -4, -1, 1, 2, 1, -1, 3, 1], [0, 0, 0, 0, -2, 1, -1, -1, 1, 0, 0, 0, -1, -1, 0, 1, 0, 1, -1, -1, 1, 0], [-1, 0, 0, 1, 0, 0, 0, 0, 0, -1, 0, 0, 1, 0, 0, 0, 1, 0, 0, 1, 1, 0], [-1, -2, 2, 2, 2, 1, 0, 1, 0, -2, 0, 0, 3, 2, -1, -1, 2, 0, 1, 3, 1, -1], [-1, -1, 1, 2, 3, -1, 2, 1, -2, 0, 0, 1, 2, 2, 1, 0, 2, -1, 0, 3, -1, -2], [-1, -1, 1, 1, 2, 0, 0, 1, -1, 0, 0, 1, 1, 1, 1, 0, 2, 0, 0, 2, 0, -1], [1, 0, 0, 0, 0, -1, 2, -1, -1, 1, 0, 0, 0, 0, 1, 1, -1, -1, 0, 0, -1, -1], [0, 0, 0, 0, 1, 0, 0, 1, -1, 0, 0, 1, 0, 0, 1, 0, 1, 0, 0, 0, 0, 0], [0, -2, 2, 1, 1, 1, 0, 0, 0, -1, 0, 0, 2, 1, 0, 0, 2, 1, 0, 1, 1, -1], [0, 0, 0, 0, 1, -2, 2, 0, -2, 1, -1, 2, -1, 1, 3, 2, 0, -1, -1, 1, -2, -2], [0, 1, -1, 0, 0, -2, 2, 0, -2, 2, 0, 1, -1, 0, 2, 1, -1, -1, -1, 0, -2, -1], [0, -3, 3, 2, 1, 2, 0, -1, 1, -2, 0, -1, 3, 2, -2, 0, 2, 1, 1, 2, 2, -1], [1, 2, -2, 0, 2, -3, 4, 0, -2, 2, 0, 2, -1, 0, 3, 1, -1, -2, -1, 1, -3, -1], [-1, -1, 1, 0, -2, 3, -4, 0, 2, -2, 0, -3, 2, 0, -4, -2, 1, 2, 2, -1, 3, 2], [-1, 0, 0, 1, 1, 0, 0, 1, -1, 0, 1, 0, 1, 1, -1, -1, 1, 0, 1, 1, 0, 0], [1, 1, -1, -1, -1, 0, 0, 0, 0, 1, 0, -1, -1, -1, 0, 0, -1, 0, 0, -1, 0, 1], [-2, -2, 2, 0, 0, 2, -3, 1, 1, -2, 0, 0, 1, 1, -2, -1, 2, 1, 1, 1, 2, 0], [2, 2, -2, 0, 1, -4, 5, -1, -3, 3, -1, 2, -2, -1, 5, 3, -2, -2, -2, 0, -3, -1]]
[[1, 0, 0, 0, 0, 0, 0, 0, 0, 0, 0, 0, 0, 0, 0, 0, 0, 0, 0, 0, 0, 0], [0, 1, 0, 0, 0, 0, 0, 0, 0, 0, 0, 0, 0, 0, 0, 0, 0, 0, 0, 0, 0, 0], [0, 0, 1, 0, 0, 0, 0, 0, 0, 0, 0, 0, 0, 0, 0, 0, 0, 0, 0, 0, 0, 0], [0, 0, 0, 1, 0, 0, 0, 0, 0, 0, 0, 0, 0, 0, 0, 0, 0, 0, 0, 0, 0, 0], [0, 0, 0, 0, 1, 0, 0, 0, 0, 0, 0, 0, 0, 0, 0, 0, 0, 0, 0, 0, 0, 0], [0, 0, 0, 0, 0, 1, 0, 0, 0, 0, 0, 0, 0, 0, 0, 0, 0, 0, 0, 0, 0, 0], [0, 0, 0, 0, 0, 0, 1, 0, 0, 0, 0, 0, 0, 0, 0, 0, 0, 0, 0, 0, 0, 0], [0, 0, 0, 0, 0, 0, 0, 1, 0, 0, 0, 0, 0, 0, 0, 0, 0, 0, 0, 0, 0, 0], [0, 0, 0, 0, 0, 0, 0, 0, 1, 0, 0, 0, 0, 0, 0, 0, 0, 0, 0, 0, 0, 0], [0, 0, 0, 0, 0, 0, 0, 0, 0, 1, 0, 0, 0, 0, 0, 0, 0, 0, 0, 0, 0, 0], [0, 0, 0, 0, 0, 0, 0, 0, 0, 0, 1, 0, 0, 0, 0, 0, 0, 0, 0, 0, 0, 0], [0, 0, 0, 0, 0, 0, 0, 0, 0, 0, 0, 1, 0, 0, 0, 0, 0, 0, 0, 0, 0, 0], [0, 0, 0, 0, 0, 0, 0, 0, 0, 0, 0, 0, 1, 0, 0, 0, 0, 0, 0, 0, 0, 0], [0, 0, 0, 0, 0, 0, 0, 0, 0, 0, 0, 0, 0, 1, 0, 0, 0, 0, 0, 0, 0, 0], [0, 0, 0, 0, 0, 0, 0, 0, 0, 0, 0, 0, 0, 0, 1, 0, 0, 0, 0, 0, 0, 0], [0, 0, 0, 0, 0, 0, 0, 0, 0, 0, 0, 0, 0, 0, 0, 1, 0, 0, 0, 0, 0, 0], [0, 0, 0, 0, 0, 0, 0, 0, 0, 0, 0, 0, 0, 0, 0, 0, 1, 0, 0, 0, 0, 0], [0, 0, 0, 0, 0, 0, 0, 0, 0, 0, 0, 0, 0, 0, 0, 0, 0, 1, 0, 0, 0, 0], [0, 0, 0, 0, 0, 0, 0, 0, 0, 0, 0, 0, 0, 0, 0, 0, 0, 0, 1, 0, 0, 0], [0, 0, 0, 0, 0, 0, 0, 0, 0, 0, 0, 0, 0, 0, 0, 0, 0, 0, 0, 1, 0, 0], [0, 0, 0, 0, 0, 0, 0, 0, 0, 0, 0, 0, 0, 0, 0, 0, 0, 0, 0, 0, 1, 0], [0, 0, 0, 0, 0, 0, 0, 0, 0, 0, 0, 0, 0, 0, 0, 0, 0, 0, 0, 0, 0, 1]]
[[-1, 0, 0, 1, 0, 0, 0, 0, 1, -2, 0, 0, 1, -1, 0, -1, 0, 0, 0, 0, 1, 1], [-1, 1, 1, 0, -2, 1, 0, -1, 3, -1, 1, -2, 0, -1, -3, -2, -1, 1, 0, -3, 1, 1], [0, 1, 0, 0, 0, 0, 1, 0, 1, 0, 1, 0, 0, -1, 0, -1, 0, 0, -1, -1, 0, 0], [1, -1, -1, -1, 2, -1, 1, 1, -3, 1, -1, 3, -1, 2, 3, 2, 1, -1, 0, 3, -2, -2], [-2, 0, 1, -1, -2, 1, -2, 0, 2, -1, 0, -2, 0, -1, -3, -2, -1, 0, 1, -2, 1, 1], [1, 2, 0, -1, -2, 0, 1, -2, 1, 3, 1, -2, -1, 0, -2, 0, -2, 0, 0, -3, -2, -1], [0, 0, 0, 0, 0, 0, -1, 0, 0, 0, 0, 0, 0, 0, 0, 0, 0, 0, 0, 0, 0, 0], [-1, -2, 0, 1, 1, 0, -1, 1, -1, -2, 0, 1, 1, 0, 1, 0, 1, 0, 0, 2, 1, 0], [2, -2, -1, 0, 3, -1, 1, 1, -4, 1, -1, 3, 0, 2, 4, 3, 2, -1, 0, 5, -1, -2], [1, -2, 0, 0, 2, -1, 1, 0, -3, 1, -1, 2, 0, 2, 2, 2, 1, -1, 0, 3, -1, -2], [1, 0, 0, 0, 1, 0, 1, 1, -1, 1, 0, 1, 0, 0, 2, 1, 1, 0, -1, 1, -1, -1], [0, -1, 1, 2, 0, 0, 1, -1, 0, -1, 0, -1, 2, 0, -1, -1, 0, 0, 0, 0, 1, 0], [0, -1, 1, 2, -1, 1, 0, -1, 1, -1, 1, -2, 2, -1, -2, -1, 0, 1, 0, -1, 2, 1], [2, 0, -1, 0, 1, -1, 2, 0, -3, 3, 0, 2, -1, 1, 3, 3, 1, 0, -1, 2, -2, -2], [2, 0, -1, 0, 1, -1, 2, 0, -2, 2, 0, 2, -1, 1, 2, 2, 0, -1, -1, 2, -2, -2], [0, 0, 0, 0, -1, 1, -1, 0, 1, 0, 1, -2, 1, -1, -1, -1, 0, 1, 0, -1, 1, 1], [2, 0, -1, -1, 3, -1, 1, 1, -3, 2, -1, 3, -1, 2, 4, 3, 2, 0, 0, 3, -2, -1], [-3, 0, 1, 1, -2, 1, -2, 0, 3, -4, 0, -2, 1, -1, -4, -3, -1, 0, 1, -2, 3, 2], [0, -2, 0, 1, 2, 0, 0, 1, -1, -2, -1, 2, 1, 1, 1, 0, 1, -1, 0, 3, 0, -1], [0, 1, 0, -1, 0, 0, 0, 0, 1, 0, 0, 0, -1, 0, 0, 0, 0, 0, 0, -1, 0, 0], [-1, -1, 1, 1, -1, 0, 0, -1, 1, -1, 0, -1, 1, 0, -2, -1, -1, 0, 0, 0, 1, 0], [2, 1, -1, -1, 1, -1, 1, 0, -2, 3, 0, 1, -1, 0, 3, 2, 1, 0, -1, 0, -2, -1]]
[[1, 0, 0, 0, 0, 0, 0, 0, 0, 0, 0, 0, 0, 0, 0, 0, 0, 0, 0, 0, 0, 0], [0, 1, 0, 0, 0, 0, 0, 0, 0, 0, 0, 0, 0, 0, 0, 0, 0, 0, 0, 0, 0, 0], [0, 0, 1, 0, 0, 0, 0, 0, 0, 0, 0, 0, 0, 0, 0, 0, 0, 0, 0, 0, 0, 0], [0, 0, 0, 1, 0, 0, 0, 0, 0, 0, 0, 0, 0, 0, 0, 0, 0, 0, 0, 0, 0, 0], [0, 0, 0, 0, 1, 0, 0, 0, 0, 0, 0, 0, 0, 0, 0, 0, 0, 0, 0, 0, 0, 0], [0, 0, 0, 0, 0, 1, 0, 0, 0, 0, 0, 0, 0, 0, 0, 0, 0, 0, 0, 0, 0, 0], [0, 0, 0, 0, 0, 0, 1, 0, 0, 0, 0, 0, 0, 0, 0, 0, 0, 0, 0, 0, 0, 0], [0, 0, 0, 0, 0, 0, 0, 1, 0, 0, 0, 0, 0, 0, 0, 0, 0, 0, 0, 0, 0, 0], [0, 0, 0, 0, 0, 0, 0, 0, 1, 0, 0, 0, 0, 0, 0, 0, 0, 0, 0, 0, 0, 0], [0, 0, 0, 0, 0, 0, 0, 0, 0, 1, 0, 0, 0, 0, 0, 0, 0, 0, 0, 0, 0, 0], [0, 0, 0, 0, 0, 0, 0, 0, 0, 0, 1, 0, 0, 0, 0, 0, 0, 0, 0, 0, 0, 0], [0, 0, 0, 0, 0, 0, 0, 0, 0, 0, 0, 1, 0, 0, 0, 0, 0, 0, 0, 0, 0, 0], [0, 0, 0, 0, 0, 0, 0, 0, 0, 0, 0, 0, 1, 0, 0, 0, 0, 0, 0, 0, 0, 0], [0, 0, 0, 0, 0, 0, 0, 0, 0, 0, 0, 0, 0, 1, 0, 0, 0, 0, 0, 0, 0, 0], [0, 0, 0, 0, 0, 0, 0, 0, 0, 0, 0, 0, 0, 0, 1, 0, 0, 0, 0, 0, 0, 0], [0, 0, 0, 0, 0, 0, 0, 0, 0, 0, 0, 0, 0, 0, 0, 1, 0, 0, 0, 0, 0, 0], [0, 0, 0, 0, 0, 0, 0, 0, 0, 0, 0, 0, 0, 0, 0, 0, 1, 0, 0, 0, 0, 0], [0, 0, 0, 0, 0, 0, 0, 0, 0, 0, 0, 0, 0, 0, 0, 0, 0, 1, 0, 0, 0, 0], [0, 0, 0, 0, 0, 0, 0, 0, 0, 0, 0, 0, 0, 0, 0, 0, 0, 0, 1, 0, 0, 0], [0, 0, 0, 0, 0, 0, 0, 0, 0, 0, 0, 0, 0, 0, 0, 0, 0, 0, 0, 1, 0, 0], [0, 0, 0, 0, 0, 0, 0, 0, 0, 0, 0, 0, 0, 0, 0, 0, 0, 0, 0, 0, 1, 0], [0, 0, 0, 0, 0, 0, 0, 0, 0, 0, 0, 0, 0, 0, 0, 0, 0, 0, 0, 0, 0, 1]]
[[1, 0, 0, 0, -1, 0, 0, -1, 0, 1, 0, -1, 0, 0, -1, 0, -1, 0, 0, -1, 0, 0], [0, 2, -1, 1, -2, 0, -1, -1, 1, -1, 0, -2, 1, -1, -1, 0, 0, 2, 0, -2, 2, 3], [0, 1, 0, 0, -2, 0, -1, -1, 1, 0, 0, -2, 0, -1, -1, 0, -1, 1, 0, -2, 1, 2], [0, 0, 0, 0, 0, 0, 0, 0, 0, 1, 0, 0, -1, 0, 0, 0, -1, -1, 0, 0, -1, -1], [0, 0, 0, 2, 1, 0, 0, 0, 0, -2, 0, 0, 2, 0, 0, 0, 2, 2, 0, 0, 2, 2], [0, 1, -1, 0, 0, 0, 0, 1, 0, -1, 0, 1, -1, 0, 2, 1, 1, 1, -1, 1, 1, 1], [0, 0, 0, 0, 0, 0, 1, 0, 0, 0, 0, 0, 0, 0, 0, 0, 0, 0, 0, 0, 0, 0], [0, -1, 1, 0, 1, 1, 0, 1, 0, 0, 0, 0, 1, 0, -1, -1, 0, -1, 1, 0, -1, -1], [0, -1, 1, -1, 1, 0, 1, 0, 0, 2, 0, 1, -1, 1, 0, 0, -1, -2, 0, 1, -2, -3], [0, 0, 0, -1, 1, 0, 0, 1, 0, 1, 0, 1, -1, 0, 1, 0, 0, -1, 0, 1, -1, -1], [0, 0, 0, -1, 0, 0, 0, 0, 0, 1, 1, 0, -1, 0, 0, 0, -1, -1, 0, 0, -1, -1], [0, 1, -1, -1, -1, 0, -1, 0, 1, 0, 0, 0, -1, -1, 0, 0, -1, 0, 0, -1, 0, 1], [0, 0, 0, -1, 1, 0, 0, 1, 0, 0, 0, 1, 0, 0, 1, 0, 0, -1, 0, 1, -1, -1], [0, 0, 0, -2, 1, 0, 0, 1, 0, 1, 0, 1, -2, 1, 1, 0, -1, -2, 0, 1, -2, -2], [0, 0, 0, -1, 0, 0, 0, 0, 0, 1, 0, 0, -1, 0, 1, 0, -1, -1, 0, 0, -1, -1], [0, -1, 1, 0, 2, 0, 1, 1, -1, 0, 0, 2, 0, 1, 1, 1, 1, -1, 0, 2, -1, -2], [0, 0, 0, -2, 0, -1, 1, 0, -1, 3, 0, 1, -3, 1, 1, 1, -1, -2, -1, 1, -2, -3], [0, 0, 0, 2, -1, 1, -1, -1, 1, -2, 0, -2, 3, -1, -2, -1, 1, 3, 1, -2, 2, 3], [0, 0, 0, 0, -1, 0, 0, -1, 0, 1, 0, -1, 0, 0, -1, 0, -1, 0, 1, -1, 0, 0], [0, 0, 0, 1, -1, 0, 0, -1, 0, 0, 0, -1, 1, 0, -1, 0, 0, 1, 0, 0, 1, 1], [0, 0, 0, 1, 0, 1, -1, 0, 1, -2, 0, -1, 2, -1, -1, -1, 1, 1, 1, -1, 2, 2], [0, 0, 0, -2, 1, -1, 1, 1, -1, 2, 0, 2, -3, 1, 2, 1, -1, -2, -1, 2, -2, -2]]
[[1, 0, 0, 1, 0, 0, 1, -1, 0, 0, 0, -1, 1, 0, -1, 0, -1, 0, 1, 0, 0, 1], [0, -1, 0, -3, -1, 0, -2, 0, -1, 0, -1, 0, -2, 1, 0, 1, 1, 1, 1, 0, 1, 1], [0, 1, -1, -1, -1, 0, -1, 0, 0, 0, 0, -1, -1, 0, -1, 0, 0, 1, 1, -1, 1, 2], [1, 0, 0, 1, 1, 0, 2, 0, 0, 1, 1, 0, 1, 0, 0, 0, -1, -1, 0, 1, -1, -1], [-1, -1, 0, -3, -2, 0, -3, 0, 0, -1, -1, 0, -2, 0, 0, 0, 0, 0, 0, -1, 0, 0], [-1, -2, 0, -4, 1, -1, -2, 2, -3, 0, -2, 4, -3, 2, 4, 2, 3, -1, -1, 3, -1, -3], [-1, 1, 0, 1, -1, 0, -1, 0, 1, -1, 0, 0, 0, -1, 0, -1, 0, 0, -1, -1, 1, 1], [0, 1, 0, 3, 1, 0, 2, 0, 1, 0, 1, -1, 2, -1, -1, -1, -1, 0, 0, 0, 0, 1], [1, 2, 0, 5, 0, 0, 4, -2, 2, 1, 2, -2, 3, -1, -2, -1, -2, 0, -1, -1, 0, 0], [0, 1, 0, 2, -1, 0, 1, -1, 1, 0, 1, -1, 1, -1, 0, -1, -1, 0, -1, -1, 0, 0], [0, 0, 0, 0, 2, 0, 1, 1, -1, 1, 0, 1, 0, 1, 0, 1, 1, 0, 1, 1, -1, -1], [0, 0, 0, 1, -1, 0, 0, -1, 0, -1, 0, -1, 1, -1, 0, -1, 0, 0, 0, -1, 1, 1], [0, 0, 0, 1, 1, 0, 1, 0, 0, 0, 0, 0, 1, 0, 0, 0, 1, 1, 0, 0, 0, 0], [0, 1, 0, 2, 1, 0, 2, 0, 1, 1, 1, 0, 1, -1, 0, 0, 0, 0, -1, 0, -1, -1], [0, 1, 0, 2, -1, 0, 1, -1, 1, 1, 1, -1, 1, -1, -1, -1, -1, 0, -1, -1, 0, 0], [0, 0, 0, 0, 2, 0, 1, 1, 0, 0, 0, 1, 0, 1, 0, 0, 1, 0, 0, 1, -1, -1], [1, 1, 0, 2, 2, 0, 3, 0, 0, 1, 1, 1, 1, 1, 0, 1, 0, 0, 0, 1, -1, -1], [0, -1, 0, -2, -1, 0, -2, 0, -1, 0, -1, -1, 0, 0, 0, 0, 0, 0, 1, 0, 1, 1], [1, 1, 0, 3, -1, 0, 2, -2, 1, 1, 2, -2, 2, -1, -2, -1, -2, 0, 0, -1, 1, 1], [1, -1, 0, -2, 1, 0, 0, 1, -2, 1, -1, 1, -1, 2, 1, 2, 1, 0, 1, 2, 0, -1], [-1, 0, 0, 0, -2, 0, -1, -1, 1, -1, 0, -1, 0, -1, -1, -1, -1, 0, 0, -1, 1, 1], [0, 1, 0, 1, 1, 0, 1, 1, 0, 0, 0, 1, 0, 0, 1, 0, 1, 0, -1, 0, -1, -1]]
[[1, 0, 0, 0, 0, 0, 0, 0, 0, 0, 0, 0, 0, 0, 0, 0, 0, 0, 0, 0, 0, 0], [0, 1, 0, 0, 0, 0, 0, 0, 0, 0, 0, 0, 0, 0, 0, 0, 0, 0, 0, 0, 0, 0], [0, 0, 1, 0, 0, 0, 0, 0, 0, 0, 0, 0, 0, 0, 0, 0, 0, 0, 0, 0, 0, 0], [0, 0, 0, 1, 0, 0, 0, 0, 0, 0, 0, 0, 0, 0, 0, 0, 0, 0, 0, 0, 0, 0], [0, 0, 0, 0, 1, 0, 0, 0, 0, 0, 0, 0, 0, 0, 0, 0, 0, 0, 0, 0, 0, 0], [0, 0, 0, 0, 0, 1, 0, 0, 0, 0, 0, 0, 0, 0, 0, 0, 0, 0, 0, 0, 0, 0], [0, 0, 0, 0, 0, 0, 1, 0, 0, 0, 0, 0, 0, 0, 0, 0, 0, 0, 0, 0, 0, 0], [0, 0, 0, 0, 0, 0, 0, 1, 0, 0, 0, 0, 0, 0, 0, 0, 0, 0, 0, 0, 0, 0], [0, 0, 0, 0, 0, 0, 0, 0, 1, 0, 0, 0, 0, 0, 0, 0, 0, 0, 0, 0, 0, 0], [0, 0, 0, 0, 0, 0, 0, 0, 0, 1, 0, 0, 0, 0, 0, 0, 0, 0, 0, 0, 0, 0], [0, 0, 0, 0, 0, 0, 0, 0, 0, 0, 1, 0, 0, 0, 0, 0, 0, 0, 0, 0, 0, 0], [0, 0, 0, 0, 0, 0, 0, 0, 0, 0, 0, 1, 0, 0, 0, 0, 0, 0, 0, 0, 0, 0], [0, 0, 0, 0, 0, 0, 0, 0, 0, 0, 0, 0, 1, 0, 0, 0, 0, 0, 0, 0, 0, 0], [0, 0, 0, 0, 0, 0, 0, 0, 0, 0, 0, 0, 0, 1, 0, 0, 0, 0, 0, 0, 0, 0], [0, 0, 0, 0, 0, 0, 0, 0, 0, 0, 0, 0, 0, 0, 1, 0, 0, 0, 0, 0, 0, 0], [0, 0, 0, 0, 0, 0, 0, 0, 0, 0, 0, 0, 0, 0, 0, 1, 0, 0, 0, 0, 0, 0], [0, 0, 0, 0, 0, 0, 0, 0, 0, 0, 0, 0, 0, 0, 0, 0, 1, 0, 0, 0, 0, 0], [0, 0, 0, 0, 0, 0, 0, 0, 0, 0, 0, 0, 0, 0, 0, 0, 0, 1, 0, 0, 0, 0], [0, 0, 0, 0, 0, 0, 0, 0, 0, 0, 0, 0, 0, 0, 0, 0, 0, 0, 1, 0, 0, 0], [0, 0, 0, 0, 0, 0, 0, 0, 0, 0, 0, 0, 0, 0, 0, 0, 0, 0, 0, 1, 0, 0], [0, 0, 0, 0, 0, 0, 0, 0, 0, 0, 0, 0, 0, 0, 0, 0, 0, 0, 0, 0, 1, 0], [0, 0, 0, 0, 0, 0, 0, 0, 0, 0, 0, 0, 0, 0, 0, 0, 0, 0, 0, 0, 0, 1]]
[[1, 0, 0, 0, 0, 0, 0, 0, 0, 0, 0, 0, 0, 0, 0, 0, 0, 0, 0, 0, 0, 0], [0, 1, 0, 0, 0, 0, 0, 0, 0, 0, 0, 0, 0, 0, 0, 0, 0, 0, 0, 0, 0, 0], [0, 0, 1, 0, 0, 0, 0, 0, 0, 0, 0, 0, 0, 0, 0, 0, 0, 0, 0, 0, 0, 0], [0, 0, 0, 1, 0, 0, 0, 0, 0, 0, 0, 0, 0, 0, 0, 0, 0, 0, 0, 0, 0, 0], [0, 0, 0, 0, 1, 0, 0, 0, 0, 0, 0, 0, 0, 0, 0, 0, 0, 0, 0, 0, 0, 0], [0, 0, 0, 0, 0, 1, 0, 0, 0, 0, 0, 0, 0, 0, 0, 0, 0, 0, 0, 0, 0, 0], [0, 0, 0, 0, 0, 0, 1, 0, 0, 0, 0, 0, 0, 0, 0, 0, 0, 0, 0, 0, 0, 0], [0, 0, 0, 0, 0, 0, 0, 1, 0, 0, 0, 0, 0, 0, 0, 0, 0, 0, 0, 0, 0, 0], [0, 0, 0, 0, 0, 0, 0, 0, 1, 0, 0, 0, 0, 0, 0, 0, 0, 0, 0, 0, 0, 0], [0, 0, 0, 0, 0, 0, 0, 0, 0, 1, 0, 0, 0, 0, 0, 0, 0, 0, 0, 0, 0, 0], [0, 0, 0, 0, 0, 0, 0, 0, 0, 0, 1, 0, 0, 0, 0, 0, 0, 0, 0, 0, 0, 0], [0, 0, 0, 0, 0, 0, 0, 0, 0, 0, 0, 1, 0, 0, 0, 0, 0, 0, 0, 0, 0, 0], [0, 0, 0, 0, 0, 0, 0, 0, 0, 0, 0, 0, 1, 0, 0, 0, 0, 0, 0, 0, 0, 0], [0, 0, 0, 0, 0, 0, 0, 0, 0, 0, 0, 0, 0, 1, 0, 0, 0, 0, 0, 0, 0, 0], [0, 0, 0, 0, 0, 0, 0, 0, 0, 0, 0, 0, 0, 0, 1, 0, 0, 0, 0, 0, 0, 0], [0, 0, 0, 0, 0, 0, 0, 0, 0, 0, 0, 0, 0, 0, 0, 1, 0, 0, 0, 0, 0, 0], [0, 0, 0, 0, 0, 0, 0, 0, 0, 0, 0, 0, 0, 0, 0, 0, 1, 0, 0, 0, 0, 0], [0, 0, 0, 0, 0, 0, 0, 0, 0, 0, 0, 0, 0, 0, 0, 0, 0, 1, 0, 0, 0, 0], [0, 0, 0, 0, 0, 0, 0, 0, 0, 0, 0, 0, 0, 0, 0, 0, 0, 0, 1, 0, 0, 0], [0, 0, 0, 0, 0, 0, 0, 0, 0, 0, 0, 0, 0, 0, 0, 0, 0, 0, 0, 1, 0, 0], [0, 0, 0, 0, 0, 0, 0, 0, 0, 0, 0, 0, 0, 0, 0, 0, 0, 0, 0, 0, 1, 0], [0, 0, 0, 0, 0, 0, 0, 0, 0, 0, 0, 0, 0, 0, 0, 0, 0, 0, 0, 0, 0, 1]]
[[1, 0, 0, 0, 0, 0, 0, 0, 0, 0, 0, 0, 0, 0, 0, 0, 0, 0, 0, 0, 0, 0], [0, 1, 0, 0, 0, 0, 0, 0, 0, 0, 0, 0, 0, 0, 0, 0, 0, 0, 0, 0, 0, 0], [0, 0, 1, 0, 0, 0, 0, 0, 0, 0, 0, 0, 0, 0, 0, 0, 0, 0, 0, 0, 0, 0], [0, 0, 0, 1, 0, 0, 0, 0, 0, 0, 0, 0, 0, 0, 0, 0, 0, 0, 0, 0, 0, 0], [0, 0, 0, 0, 1, 0, 0, 0, 0, 0, 0, 0, 0, 0, 0, 0, 0, 0, 0, 0, 0, 0], [0, 0, 0, 0, 0, 1, 0, 0, 0, 0, 0, 0, 0, 0, 0, 0, 0, 0, 0, 0, 0, 0], [0, 0, 0, 0, 0, 0, 1, 0, 0, 0, 0, 0, 0, 0, 0, 0, 0, 0, 0, 0, 0, 0], [0, 0, 0, 0, 0, 0, 0, 1, 0, 0, 0, 0, 0, 0, 0, 0, 0, 0, 0, 0, 0, 0], [0, 0, 0, 0, 0, 0, 0, 0, 1, 0, 0, 0, 0, 0, 0, 0, 0, 0, 0, 0, 0, 0], [0, 0, 0, 0, 0, 0, 0, 0, 0, 1, 0, 0, 0, 0, 0, 0, 0, 0, 0, 0, 0, 0], [0, 0, 0, 0, 0, 0, 0, 0, 0, 0, 1, 0, 0, 0, 0, 0, 0, 0, 0, 0, 0, 0], [0, 0, 0, 0, 0, 0, 0, 0, 0, 0, 0, 1, 0, 0, 0, 0, 0, 0, 0, 0, 0, 0], [0, 0, 0, 0, 0, 0, 0, 0, 0, 0, 0, 0, 1, 0, 0, 0, 0, 0, 0, 0, 0, 0], [0, 0, 0, 0, 0, 0, 0, 0, 0, 0, 0, 0, 0, 1, 0, 0, 0, 0, 0, 0, 0, 0], [0, 0, 0, 0, 0, 0, 0, 0, 0, 0, 0, 0, 0, 0, 1, 0, 0, 0, 0, 0, 0, 0], [0, 0, 0, 0, 0, 0, 0, 0, 0, 0, 0, 0, 0, 0, 0, 1, 0, 0, 0, 0, 0, 0], [0, 0, 0, 0, 0, 0, 0, 0, 0, 0, 0, 0, 0, 0, 0, 0, 1, 0, 0, 0, 0, 0], [0, 0, 0, 0, 0, 0, 0, 0, 0, 0, 0, 0, 0, 0, 0, 0, 0, 1, 0, 0, 0, 0], [0, 0, 0, 0, 0, 0, 0, 0, 0, 0, 0, 0, 0, 0, 0, 0, 0, 0, 1, 0, 0, 0], [0, 0, 0, 0, 0, 0, 0, 0, 0, 0, 0, 0, 0, 0, 0, 0, 0, 0, 0, 1, 0, 0], [0, 0, 0, 0, 0, 0, 0, 0, 0, 0, 0, 0, 0, 0, 0, 0, 0, 0, 0, 0, 1, 0], [0, 0, 0, 0, 0, 0, 0, 0, 0, 0, 0, 0, 0, 0, 0, 0, 0, 0, 0, 0, 0, 1]]
[[1, 0, -2, 2, 3, -1, 4, 1, -2, 0, 1, 1, 4, -1, -1, 0, 0, 0, 2, 1, 0, 1], [1, -1, -4, 1, 9, -3, 7, 5, -5, -1, 0, 5, 6, -1, 1, 3, 3, 2, 4, 3, 0, 2], [1, -1, -5, 3, 12, -4, 10, 6, -7, -2, 0, 6, 9, -1, 1, 3, 3, 1, 6, 4, -1, 2], [0, 0, 2, -1, -5, 2, -4, -3, 3, 1, 1, -3, -3, 0, -1, -2, -2, -1, -2, -2, 0, -1], [0, -1, -3, 1, 7, -3, 6, 4, -4, -1, 0, 5, 4, -1, 2, 3, 2, 1, 2, 3, -1, 0], [-2, 1, 3, -5, -9, 2, -10, -3, 5, 1, -2, -3, -9, 1, 2, -1, 0, 1, -6, -3, 1, -1], [-2, 3, 5, -4, -16, 4, -13, -8, 9, 2, -1, -9, -11, 1, -2, -4, -4, 0, -7, -7, 2, 0], [0, -1, 0, 0, 2, 0, 1, 1, -2, 0, 0, 1, 1, 1, 0, 0, 0, -2, 2, 2, -1, -1], [-2, 3, 8, -4, -22, 7, -17, -12, 12, 3, 0, -13, -14, 2, -4, -6, -6, -1, -8, -9, 3, -1], [-2, 4, 7, -6, -23, 7, -19, -11, 13, 3, 0, -13, -16, 1, -3, -6, -6, 0, -9, -10, 3, 0], [0, -1, -1, 2, 6, -1, 4, 3, -3, -1, 0, 3, 4, 0, 0, 1, 2, 0, 3, 2, -1, 0], [-1, 3, 3, -3, -13, 4, -11, -6, 8, 1, 0, -8, -8, -1, -2, -4, -3, 1, -5, -7, 3, 2], [0, -1, 0, 0, 3, 0, 1, 2, -2, -1, -1, 2, 1, 1, 1, 1, 2, 0, 2, 2, 0, 0], [-2, 1, 5, -3, -11, 4, -10, -5, 6, 1, -1, -6, -8, 1, -1, -3, -2, -1, -4, -4, 1, -1], [-2, 2, 6, -4, -16, 5, -14, -8, 9, 2, -1, -9, -11, 1, -2, -4, -4, 0, -6, -7, 2, 0], [-1, 0, 1, -1, -1, 1, -2, 0, 1, 0, 0, 0, -2, 1, 0, -1, 1, 0, -1, 0, 0, -1], [-1, 3, 5, -2, -15, 5, -11, -8, 9, 2, 1, -9, -9, 1, -4, -5, -4, 0, -6, -7, 2, 0], [3, -4, -7, 5, 22, -7, 18, 10, -13, -2, 0, 12, 15, -1, 4, 7, 5, 0, 9, 10, -3, 0], [0, 2, 3, -1, -10, 3, -7, -6, 6, 2, 1, -7, -5, 0, -3, -3, -4, 0, -3, -5, 2, 1], [3, -4, -6, 5, 20, -6, 17, 9, -12, -2, 0, 11, 14, 0, 3, 6, 5, 0, 8, 9, -3, -1], [0, 0, -2, 0, 3, -1, 2, 2, -1, -1, 0, 2, 2, -1, 0, 1, 0, 0, 2, 1, 0, 1], [-2, 2, 5, -3, -13, 4, -11, -6, 7, 1, -1, -7, -9, 1, -1, -4, -2, 0, -6, -6, 1, -1]]
[[1, 1, -1, 1, 0, 0, 1, 0, 1, -1, 1, 0, 1, -1, -1, -1, -1, 0, 0, -1, 0, 1], [1, 1, -1, 2, 2, 0, 3, 1, 0, -2, 1, 1, 3, -2, -2, -1, 0, 2, 2, -3, 0, 3], [1, 1, -1, 3, 3, -1, 4, 1, -1, -2, 1, 1, 4, -2, -1, -1, 0, 1, 2, -2, 0, 3], [0, -1, 1, -1, -1, 1, -2, 0, 1, 1, 0, 0, -2, 1, 1, 0, 0, -1, -2, 2, 0, -2], [0, 0, -1, 2, 3, -1, 3, 1, -1, -2, 0, 2, 3, -2, -1, 0, 0, 1, 2, -2, -1, 2], [-1, 0, 1, -1, -2, 1, -2, -1, 0, 1, -1, -1, -2, 1, -1, 1, 0, 1, 1, -1, 0, 0], [-1, 0, 1, -2, -2, 0, -2, -1, 0, 2, -1, -1, -3, 2, 1, 1, 0, -1, -1, 2, 0, -2], [0, 0, 0, -1, 0, 0, -1, 1, 0, 1, 0, 0, -1, 1, 1, 0, 0, -1, -1, 2, 0, -1], [-1, -1, 3, -5, -5, 2, -7, -2, 3, 4, -1, -3, -7, 4, 2, 1, 0, -2, -4, 4, 1, -5], [-1, 0, 2, -3, -5, 2, -5, -2, 3, 3, 0, -3, -5, 2, 0, 0, -1, -1, -3, 1, 1, -3], [0, -1, 1, -1, 0, 0, -1, 0, -1, 1, 0, 0, -1, 1, 1, 1, 1, 0, 0, 1, 0, -1], [0, 0, 1, -1, -2, 1, -2, -1, 1, 1, 0, -1, -2, 1, 0, 0, 0, 0, -1, 0, 1, -1], [0, 0, 1, -1, -2, 1, -2, -1, 1, 1, 0, -2, -1, 1, -1, 0, 0, 1, 0, -1, 1, 0], [-1, -2, 3, -4, -3, 1, -5, -1, 0, 3, -2, -1, -5, 4, 2, 2, 1, -1, -2, 3, 0, -4], [-1, -1, 2, -3, -3, 1, -4, -1, 1, 2, -1, -1, -4, 2, 2, 1, 0, -1, -2, 2, 0, -3], [0, 0, 1, -2, -2, 1, -3, -1, 1, 2, 0, -2, -3, 2, -1, 1, 0, 1, 0, 0, 1, 0], [-1, 0, 2, -4, -5, 2, -6, -2, 3, 3, 0, -3, -6, 3, 0, 0, 0, -1, -3, 2, 1, -3], [1, 1, -3, 5, 5, -2, 7, 2, -2, -4, 1, 3, 7, -4, 0, -1, 0, 1, 2, -2, -1, 3], [0, -1, 1, -2, -1, 1, -2, 0, 1, 1, 0, 0, -2, 1, 2, 0, 0, -2, -2, 3, 0, -3], [1, 1, -2, 4, 3, -1, 5, 1, -1, -3, 1, 1, 5, -3, -1, -1, 0, 1, 2, -2, 0, 3], [0, 0, -1, 1, 2, -1, 2, 1, -1, -1, 0, 2, 2, -1, 0, 0, 0, 0, 1, 0, 0, 1], [-1, 0, 2, -2, -4, 1, -4, -2, 1, 2, -1, -3, -4, 2, 0, 1, 0, 0, -1, 0, 1, -1]]
[[1, 0, 0, 0, 0, 0, 0, 0, 0, 0, 0, 0, 0, 0, 0, 0, 0, 0, 0, 0, 0, 0], [0, 1, 0, 0, 0, 0, 0, 0, 0, 0, 0, 0, 0, 0, 0, 0, 0, 0, 0, 0, 0, 0], [0, 0, 1, 0, 0, 0, 0, 0, 0, 0, 0, 0, 0, 0, 0, 0, 0, 0, 0, 0, 0, 0], [0, 0, 0, 1, 0, 0, 0, 0, 0, 0, 0, 0, 0, 0, 0, 0, 0, 0, 0, 0, 0, 0], [0, 0, 0, 0, 1, 0, 0, 0, 0, 0, 0, 0, 0, 0, 0, 0, 0, 0, 0, 0, 0, 0], [0, 0, 0, 0, 0, 1, 0, 0, 0, 0, 0, 0, 0, 0, 0, 0, 0, 0, 0, 0, 0, 0], [0, 0, 0, 0, 0, 0, 1, 0, 0, 0, 0, 0, 0, 0, 0, 0, 0, 0, 0, 0, 0, 0], [0, 0, 0, 0, 0, 0, 0, 1, 0, 0, 0, 0, 0, 0, 0, 0, 0, 0, 0, 0, 0, 0], [0, 0, 0, 0, 0, 0, 0, 0, 1, 0, 0, 0, 0, 0, 0, 0, 0, 0, 0, 0, 0, 0], [0, 0, 0, 0, 0, 0, 0, 0, 0, 1, 0, 0, 0, 0, 0, 0, 0, 0, 0, 0, 0, 0], [0, 0, 0, 0, 0, 0, 0, 0, 0, 0, 1, 0, 0, 0, 0, 0, 0, 0, 0, 0, 0, 0], [0, 0, 0, 0, 0, 0, 0, 0, 0, 0, 0, 1, 0, 0, 0, 0, 0, 0, 0, 0, 0, 0], [0, 0, 0, 0, 0, 0, 0, 0, 0, 0, 0, 0, 1, 0, 0, 0, 0, 0, 0, 0, 0, 0], [0, 0, 0, 0, 0, 0, 0, 0, 0, 0, 0, 0, 0, 1, 0, 0, 0, 0, 0, 0, 0, 0], [0, 0, 0, 0, 0, 0, 0, 0, 0, 0, 0, 0, 0, 0, 1, 0, 0, 0, 0, 0, 0, 0], [0, 0, 0, 0, 0, 0, 0, 0, 0, 0, 0, 0, 0, 0, 0, 1, 0, 0, 0, 0, 0, 0], [0, 0, 0, 0, 0, 0, 0, 0, 0, 0, 0, 0, 0, 0, 0, 0, 1, 0, 0, 0, 0, 0], [0, 0, 0, 0, 0, 0, 0, 0, 0, 0, 0, 0, 0, 0, 0, 0, 0, 1, 0, 0, 0, 0], [0, 0, 0, 0, 0, 0, 0, 0, 0, 0, 0, 0, 0, 0, 0, 0, 0, 0, 1, 0, 0, 0], [0, 0, 0, 0, 0, 0, 0, 0, 0, 0, 0, 0, 0, 0, 0, 0, 0, 0, 0, 1, 0, 0], [0, 0, 0, 0, 0, 0, 0, 0, 0, 0, 0, 0, 0, 0, 0, 0, 0, 0, 0, 0, 1, 0], [0, 0, 0, 0, 0, 0, 0, 0, 0, 0, 0, 0, 0, 0, 0, 0, 0, 0, 0, 0, 0, 1]]

#################
# GALOIS GROUPS #
#################


Generators of the monodromy group on the generic Picard lattice:
[[1, -1, 1, 1, -1, 1, -1, -1, 0, 0, 0, -1, 0, 0, 0, 0, 0], [0, 1, 0, -1, -2, -1, 0, -2, -1, 0, -1, -1, -1, 1, 1, 1, 0], [0, 0, 1, 0, -1, 0, 0, -1, 0, 0, 0, -1, 0, 0, 0, 0, 0], [0, 0, 0, 1, 0, 0, 0, 0, 0, 0, 0, 0, 0, 0, 0, 0, 0], [0, 1, -1, -2, 0, -2, 1, -1, -1, 0, -1, 0, -1, 1, 1, 1, 0], [0, 2, -2, -3, 0, -2, 2, 0, -1, 0, -1, 1, -1, 1, 1, 1, 0], [0, 0, 0, 0, 1, 0, 1, 1, 0, 0, 0, 1, 0, 0, 0, 0, 0], [0, -1, 1, 2, 0, 2, -1, 1, 1, 0, 1, -1, 1, -1, -1, -1, 0], [0, -1, 1, 2, 1, 2, -1, 1, 2, 0, 1, 0, 1, -1, -1, -1, 0], [0, 0, 0, 0, 0, 0, 0, 0, 0, 1, 0, 0, 0, 0, 0, 0, 0], [0, 0, 0, 1, 1, 1, 0, 1, 1, 0, 2, 0, 1, -1, -1, -1, 0], [0, 0, 0, 0, -1, 0, 0, -1, 0, 0, 0, 0, 0, 0, 0, 0, 0], [0, 0, 0, 1, 0, 1, 0, 0, 1, 0, 1, -1, 2, -1, -1, -1, 0], [0, 0, 0, 2, 1, 2, 0, 1, 2, 0, 2, -1, 2, -1, -2, -2, 0], [0, 0, 0, 1, 1, 1, 0, 1, 1, 0, 1, 0, 1, -1, 0, -1, 0], [0, 1, -1, 0, 1, 0, 1, 1, 1, 0, 1, 0, 1, -1, -1, 0, 0], [0, -1, 1, 1, 0, 1, -1, 0, 0, 0, 0, 0, 0, 0, 0, 0, 1]]
[[-1, -2, 1, 0, 0, 1, -3, 1, 0, -1, 0, 0, 0, 0, 0, -1, 0], [0, -4, 3, 2, -1, 2, -2, 0, 0, -3, -1, -1, 2, 0, 0, -2, 0], [1, -2, 2, 2, 0, 1, 0, -1, 0, -1, 0, -1, 2, 0, 0, -1, 0], [-1, 0, 0, 0, 0, 1, -2, 1, 1, 0, 1, 0, -1, 0, -1, -1, 0], [0, -1, 2, 0, -2, 0, -1, -1, 0, -1, -2, 0, -1, 1, 1, 0, -1], [1, 1, 1, 0, -3, 0, 1, -2, 0, 0, -2, -1, -1, 1, 1, 1, -1], [0, 2, -1, 0, 0, -1, 2, -1, 0, 1, 0, 0, 0, 0, 0, 1, 0], [0, 0, -1, 1, 2, 1, 0, 1, 1, 0, 2, 0, 2, -1, -2, -1, 1], [-1, 3, -3, -2, 3, -1, 1, 2, 1, 2, 2, 1, -1, -1, -1, 1, 1], [0, 2, -1, -1, 0, 0, 0, 0, 1, 2, 1, -1, -1, 0, -1, 0, 0], [1, 0, -1, 1, 2, -1, 3, 0, -1, 0, 1, 1, 2, -1, 0, 1, 1], [0, 0, 0, 0, 0, 0, 0, 0, 0, 0, 0, -1, 0, 0, 0, 0, 0], [1, 0, -1, 0, 2, 0, 2, 1, 0, 0, 1, 0, 2, -1, -1, 0, 1], [0, 1, -2, 0, 3, -1, 3, 1, 0, 0, 1, 1, 2, -1, -2, 1, 2], [-1, 1, -1, -1, 1, 0, 0, 1, 1, 0, 1, 0, 0, -1, -1, 0, 1], [2, 1, -1, 0, 1, 0, 2, 0, 0, 1, 1, 1, 0, 0, 0, 1, 0], [-2, 0, 0, -1, 0, 1, -3, 1, 1, 0, 1, -1, -1, 0, -1, -1, 1]]
[[1, 0, 0, 0, 0, 0, 0, 0, 0, 0, 0, 0, 0, 0, 0, 0, 0], [0, 1, 0, 0, 0, 0, 0, 0, 0, 0, 0, 0, 0, 0, 0, 0, 0], [0, 0, 1, 0, 0, 0, 0, 0, 0, 0, 0, 0, 0, 0, 0, 0, 0], [0, 0, 0, 1, 0, 0, 0, 0, 0, 0, 0, 0, 0, 0, 0, 0, 0], [0, 0, 0, 0, 1, 0, 0, 0, 0, 0, 0, 0, 0, 0, 0, 0, 0], [0, 0, 0, 0, 0, 1, 0, 0, 0, 0, 0, 0, 0, 0, 0, 0, 0], [0, 0, 0, 0, 0, 0, 1, 0, 0, 0, 0, 0, 0, 0, 0, 0, 0], [0, 0, 0, 0, 0, 0, 0, 1, 0, 0, 0, 0, 0, 0, 0, 0, 0], [0, 0, 0, 0, 0, 0, 0, 0, 1, 0, 0, 0, 0, 0, 0, 0, 0], [0, 0, 0, 0, 0, 0, 0, 0, 0, 1, 0, 0, 0, 0, 0, 0, 0], [0, 0, 0, 0, 0, 0, 0, 0, 0, 0, 1, 0, 0, 0, 0, 0, 0], [0, 0, 0, 0, 0, 0, 0, 0, 0, 0, 0, 1, 0, 0, 0, 0, 0], [0, 0, 0, 0, 0, 0, 0, 0, 0, 0, 0, 0, 1, 0, 0, 0, 0], [0, 0, 0, 0, 0, 0, 0, 0, 0, 0, 0, 0, 0, 1, 0, 0, 0], [0, 0, 0, 0, 0, 0, 0, 0, 0, 0, 0, 0, 0, 0, 1, 0, 0], [0, 0, 0, 0, 0, 0, 0, 0, 0, 0, 0, 0, 0, 0, 0, 1, 0], [0, 0, 0, 0, 0, 0, 0, 0, 0, 0, 0, 0, 0, 0, 0, 0, 1]]
[[1, 0, 0, 0, 0, 0, 0, 0, 0, 0, 0, 0, 0, 0, 0, 0, 0], [0, 1, 0, 0, 0, 0, 0, 0, 0, 0, 0, 0, 0, 0, 0, 0, 0], [0, 0, 1, 0, 0, 0, 0, 0, 0, 0, 0, 0, 0, 0, 0, 0, 0], [0, 0, 0, 1, 0, 0, 0, 0, 0, 0, 0, 0, 0, 0, 0, 0, 0], [0, 0, 0, 0, 1, 0, 0, 0, 0, 0, 0, 0, 0, 0, 0, 0, 0], [0, 0, 0, 0, 0, 1, 0, 0, 0, 0, 0, 0, 0, 0, 0, 0, 0], [0, 0, 0, 0, 0, 0, 1, 0, 0, 0, 0, 0, 0, 0, 0, 0, 0], [0, 0, 0, 0, 0, 0, 0, 1, 0, 0, 0, 0, 0, 0, 0, 0, 0], [0, 0, 0, 0, 0, 0, 0, 0, 1, 0, 0, 0, 0, 0, 0, 0, 0], [0, 0, 0, 0, 0, 0, 0, 0, 0, 1, 0, 0, 0, 0, 0, 0, 0], [0, 0, 0, 0, 0, 0, 0, 0, 0, 0, 1, 0, 0, 0, 0, 0, 0], [0, 0, 0, 0, 0, 0, 0, 0, 0, 0, 0, 1, 0, 0, 0, 0, 0], [0, 0, 0, 0, 0, 0, 0, 0, 0, 0, 0, 0, 1, 0, 0, 0, 0], [0, 0, 0, 0, 0, 0, 0, 0, 0, 0, 0, 0, 0, 1, 0, 0, 0], [0, 0, 0, 0, 0, 0, 0, 0, 0, 0, 0, 0, 0, 0, 1, 0, 0], [0, 0, 0, 0, 0, 0, 0, 0, 0, 0, 0, 0, 0, 0, 0, 1, 0], [0, 0, 0, 0, 0, 0, 0, 0, 0, 0, 0, 0, 0, 0, 0, 0, 1]]
[[1, 0, 0, 0, 0, 0, 0, 0, 0, 0, 0, 0, 0, 0, 0, 0, 0], [0, 1, 0, 0, 0, 0, 0, 0, 0, 0, 0, 0, 0, 0, 0, 0, 0], [0, 0, 1, 0, 0, 0, 0, 0, 0, 0, 0, 0, 0, 0, 0, 0, 0], [0, 0, 0, 1, 0, 0, 0, 0, 0, 0, 0, 0, 0, 0, 0, 0, 0], [0, 0, 0, 0, 1, 0, 0, 0, 0, 0, 0, 0, 0, 0, 0, 0, 0], [0, 0, 0, 0, 0, 1, 0, 0, 0, 0, 0, 0, 0, 0, 0, 0, 0], [0, 0, 0, 0, 0, 0, 1, 0, 0, 0, 0, 0, 0, 0, 0, 0, 0], [0, 0, 0, 0, 0, 0, 0, 1, 0, 0, 0, 0, 0, 0, 0, 0, 0], [0, 0, 0, 0, 0, 0, 0, 0, 1, 0, 0, 0, 0, 0, 0, 0, 0], [0, 0, 0, 0, 0, 0, 0, 0, 0, 1, 0, 0, 0, 0, 0, 0, 0], [0, 0, 0, 0, 0, 0, 0, 0, 0, 0, 1, 0, 0, 0, 0, 0, 0], [0, 0, 0, 0, 0, 0, 0, 0, 0, 0, 0, 1, 0, 0, 0, 0, 0], [0, 0, 0, 0, 0, 0, 0, 0, 0, 0, 0, 0, 1, 0, 0, 0, 0], [0, 0, 0, 0, 0, 0, 0, 0, 0, 0, 0, 0, 0, 1, 0, 0, 0], [0, 0, 0, 0, 0, 0, 0, 0, 0, 0, 0, 0, 0, 0, 1, 0, 0], [0, 0, 0, 0, 0, 0, 0, 0, 0, 0, 0, 0, 0, 0, 0, 1, 0], [0, 0, 0, 0, 0, 0, 0, 0, 0, 0, 0, 0, 0, 0, 0, 0, 1]]
[[1, 0, 0, 0, 0, 0, 0, 0, 0, 0, 0, 0, 0, 0, 0, 0, 0], [0, 1, 0, 0, 0, 0, 0, 0, 0, 0, 0, 0, 0, 0, 0, 0, 0], [0, 0, 1, 0, 0, 0, 0, 0, 0, 0, 0, 0, 0, 0, 0, 0, 0], [0, 0, 0, 1, 0, 0, 0, 0, 0, 0, 0, 0, 0, 0, 0, 0, 0], [0, 0, 0, 0, 1, 0, 0, 0, 0, 0, 0, 0, 0, 0, 0, 0, 0], [0, 0, 0, 0, 0, 1, 0, 0, 0, 0, 0, 0, 0, 0, 0, 0, 0], [0, 0, 0, 0, 0, 0, 1, 0, 0, 0, 0, 0, 0, 0, 0, 0, 0], [0, 0, 0, 0, 0, 0, 0, 1, 0, 0, 0, 0, 0, 0, 0, 0, 0], [0, 0, 0, 0, 0, 0, 0, 0, 1, 0, 0, 0, 0, 0, 0, 0, 0], [0, 0, 0, 0, 0, 0, 0, 0, 0, 1, 0, 0, 0, 0, 0, 0, 0], [0, 0, 0, 0, 0, 0, 0, 0, 0, 0, 1, 0, 0, 0, 0, 0, 0], [0, 0, 0, 0, 0, 0, 0, 0, 0, 0, 0, 1, 0, 0, 0, 0, 0], [0, 0, 0, 0, 0, 0, 0, 0, 0, 0, 0, 0, 1, 0, 0, 0, 0], [0, 0, 0, 0, 0, 0, 0, 0, 0, 0, 0, 0, 0, 1, 0, 0, 0], [0, 0, 0, 0, 0, 0, 0, 0, 0, 0, 0, 0, 0, 0, 1, 0, 0], [0, 0, 0, 0, 0, 0, 0, 0, 0, 0, 0, 0, 0, 0, 0, 1, 0], [0, 0, 0, 0, 0, 0, 0, 0, 0, 0, 0, 0, 0, 0, 0, 0, 1]]
[[1, 0, 0, 0, 0, 0, 0, 0, 0, 0, 0, 0, 0, 0, 0, 0, 0], [0, 1, 0, 0, 0, 0, 0, 0, 0, 0, 0, 0, 0, 0, 0, 0, 0], [0, 0, 1, 0, 0, 0, 0, 0, 0, 0, 0, 0, 0, 0, 0, 0, 0], [0, 0, 0, 1, 0, 0, 0, 0, 0, 0, 0, 0, 0, 0, 0, 0, 0], [0, 0, 0, 0, 1, 0, 0, 0, 0, 0, 0, 0, 0, 0, 0, 0, 0], [0, 0, 0, 0, 0, 1, 0, 0, 0, 0, 0, 0, 0, 0, 0, 0, 0], [0, 0, 0, 0, 0, 0, 1, 0, 0, 0, 0, 0, 0, 0, 0, 0, 0], [0, 0, 0, 0, 0, 0, 0, 1, 0, 0, 0, 0, 0, 0, 0, 0, 0], [0, 0, 0, 0, 0, 0, 0, 0, 1, 0, 0, 0, 0, 0, 0, 0, 0], [0, 0, 0, 0, 0, 0, 0, 0, 0, 1, 0, 0, 0, 0, 0, 0, 0], [0, 0, 0, 0, 0, 0, 0, 0, 0, 0, 1, 0, 0, 0, 0, 0, 0], [0, 0, 0, 0, 0, 0, 0, 0, 0, 0, 0, 1, 0, 0, 0, 0, 0], [0, 0, 0, 0, 0, 0, 0, 0, 0, 0, 0, 0, 1, 0, 0, 0, 0], [0, 0, 0, 0, 0, 0, 0, 0, 0, 0, 0, 0, 0, 1, 0, 0, 0], [0, 0, 0, 0, 0, 0, 0, 0, 0, 0, 0, 0, 0, 0, 1, 0, 0], [0, 0, 0, 0, 0, 0, 0, 0, 0, 0, 0, 0, 0, 0, 0, 1, 0], [0, 0, 0, 0, 0, 0, 0, 0, 0, 0, 0, 0, 0, 0, 0, 0, 1]]
[[1, 0, 0, 0, 0, 0, 0, 0, 0, 0, 0, 0, 0, 0, 0, 0, 0], [0, 1, 0, 0, 0, 0, 0, 0, 0, 0, 0, 0, 0, 0, 0, 0, 0], [0, 0, 1, 0, 0, 0, 0, 0, 0, 0, 0, 0, 0, 0, 0, 0, 0], [0, 0, 0, 1, 0, 0, 0, 0, 0, 0, 0, 0, 0, 0, 0, 0, 0], [0, 0, 0, 0, 1, 0, 0, 0, 0, 0, 0, 0, 0, 0, 0, 0, 0], [0, 0, 0, 0, 0, 1, 0, 0, 0, 0, 0, 0, 0, 0, 0, 0, 0], [0, 0, 0, 0, 0, 0, 1, 0, 0, 0, 0, 0, 0, 0, 0, 0, 0], [0, 0, 0, 0, 0, 0, 0, 1, 0, 0, 0, 0, 0, 0, 0, 0, 0], [0, 0, 0, 0, 0, 0, 0, 0, 1, 0, 0, 0, 0, 0, 0, 0, 0], [0, 0, 0, 0, 0, 0, 0, 0, 0, 1, 0, 0, 0, 0, 0, 0, 0], [0, 0, 0, 0, 0, 0, 0, 0, 0, 0, 1, 0, 0, 0, 0, 0, 0], [0, 0, 0, 0, 0, 0, 0, 0, 0, 0, 0, 1, 0, 0, 0, 0, 0], [0, 0, 0, 0, 0, 0, 0, 0, 0, 0, 0, 0, 1, 0, 0, 0, 0], [0, 0, 0, 0, 0, 0, 0, 0, 0, 0, 0, 0, 0, 1, 0, 0, 0], [0, 0, 0, 0, 0, 0, 0, 0, 0, 0, 0, 0, 0, 0, 1, 0, 0], [0, 0, 0, 0, 0, 0, 0, 0, 0, 0, 0, 0, 0, 0, 0, 1, 0], [0, 0, 0, 0, 0, 0, 0, 0, 0, 0, 0, 0, 0, 0, 0, 0, 1]]
[[1, 0, 0, 0, 0, 0, 0, 0, 0, 0, 0, 0, 0, 0, 0, 0, 0], [0, 1, 0, 0, 0, 0, 0, 0, 0, 0, 0, 0, 0, 0, 0, 0, 0], [0, 0, 1, 0, 0, 0, 0, 0, 0, 0, 0, 0, 0, 0, 0, 0, 0], [0, 0, 0, 1, 0, 0, 0, 0, 0, 0, 0, 0, 0, 0, 0, 0, 0], [0, 0, 0, 0, 1, 0, 0, 0, 0, 0, 0, 0, 0, 0, 0, 0, 0], [0, 0, 0, 0, 0, 1, 0, 0, 0, 0, 0, 0, 0, 0, 0, 0, 0], [0, 0, 0, 0, 0, 0, 1, 0, 0, 0, 0, 0, 0, 0, 0, 0, 0], [0, 0, 0, 0, 0, 0, 0, 1, 0, 0, 0, 0, 0, 0, 0, 0, 0], [0, 0, 0, 0, 0, 0, 0, 0, 1, 0, 0, 0, 0, 0, 0, 0, 0], [0, 0, 0, 0, 0, 0, 0, 0, 0, 1, 0, 0, 0, 0, 0, 0, 0], [0, 0, 0, 0, 0, 0, 0, 0, 0, 0, 1, 0, 0, 0, 0, 0, 0], [0, 0, 0, 0, 0, 0, 0, 0, 0, 0, 0, 1, 0, 0, 0, 0, 0], [0, 0, 0, 0, 0, 0, 0, 0, 0, 0, 0, 0, 1, 0, 0, 0, 0], [0, 0, 0, 0, 0, 0, 0, 0, 0, 0, 0, 0, 0, 1, 0, 0, 0], [0, 0, 0, 0, 0, 0, 0, 0, 0, 0, 0, 0, 0, 0, 1, 0, 0], [0, 0, 0, 0, 0, 0, 0, 0, 0, 0, 0, 0, 0, 0, 0, 1, 0], [0, 0, 0, 0, 0, 0, 0, 0, 0, 0, 0, 0, 0, 0, 0, 0, 1]]
[[1, 0, 0, 0, 0, 0, 0, 0, 0, 0, 0, 0, 0, 0, 0, 0, 0], [0, 1, 0, 0, 0, 0, 0, 0, 0, 0, 0, 0, 0, 0, 0, 0, 0], [0, 0, 1, 0, 0, 0, 0, 0, 0, 0, 0, 0, 0, 0, 0, 0, 0], [0, 0, 0, 1, 0, 0, 0, 0, 0, 0, 0, 0, 0, 0, 0, 0, 0], [0, 0, 0, 0, 1, 0, 0, 0, 0, 0, 0, 0, 0, 0, 0, 0, 0], [0, 0, 0, 0, 0, 1, 0, 0, 0, 0, 0, 0, 0, 0, 0, 0, 0], [0, 0, 0, 0, 0, 0, 1, 0, 0, 0, 0, 0, 0, 0, 0, 0, 0], [0, 0, 0, 0, 0, 0, 0, 1, 0, 0, 0, 0, 0, 0, 0, 0, 0], [0, 0, 0, 0, 0, 0, 0, 0, 1, 0, 0, 0, 0, 0, 0, 0, 0], [0, 0, 0, 0, 0, 0, 0, 0, 0, 1, 0, 0, 0, 0, 0, 0, 0], [0, 0, 0, 0, 0, 0, 0, 0, 0, 0, 1, 0, 0, 0, 0, 0, 0], [0, 0, 0, 0, 0, 0, 0, 0, 0, 0, 0, 1, 0, 0, 0, 0, 0], [0, 0, 0, 0, 0, 0, 0, 0, 0, 0, 0, 0, 1, 0, 0, 0, 0], [0, 0, 0, 0, 0, 0, 0, 0, 0, 0, 0, 0, 0, 1, 0, 0, 0], [0, 0, 0, 0, 0, 0, 0, 0, 0, 0, 0, 0, 0, 0, 1, 0, 0], [0, 0, 0, 0, 0, 0, 0, 0, 0, 0, 0, 0, 0, 0, 0, 1, 0], [0, 0, 0, 0, 0, 0, 0, 0, 0, 0, 0, 0, 0, 0, 0, 0, 1]]
[[1, 0, 0, 0, 0, 0, 0, 0, 0, 0, 0, 0, 0, 0, 0, 0, 0], [0, 1, 0, 0, 0, 0, 0, 0, 0, 0, 0, 0, 0, 0, 0, 0, 0], [0, 0, 1, 0, 0, 0, 0, 0, 0, 0, 0, 0, 0, 0, 0, 0, 0], [0, 0, 0, 1, 0, 0, 0, 0, 0, 0, 0, 0, 0, 0, 0, 0, 0], [0, 0, 0, 0, 1, 0, 0, 0, 0, 0, 0, 0, 0, 0, 0, 0, 0], [0, 0, 0, 0, 0, 1, 0, 0, 0, 0, 0, 0, 0, 0, 0, 0, 0], [0, 0, 0, 0, 0, 0, 1, 0, 0, 0, 0, 0, 0, 0, 0, 0, 0], [0, 0, 0, 0, 0, 0, 0, 1, 0, 0, 0, 0, 0, 0, 0, 0, 0], [0, 0, 0, 0, 0, 0, 0, 0, 1, 0, 0, 0, 0, 0, 0, 0, 0], [0, 0, 0, 0, 0, 0, 0, 0, 0, 1, 0, 0, 0, 0, 0, 0, 0], [0, 0, 0, 0, 0, 0, 0, 0, 0, 0, 1, 0, 0, 0, 0, 0, 0], [0, 0, 0, 0, 0, 0, 0, 0, 0, 0, 0, 1, 0, 0, 0, 0, 0], [0, 0, 0, 0, 0, 0, 0, 0, 0, 0, 0, 0, 1, 0, 0, 0, 0], [0, 0, 0, 0, 0, 0, 0, 0, 0, 0, 0, 0, 0, 1, 0, 0, 0], [0, 0, 0, 0, 0, 0, 0, 0, 0, 0, 0, 0, 0, 0, 1, 0, 0], [0, 0, 0, 0, 0, 0, 0, 0, 0, 0, 0, 0, 0, 0, 0, 1, 0], [0, 0, 0, 0, 0, 0, 0, 0, 0, 0, 0, 0, 0, 0, 0, 0, 1]]
[[0, 0, 0, 0, 0, 1, -1, 0, 1, 0, 0, 0, 0, 0, 0, 0, 0], [-1, -2, 1, 0, 0, 1, -1, 1, 0, -2, 0, 0, 0, 0, 0, 0, 1], [0, 0, 0, -1, 0, 0, 0, 0, 0, 0, 0, 0, -1, 0, 1, 1, 0], [0, 0, 0, 0, -1, 1, -2, 0, 1, 0, 0, 0, -1, 0, 0, -1, -1], [-1, 0, 1, -2, -2, 0, -2, 0, 0, 0, -1, 0, -3, 1, 1, 1, 0], [-1, -1, 1, 1, 0, -1, 1, 0, -1, -2, 0, 0, 1, 0, 0, 0, 1], [0, 0, 0, 1, 0, -1, 1, -1, -1, 0, 0, 0, 1, 0, 0, 0, 0], [0, 0, -1, 0, 1, 1, -1, 1, 1, 0, 1, 0, 1, -1, -1, -1, 0], [2, 1, -1, 0, 0, 0, 0, -1, 0, 2, 0, 0, 0, 0, 0, 0, -1], [1, 1, -1, 0, 0, -1, 1, -1, 0, 1, 0, 0, 0, 0, 0, 0, -1], [0, 0, 0, 0, 1, 0, 1, 1, 0, 0, 0, 0, 1, -1, 0, 0, 0], [1, 0, 0, 1, 0, 0, 1, -1, 0, 0, 0, -1, 1, 0, 0, 0, 0], [1, 0, -1, 0, 2, 0, 2, 1, 0, 0, 1, 0, 2, -1, -1, 0, 1], [0, 0, -1, -1, 1, 0, 0, 1, 0, 0, 0, 0, 1, -1, -1, 0, 1], [1, 0, 0, 1, 0, 0, 1, -1, 0, 0, 0, 0, 1, 0, -1, 0, 0], [0, 0, 0, -1, 1, 1, -1, 2, 1, 0, 1, 0, 0, -1, 0, -1, 0], [1, 0, 0, 1, -1, 0, 0, -2, 0, 0, -1, 0, 0, 1, 0, 0, -1]]
[[1, 1, 0, -1, -1, 0, -1, -1, 1, 1, 0, 0, -2, 1, 0, 0, -1], [0, 0, 0, -2, 2, -1, 1, 1, 0, 1, 0, 2, -2, 0, 0, 1, 0], [0, 1, 0, -2, 0, -1, 0, 0, 0, 1, -1, 1, -3, 1, 1, 1, -1], [0, -1, 1, 2, -1, 2, -2, 0, 1, -1, 1, -1, 1, 0, -1, -2, 0], [-1, -2, 1, 0, 2, 0, 0, 1, 0, -1, 0, 1, 1, -1, -1, 0, 1], [0, 0, 0, 0, 2, -1, 3, 0, -1, 1, 0, 1, 1, -1, 0, 2, 1], [0, 1, 0, 1, -1, 0, 1, -1, 0, 0, 0, -1, 1, 0, 0, 0, 0], [0, 1, 0, 0, -2, 1, -2, 0, 1, 0, 0, -1, -1, 1, 0, -1, -1], [0, 0, 0, 2, -2, 2, -2, 0, 1, -2, 0, -2, 2, 0, 0, -2, 0], [0, 0, 0, 1, -1, 1, -1, 0, 0, 0, 0, -1, 1, 0, 0, -1, 0], [-1, 0, -1, -1, 0, -1, 0, 1, -1, -1, -1, 1, -1, 0, 1, 1, 0], [1, 1, -1, 0, 1, -1, 2, 0, -1, 1, 0, 1, 0, 0, 1, 1, 0], [0, 0, -1, -1, 1, -1, 1, 1, -1, 0, -1, 1, 0, 0, 1, 1, 0], [-1, -1, 0, 1, 0, 0, 0, 1, -1, -2, -1, 0, 2, 0, 0, 0, 1], [-1, 0, 0, 0, -1, 0, -1, 0, 0, -1, -1, 0, 0, 0, 1, 0, 0], [0, -1, 0, 0, 0, 1, -1, 1, 0, -1, 0, 0, 0, 0, 0, 0, 0], [0, 1, 0, 0, -2, 1, -2, -1, 1, 0, 0, -1, -1, 1, 0, -1, 0]]
[[1, 0, 0, 0, 0, 0, 0, 0, 0, 0, 0, 0, 0, 0, 0, 0, 0], [0, 1, 0, 0, 0, 0, 0, 0, 0, 0, 0, 0, 0, 0, 0, 0, 0], [0, 0, 1, 0, 0, 0, 0, 0, 0, 0, 0, 0, 0, 0, 0, 0, 0], [0, 0, 0, 1, 0, 0, 0, 0, 0, 0, 0, 0, 0, 0, 0, 0, 0], [0, 0, 0, 0, 1, 0, 0, 0, 0, 0, 0, 0, 0, 0, 0, 0, 0], [0, 0, 0, 0, 0, 1, 0, 0, 0, 0, 0, 0, 0, 0, 0, 0, 0], [0, 0, 0, 0, 0, 0, 1, 0, 0, 0, 0, 0, 0, 0, 0, 0, 0], [0, 0, 0, 0, 0, 0, 0, 1, 0, 0, 0, 0, 0, 0, 0, 0, 0], [0, 0, 0, 0, 0, 0, 0, 0, 1, 0, 0, 0, 0, 0, 0, 0, 0], [0, 0, 0, 0, 0, 0, 0, 0, 0, 1, 0, 0, 0, 0, 0, 0, 0], [0, 0, 0, 0, 0, 0, 0, 0, 0, 0, 1, 0, 0, 0, 0, 0, 0], [0, 0, 0, 0, 0, 0, 0, 0, 0, 0, 0, 1, 0, 0, 0, 0, 0], [0, 0, 0, 0, 0, 0, 0, 0, 0, 0, 0, 0, 1, 0, 0, 0, 0], [0, 0, 0, 0, 0, 0, 0, 0, 0, 0, 0, 0, 0, 1, 0, 0, 0], [0, 0, 0, 0, 0, 0, 0, 0, 0, 0, 0, 0, 0, 0, 1, 0, 0], [0, 0, 0, 0, 0, 0, 0, 0, 0, 0, 0, 0, 0, 0, 0, 1, 0], [0, 0, 0, 0, 0, 0, 0, 0, 0, 0, 0, 0, 0, 0, 0, 0, 1]]
[[0, 0, 1, -1, -1, 1, -2, 0, 1, 0, 0, -1, -1, 1, -1, -1, 0], [1, -2, 0, 0, 1, 2, -1, 2, 0, -1, 1, 1, 1, -1, -1, -1, 1], [2, 0, 0, 0, 0, 1, 0, 0, 0, 1, 1, 0, 0, 0, 0, 0, 0], [-1, 0, 1, 0, -1, 1, -2, 0, 1, 0, 0, -1, -1, 1, -1, -1, 0], [0, -2, 0, 0, 1, 1, -1, 1, 0, -1, 0, 1, 1, -1, -1, 0, 1], [0, -1, -1, 1, 1, 0, 1, 1, -1, -1, 0, 2, 1, -2, 1, 1, 0], [0, 2, -1, 0, -1, -1, 1, -1, 0, 1, 0, 0, -1, 0, 1, 1, -1], [0, 1, 1, 1, -1, 0, 0, -1, 1, 0, 0, -1, 0, 1, 0, -1, -1], [-1, 2, 0, 1, 0, -2, 2, -1, 0, 1, 0, -1, 0, 1, 0, 0, -1], [-1, 1, 0, 0, 0, -1, 0, 0, 0, 1, 0, 0, -1, 0, 1, 0, -1], [1, 0, 0, 1, 1, -1, 3, -1, -1, 0, 0, 0, 2, 0, 0, 1, 1], [0, 1, -1, -1, 1, -1, 1, 1, -1, 1, 0, 1, -1, 0, 1, 1, 0], [0, -1, 0, 1, 2, -1, 2, 1, -1, -1, 0, 1, 2, -1, 1, 0, 0], [-1, 0, 0, 1, 1, -2, 2, 0, -1, -1, -1, 1, 1, 0, 1, 1, 0], [-1, 0, 0, 1, 0, -1, 1, 0, -1, 0, 0, 0, 1, 0, 0, 0, 0], [1, -1, 1, 2, 1, 0, 2, -1, 0, -1, 0, 0, 2, 0, 0, 0, 0], [-1, 1, 0, 0, -1, 0, -1, 0, 0, 1, 1, -1, -1, 1, -1, -1, 0]]
[[1, 0, 0, 0, 0, 0, 0, 0, 0, 0, 0, 0, 0, 0, 0, 0, 0], [0, 1, 0, 0, 0, 0, 0, 0, 0, 0, 0, 0, 0, 0, 0, 0, 0], [0, 0, 1, 0, 0, 0, 0, 0, 0, 0, 0, 0, 0, 0, 0, 0, 0], [0, 0, 0, 1, 0, 0, 0, 0, 0, 0, 0, 0, 0, 0, 0, 0, 0], [0, 0, 0, 0, 1, 0, 0, 0, 0, 0, 0, 0, 0, 0, 0, 0, 0], [0, 0, 0, 0, 0, 1, 0, 0, 0, 0, 0, 0, 0, 0, 0, 0, 0], [0, 0, 0, 0, 0, 0, 1, 0, 0, 0, 0, 0, 0, 0, 0, 0, 0], [0, 0, 0, 0, 0, 0, 0, 1, 0, 0, 0, 0, 0, 0, 0, 0, 0], [0, 0, 0, 0, 0, 0, 0, 0, 1, 0, 0, 0, 0, 0, 0, 0, 0], [0, 0, 0, 0, 0, 0, 0, 0, 0, 1, 0, 0, 0, 0, 0, 0, 0], [0, 0, 0, 0, 0, 0, 0, 0, 0, 0, 1, 0, 0, 0, 0, 0, 0], [0, 0, 0, 0, 0, 0, 0, 0, 0, 0, 0, 1, 0, 0, 0, 0, 0], [0, 0, 0, 0, 0, 0, 0, 0, 0, 0, 0, 0, 1, 0, 0, 0, 0], [0, 0, 0, 0, 0, 0, 0, 0, 0, 0, 0, 0, 0, 1, 0, 0, 0], [0, 0, 0, 0, 0, 0, 0, 0, 0, 0, 0, 0, 0, 0, 1, 0, 0], [0, 0, 0, 0, 0, 0, 0, 0, 0, 0, 0, 0, 0, 0, 0, 1, 0], [0, 0, 0, 0, 0, 0, 0, 0, 0, 0, 0, 0, 0, 0, 0, 0, 1]]
[[0, 1, 0, 0, -1, 0, 0, -1, 1, 0, 0, 0, -1, 0, 1, 0, -1], [-1, -1, 0, 1, 3, 0, 3, 2, 0, -2, 1, 1, 3, -1, -2, -1, 2], [0, 1, -1, 0, 2, -1, 3, 1, 0, 0, 1, 1, 1, -1, 0, 0, 0], [0, 0, 0, -1, -2, 0, -2, -1, 0, 0, -1, 0, -2, 1, 1, 0, -1], [-1, 0, 0, -1, 1, 0, 1, 1, 0, 0, 0, 0, 1, 0, -2, 0, 2], [-1, -2, 0, 2, 4, 0, 3, 2, -1, -2, 1, 0, 6, -1, -4, -1, 4], [0, 0, 0, 0, 0, 0, -1, 0, 0, 0, 0, 0, 0, 0, 0, 0, 0], [0, 0, 0, 0, -2, 0, -2, -1, 0, 0, 0, 0, -2, 0, 2, 0, -2], [2, 1, 0, -1, -4, 0, -3, -3, 0, 2, -1, -1, -4, 1, 3, 1, -3], [1, 0, 0, 0, -1, -1, 0, -2, -1, 1, -1, 0, -1, 1, 1, 1, -1], [0, 0, 0, 0, 0, 0, 0, 1, 0, 0, 0, 0, 0, -1, 1, 0, -1], [1, 0, 0, 2, 1, -1, 3, -1, -1, 0, 0, 0, 2, 0, 0, 0, 0], [1, -1, 0, 2, 1, 0, 2, 0, -1, 0, 1, 0, 2, -1, 0, 0, 0], [0, -1, 0, 1, -1, 0, -1, 0, -1, 0, 0, 0, 0, -1, 1, 0, -1], [1, 0, 0, 1, -1, 0, 0, -1, 0, 0, 0, 0, 0, 0, 0, 0, -1], [0, -1, 0, 0, 0, 1, -1, 1, 0, 0, 1, -1, 1, -1, 0, -1, 0], [1, 1, 0, 0, -2, 0, -1, -2, 1, 0, -1, 0, -2, 1, 1, 0, -2]]
[[1, 0, 0, 0, 0, 0, 0, 0, 0, 0, 0, 0, 0, 0, 0, 0, 0], [0, 1, 0, 0, 0, 0, 0, 0, 0, 0, 0, 0, 0, 0, 0, 0, 0], [0, 0, 1, 0, 0, 0, 0, 0, 0, 0, 0, 0, 0, 0, 0, 0, 0], [0, 0, 0, 1, 0, 0, 0, 0, 0, 0, 0, 0, 0, 0, 0, 0, 0], [0, 0, 0, 0, 1, 0, 0, 0, 0, 0, 0, 0, 0, 0, 0, 0, 0], [0, 0, 0, 0, 0, 1, 0, 0, 0, 0, 0, 0, 0, 0, 0, 0, 0], [0, 0, 0, 0, 0, 0, 1, 0, 0, 0, 0, 0, 0, 0, 0, 0, 0], [0, 0, 0, 0, 0, 0, 0, 1, 0, 0, 0, 0, 0, 0, 0, 0, 0], [0, 0, 0, 0, 0, 0, 0, 0, 1, 0, 0, 0, 0, 0, 0, 0, 0], [0, 0, 0, 0, 0, 0, 0, 0, 0, 1, 0, 0, 0, 0, 0, 0, 0], [0, 0, 0, 0, 0, 0, 0, 0, 0, 0, 1, 0, 0, 0, 0, 0, 0], [0, 0, 0, 0, 0, 0, 0, 0, 0, 0, 0, 1, 0, 0, 0, 0, 0], [0, 0, 0, 0, 0, 0, 0, 0, 0, 0, 0, 0, 1, 0, 0, 0, 0], [0, 0, 0, 0, 0, 0, 0, 0, 0, 0, 0, 0, 0, 1, 0, 0, 0], [0, 0, 0, 0, 0, 0, 0, 0, 0, 0, 0, 0, 0, 0, 1, 0, 0], [0, 0, 0, 0, 0, 0, 0, 0, 0, 0, 0, 0, 0, 0, 0, 1, 0], [0, 0, 0, 0, 0, 0, 0, 0, 0, 0, 0, 0, 0, 0, 0, 0, 1]]
[[1, -1, 0, 1, 1, 0, 1, 0, -1, 0, 0, 0, 2, 0, -1, 0, 1], [0, 0, 0, 0, -2, 1, -3, 0, 0, 0, 0, -1, -1, 0, 1, 0, -1], [0, -1, 1, 0, -1, 1, -2, 0, 0, 0, 0, -1, 0, 0, 0, 0, 0], [0, 0, 0, 1, 1, 0, 1, 0, 0, 0, 0, 0, 1, 0, -1, 0, 1], [0, 0, 0, 0, -1, 0, -2, 0, 0, 0, 0, 0, -2, 0, 2, 0, -2], [0, 1, 0, -1, -3, 1, -3, 0, 1, 0, 0, 0, -4, 0, 3, 0, -3], [0, 0, 0, 0, 0, 0, 1, 0, 0, 0, 0, 0, 0, 0, 0, 0, 0], [0, 0, 0, 0, 2, 0, 2, 1, 0, 0, 0, 0, 2, 0, -2, 0, 2], [0, 0, 0, 1, 3, -1, 4, 0, 0, 0, 0, 1, 3, 0, -2, 0, 2], [0, 1, 0, -1, 0, 0, 0, 0, 1, 1, 0, 0, -1, 0, 0, 0, 0], [0, 0, 0, 0, 1, 0, 1, 0, 0, 0, 1, 0, 1, 0, -1, 0, 1], [0, 0, 0, -1, -1, 1, -2, 0, 1, 0, 0, 0, -1, 0, 0, 0, 0], [0, 1, 0, -1, 0, 0, 0, 0, 1, 0, 0, 0, 0, 0, 0, 0, 0], [0, 1, 0, -1, 1, 0, 1, 0, 1, 0, 0, 0, 0, 1, -1, 0, 1], [0, 0, 0, 0, 1, 0, 1, 0, 0, 0, 0, 0, 1, 0, 0, 0, 1], [0, 1, 0, 0, 1, -1, 2, 0, 0, 0, 0, 1, 0, 0, 0, 1, 0], [0, -1, 0, 1, 1, 0, 1, 0, -1, 0, 0, 0, 2, 0, -1, 0, 2]]
[[1, -1, 2, 1, -2, 2, -2, -2, 1, 0, 0, -2, 0, 1, -1, -1, 0], [0, -1, 0, -4, -2, 0, -3, 0, -1, 1, -1, 0, -4, 1, 1, 1, 0], [0, 0, 0, -2, -2, 1, -3, 0, 0, 1, 0, -1, -3, 1, 0, 0, 0], [1, 0, 1, 2, 0, 1, 1, -1, 1, 0, 1, -1, 2, 0, -1, -1, 0], [-1, -1, -1, -3, 0, -1, -1, 1, -1, -1, -1, 1, -1, 0, 0, 1, 1], [-1, 2, -3, -5, 0, -4, 1, 1, -2, 1, -2, 3, -4, 0, 3, 3, -1], [0, 2, -1, 0, 0, -1, 1, 0, 0, 1, 0, 1, -1, 0, 1, 1, -1], [0, 0, 2, 3, -1, 2, -1, -1, 2, 0, 1, -2, 1, 0, -1, -2, -1], [1, 0, 1, 7, 2, 1, 4, -1, 1, -1, 2, -1, 6, -1, -2, -2, 0], [0, 0, 0, 3, 1, 0, 2, 0, 0, -1, 1, 0, 3, -1, 0, -1, 0], [-1, 0, 0, 0, 1, 0, 0, 1, 0, 0, 0, 0, 0, 0, -1, 0, 1], [1, 1, -1, 0, 0, -1, 2, -1, -1, 1, 0, 0, 0, 0, 1, 1, 0], [-1, -1, 0, 1, 1, 0, 0, 1, 0, -1, 0, 0, 1, -1, 0, -1, 0], [-1, 0, 0, 3, 2, 0, 2, 1, 1, -1, 1, 0, 3, -2, -1, -1, 0], [0, 0, 0, 3, 1, 0, 2, 0, 0, 0, 1, 0, 3, -1, -1, -1, 0], [-1, 0, 0, 0, 1, 0, 0, 1, 1, -1, 0, 0, 0, 0, -1, -1, 0], [2, 0, 1, 4, 0, 1, 2, -2, 0, 1, 2, -1, 3, 0, -1, -1, 0]]
[[1, 0, 0, 0, 0, 0, 0, 0, 0, 0, 0, 0, 0, 0, 0, 0, 0], [0, 1, 0, 0, 0, 0, 0, 0, 0, 0, 0, 0, 0, 0, 0, 0, 0], [0, 0, 1, 0, 0, 0, 0, 0, 0, 0, 0, 0, 0, 0, 0, 0, 0], [0, 0, 0, 1, 0, 0, 0, 0, 0, 0, 0, 0, 0, 0, 0, 0, 0], [0, 0, 0, 0, 1, 0, 0, 0, 0, 0, 0, 0, 0, 0, 0, 0, 0], [0, 0, 0, 0, 0, 1, 0, 0, 0, 0, 0, 0, 0, 0, 0, 0, 0], [0, 0, 0, 0, 0, 0, 1, 0, 0, 0, 0, 0, 0, 0, 0, 0, 0], [0, 0, 0, 0, 0, 0, 0, 1, 0, 0, 0, 0, 0, 0, 0, 0, 0], [0, 0, 0, 0, 0, 0, 0, 0, 1, 0, 0, 0, 0, 0, 0, 0, 0], [0, 0, 0, 0, 0, 0, 0, 0, 0, 1, 0, 0, 0, 0, 0, 0, 0], [0, 0, 0, 0, 0, 0, 0, 0, 0, 0, 1, 0, 0, 0, 0, 0, 0], [0, 0, 0, 0, 0, 0, 0, 0, 0, 0, 0, 1, 0, 0, 0, 0, 0], [0, 0, 0, 0, 0, 0, 0, 0, 0, 0, 0, 0, 1, 0, 0, 0, 0], [0, 0, 0, 0, 0, 0, 0, 0, 0, 0, 0, 0, 0, 1, 0, 0, 0], [0, 0, 0, 0, 0, 0, 0, 0, 0, 0, 0, 0, 0, 0, 1, 0, 0], [0, 0, 0, 0, 0, 0, 0, 0, 0, 0, 0, 0, 0, 0, 0, 1, 0], [0, 0, 0, 0, 0, 0, 0, 0, 0, 0, 0, 0, 0, 0, 0, 0, 1]]
[[1, 0, 0, 0, 0, 0, 0, 0, 0, 0, 0, 0, 0, 0, 0, 0, 0], [0, 1, 0, 0, 0, 0, 0, 0, 0, 0, 0, 0, 0, 0, 0, 0, 0], [0, 0, 1, 0, 0, 0, 0, 0, 0, 0, 0, 0, 0, 0, 0, 0, 0], [0, 0, 0, 1, 0, 0, 0, 0, 0, 0, 0, 0, 0, 0, 0, 0, 0], [0, 0, 0, 0, 1, 0, 0, 0, 0, 0, 0, 0, 0, 0, 0, 0, 0], [0, 0, 0, 0, 0, 1, 0, 0, 0, 0, 0, 0, 0, 0, 0, 0, 0], [0, 0, 0, 0, 0, 0, 1, 0, 0, 0, 0, 0, 0, 0, 0, 0, 0], [0, 0, 0, 0, 0, 0, 0, 1, 0, 0, 0, 0, 0, 0, 0, 0, 0], [0, 0, 0, 0, 0, 0, 0, 0, 1, 0, 0, 0, 0, 0, 0, 0, 0], [0, 0, 0, 0, 0, 0, 0, 0, 0, 1, 0, 0, 0, 0, 0, 0, 0], [0, 0, 0, 0, 0, 0, 0, 0, 0, 0, 1, 0, 0, 0, 0, 0, 0], [0, 0, 0, 0, 0, 0, 0, 0, 0, 0, 0, 1, 0, 0, 0, 0, 0], [0, 0, 0, 0, 0, 0, 0, 0, 0, 0, 0, 0, 1, 0, 0, 0, 0], [0, 0, 0, 0, 0, 0, 0, 0, 0, 0, 0, 0, 0, 1, 0, 0, 0], [0, 0, 0, 0, 0, 0, 0, 0, 0, 0, 0, 0, 0, 0, 1, 0, 0], [0, 0, 0, 0, 0, 0, 0, 0, 0, 0, 0, 0, 0, 0, 0, 1, 0], [0, 0, 0, 0, 0, 0, 0, 0, 0, 0, 0, 0, 0, 0, 0, 0, 1]]
[[1, 0, 0, 0, 0, 0, 0, 0, 0, 0, 0, 0, 0, 0, 0, 0, 0], [0, 1, 0, 0, 0, 0, 0, 0, 0, 0, 0, 0, 0, 0, 0, 0, 0], [0, 0, 1, 0, 0, 0, 0, 0, 0, 0, 0, 0, 0, 0, 0, 0, 0], [0, 0, 0, 1, 0, 0, 0, 0, 0, 0, 0, 0, 0, 0, 0, 0, 0], [0, 0, 0, 0, 1, 0, 0, 0, 0, 0, 0, 0, 0, 0, 0, 0, 0], [0, 0, 0, 0, 0, 1, 0, 0, 0, 0, 0, 0, 0, 0, 0, 0, 0], [0, 0, 0, 0, 0, 0, 1, 0, 0, 0, 0, 0, 0, 0, 0, 0, 0], [0, 0, 0, 0, 0, 0, 0, 1, 0, 0, 0, 0, 0, 0, 0, 0, 0], [0, 0, 0, 0, 0, 0, 0, 0, 1, 0, 0, 0, 0, 0, 0, 0, 0], [0, 0, 0, 0, 0, 0, 0, 0, 0, 1, 0, 0, 0, 0, 0, 0, 0], [0, 0, 0, 0, 0, 0, 0, 0, 0, 0, 1, 0, 0, 0, 0, 0, 0], [0, 0, 0, 0, 0, 0, 0, 0, 0, 0, 0, 1, 0, 0, 0, 0, 0], [0, 0, 0, 0, 0, 0, 0, 0, 0, 0, 0, 0, 1, 0, 0, 0, 0], [0, 0, 0, 0, 0, 0, 0, 0, 0, 0, 0, 0, 0, 1, 0, 0, 0], [0, 0, 0, 0, 0, 0, 0, 0, 0, 0, 0, 0, 0, 0, 1, 0, 0], [0, 0, 0, 0, 0, 0, 0, 0, 0, 0, 0, 0, 0, 0, 0, 1, 0], [0, 0, 0, 0, 0, 0, 0, 0, 0, 0, 0, 0, 0, 0, 0, 0, 1]]
[[1, 0, 0, 1, -1, 1, 0, -1, 0, 1, 1, -1, 1, 0, -1, -1, 0], [-1, -2, 0, -2, -1, 1, -4, 2, 0, 0, 0, 0, -2, -1, 1, -1, -1], [-1, -1, 0, -1, -1, 1, -3, 1, 0, 0, 0, -1, -1, 0, 0, -1, 0], [1, 0, 0, 1, 1, 0, 2, -1, 0, 0, 1, 0, 2, 0, -1, 0, 1], [-2, -2, 0, 0, 0, 0, -2, 2, 0, -2, 0, 1, 0, -2, 1, -1, -1], [-2, 0, -1, -3, 0, -2, -2, 2, 0, -1, -2, 2, -3, -1, 3, 1, -2], [0, 1, 0, 0, 0, -1, 1, -1, 0, 0, -1, 0, 0, 1, 0, 1, 0], [1, 2, 0, -1, -1, 0, 1, -2, 0, 2, 0, -1, -1, 2, -1, 1, 1], [2, 2, 0, 2, 1, -1, 5, -3, -1, 1, 0, 0, 2, 2, -1, 2, 2], [1, 1, 0, 0, 0, 0, 1, -1, 0, 0, 0, 0, 0, 1, 0, 1, 1], [-1, 0, 0, 0, 1, 0, 0, 1, 0, 0, 0, 0, 0, 0, -1, 0, 1], [1, 1, -1, -1, 0, 0, 0, 0, 0, 1, 0, 0, -1, 0, 1, 1, 0], [0, 1, 0, -2, -1, 0, -1, 0, 0, 1, -1, 0, -3, 1, 1, 1, 0], [0, 2, 0, -1, 0, -1, 2, -1, 0, 1, -1, 0, -1, 1, 0, 2, 1], [0, 0, 1, 0, 0, 0, 0, -1, 0, 0, -1, 0, 0, 1, 0, 1, 1], [-1, 1, -1, -1, 1, -1, 1, 1, 0, 0, 0, 1, -1, 0, 0, 0, 0], [2, 0, 1, 2, 0, 1, 1, -2, 0, 1, 1, -1, 2, 1, -1, 0, 1]]
[[1, 0, 0, 1, 0, 1, 0, 0, 1, -1, 1, 0, 1, 0, -1, -1, 0], [-1, -3, 1, 1, 2, 2, -1, 3, 0, -3, 1, 1, 2, -1, -2, -2, 2], [0, -1, 1, 1, 1, 1, 0, 1, 0, -1, 1, 0, 1, 0, -1, -1, 1], [1, 1, 0, 0, -1, 0, 0, -1, 1, 1, 0, 0, -1, 0, 1, 0, -2], [-2, -3, 1, 1, 2, 1, -1, 2, 0, -3, 0, 1, 2, -1, -2, -1, 2], [-2, -2, 1, 0, 0, 1, -2, 1, -1, -1, -1, 0, 0, 0, -1, 0, 2], [0, 2, 0, -1, -2, -1, 0, -2, 0, 2, -1, -1, -2, 1, 1, 1, -1], [1, 2, 0, -1, -2, 0, -1, -1, 1, 2, 0, -1, -2, 1, 1, 0, -2], [2, 4, -1, -2, -2, -2, 1, -3, 1, 4, -1, -1, -3, 1, 3, 2, -3], [1, 2, -1, 0, 0, -1, 2, -1, 0, 2, 0, 0, 0, 0, 1, 1, -1], [0, 0, 0, -1, 0, -1, 0, 0, -1, 1, 0, 0, -1, 0, 1, 1, 0], [1, 1, -1, 0, 1, -1, 2, 0, -1, 1, 0, 1, 0, 0, 1, 1, 0], [0, -1, 0, 0, 1, 0, 0, 1, -1, 0, 0, 0, 1, 0, 0, 0, 1], [0, 1, 0, -2, -1, -2, 0, -1, -1, 2, -2, 0, -2, 1, 2, 2, -1], [0, 1, 0, -1, -1, -1, 0, -1, 0, 1, -1, 0, -1, 0, 2, 1, -1], [0, -1, 1, -1, -1, 1, -3, 0, 0, 1, 0, -1, -2, 1, 0, 0, 0], [2, 3, -1, -1, -1, -1, 2, -2, 1, 2, 0, 0, -1, 0, 2, 1, -2]]
[[1, 0, 0, 0, 0, 0, 0, 0, 0, 0, 0, 0, 0, 0, 0, 0, 0], [0, 1, 0, 0, 0, 0, 0, 0, 0, 0, 0, 0, 0, 0, 0, 0, 0], [0, 0, 1, 0, 0, 0, 0, 0, 0, 0, 0, 0, 0, 0, 0, 0, 0], [0, 0, 0, 1, 0, 0, 0, 0, 0, 0, 0, 0, 0, 0, 0, 0, 0], [0, 0, 0, 0, 1, 0, 0, 0, 0, 0, 0, 0, 0, 0, 0, 0, 0], [0, 0, 0, 0, 0, 1, 0, 0, 0, 0, 0, 0, 0, 0, 0, 0, 0], [0, 0, 0, 0, 0, 0, 1, 0, 0, 0, 0, 0, 0, 0, 0, 0, 0], [0, 0, 0, 0, 0, 0, 0, 1, 0, 0, 0, 0, 0, 0, 0, 0, 0], [0, 0, 0, 0, 0, 0, 0, 0, 1, 0, 0, 0, 0, 0, 0, 0, 0], [0, 0, 0, 0, 0, 0, 0, 0, 0, 1, 0, 0, 0, 0, 0, 0, 0], [0, 0, 0, 0, 0, 0, 0, 0, 0, 0, 1, 0, 0, 0, 0, 0, 0], [0, 0, 0, 0, 0, 0, 0, 0, 0, 0, 0, 1, 0, 0, 0, 0, 0], [0, 0, 0, 0, 0, 0, 0, 0, 0, 0, 0, 0, 1, 0, 0, 0, 0], [0, 0, 0, 0, 0, 0, 0, 0, 0, 0, 0, 0, 0, 1, 0, 0, 0], [0, 0, 0, 0, 0, 0, 0, 0, 0, 0, 0, 0, 0, 0, 1, 0, 0], [0, 0, 0, 0, 0, 0, 0, 0, 0, 0, 0, 0, 0, 0, 0, 1, 0], [0, 0, 0, 0, 0, 0, 0, 0, 0, 0, 0, 0, 0, 0, 0, 0, 1]]
