
##########################################################
# DATA FOR CRYSTALLOGRAPHIC QUARTIC SURFACE FAMILY 32.18 #
##########################################################


##################
# GROUP & FAMILY #
##################

Generators of crystallographic group:
[[0, 0, -1, 0], [1, 0, 0, 0], [0, 1, 0, 0], [0, 0, 0, 1]]
[[-1, 0, 0, 0], [0, -1, 0, 0], [0, 0, 1, 0], [0, 0, 0, 1]]
[[0, 1, 0, 0], [1, 0, 0, 0], [0, 0, 0, 1], [0, 0, 1, 0]]
[[0, 0, 0, -1], [0, 0, 1, 0], [0, -1, 0, 0], [1, 0, 0, 0]]
[[0, 0, -1, 0], [0, 0, 0, -1], [-1, 0, 0, 0], [0, -1, 0, 0]]

Invariant polynomials:
x^4 + y^4 + z^4 + w^4
x^2*y^2 + x^2*z^2 + y^2*z^2 + x^2*w^2 + y^2*w^2 + z^2*w^2

Equivalent crystallographic groups:
32.20
32.21

############
# HOMOLOGY #
############


Intersection product:
[[-4, -2, -1, -2, -2, -1, 0, -1, 1, -2, 0, -1, 0, 1, 0, -2, 1, -2, -2, 0, -3, -2], [-2, -4, 0, -2, -1, 0, -1, -1, 1, -4, -1, -1, 1, 1, -1, -2, 0, -3, -3, 1, -2, -2], [-1, 0, -2, -2, 0, -1, 1, -2, 0, -1, -1, -2, -1, 0, -1, -2, -2, -1, 0, -1, 0, 0], [-2, -2, -2, -4, -1, -2, 1, -3, 1, -3, -1, -3, -1, 0, -1, -3, -2, -3, -2, -1, -1, -1], [-2, -1, 0, -1, -2, 0, 0, -1, 1, -1, 0, -1, 0, 0, 0, -1, 0, -1, -1, 0, -1, -1], [-1, 0, -1, -2, 0, -2, 0, -1, 0, 0, -1, -1, -1, 0, -1, -1, -1, -1, 0, -1, 0, 0], [0, -1, 1, 1, 0, 0, -2, 2, 0, 0, 1, 1, 1, 0, 1, 1, 2, 0, -1, 1, -1, -1], [-1, -1, -2, -3, -1, -1, 2, -4, 1, -2, -1, -3, -1, 0, -1, -3, -3, -2, -1, -1, 0, 0], [1, 1, 0, 1, 1, 0, 0, 1, -2, 1, -1, 1, 0, 0, -1, 1, 0, 1, 2, 0, 1, 1], [-2, -4, -1, -3, -1, 0, 0, -2, 1, -6, -2, -2, 1, 1, -2, -3, -1, -4, -3, 1, -2, -2], [0, -1, -1, -1, 0, -1, 1, -1, -1, -2, -2, -1, 0, 0, -1, -1, -1, -1, 0, 0, 0, 0], [-1, -1, -2, -3, -1, -1, 1, -3, 1, -2, -1, -4, -1, -1, -1, -2, -3, -2, -1, -1, 1, 0], [0, 1, -1, -1, 0, -1, 1, -1, 0, 1, 0, -1, -2, 0, -1, 0, -1, 0, 1, -1, 1, 1], [1, 1, 0, 0, 0, 0, 0, 0, 0, 1, 0, -1, 0, -2, 0, 1, -1, 1, 1, 0, 2, 1], [0, -1, -1, -1, 0, -1, 1, -1, -1, -2, -1, -1, -1, 0, -2, -1, -1, -1, 0, 0, 0, 0], [-2, -2, -2, -3, -1, -1, 1, -3, 1, -3, -1, -2, 0, 1, -1, -4, -2, -3, -2, -1, -1, -1], [1, 0, -2, -2, 0, -1, 2, -3, 0, -1, -1, -3, -1, -1, -1, -2, -4, -1, 0, -1, 2, 1], [-2, -3, -1, -3, -1, -1, 0, -2, 1, -4, -1, -2, 0, 1, -1, -3, -1, -4, -3, 0, -2, -2], [-2, -3, 0, -2, -1, 0, -1, -1, 2, -3, 0, -1, 1, 1, 0, -2, 0, -3, -4, 1, -2, -2], [0, 1, -1, -1, 0, -1, 1, -1, 0, 1, 0, -1, -1, 0, 0, -1, -1, 0, 1, -2, 1, 1], [-3, -2, 0, -1, -1, 0, -1, 0, 1, -2, 0, 1, 1, 2, 0, -1, 2, -2, -2, 1, -4, -2], [-2, -2, 0, -1, -1, 0, -1, 0, 1, -2, 0, 0, 1, 1, 0, -1, 1, -2, -2, 1, -2, -2]]

Basis of the generic Picard lattice:
[1, 0, 0, 0, 0, 0, 0, 0, 0, 0, 0, 0, 0, 0, 0, 0, 0, 1, 0, 1, 0, 1]
[0, 1, 0, 0, 0, 0, 0, 0, 0, 0, 0, 0, 0, 0, 0, 0, 0, 1, 0, 1, 0, -2]
[0, 0, 1, 0, 0, 0, 0, 0, 0, 0, 0, 0, 0, 0, 0, 0, -2, 0, 0, 2, 0, -1]
[0, 0, 0, 1, 0, 0, 0, 0, 0, 0, 0, 0, 0, 0, 0, 0, -1, 0, 0, 1, 0, 0]
[0, 0, 0, 0, 1, 0, 0, 0, 0, 0, 0, 0, 0, 0, 0, 0, 0, 1, 0, 1, 0, 0]
[0, 0, 0, 0, 0, 1, 0, 0, 0, 0, 0, 0, 0, 0, 0, 0, -2, 1, 0, 2, 0, -1]
[0, 0, 0, 0, 0, 0, 1, 0, 0, 0, 0, 0, 0, 0, 0, 0, 2, 1, 0, -1, 0, 2]
[0, 0, 0, 0, 0, 0, 0, 1, 0, 0, 0, 0, 0, 0, 0, 0, -2, 1, 0, 2, 0, 0]
[0, 0, 0, 0, 0, 0, 0, 0, 1, 0, 0, 0, 0, 0, 0, 0, 0, 1, 0, 0, 0, 0]
[0, 0, 0, 0, 0, 0, 0, 0, 0, 1, 0, 0, 0, 0, 0, 0, 0, 0, 0, 0, 0, -2]
[0, 0, 0, 0, 0, 0, 0, 0, 0, 0, 1, 0, 0, 0, 0, 0, 0, 1, 0, 0, 0, 2]
[0, 0, 0, 0, 0, 0, 0, 0, 0, 0, 0, 1, 0, 0, 0, 0, -1, 1, 0, 1, 0, -1]
[0, 0, 0, 0, 0, 0, 0, 0, 0, 0, 0, 0, 1, 0, 0, 0, -2, 0, 0, 1, 0, -1]
[0, 0, 0, 0, 0, 0, 0, 0, 0, 0, 0, 0, 0, 1, 0, 0, 0, 1, 0, 0, 0, 0]
[0, 0, 0, 0, 0, 0, 0, 0, 0, 0, 0, 0, 0, 0, 1, 0, 0, 0, 0, 0, 0, 2]
[0, 0, 0, 0, 0, 0, 0, 0, 0, 0, 0, 0, 0, 0, 0, 1, -1, 1, 0, 1, 0, -1]
[0, 0, 0, 0, 0, 0, 0, 0, 0, 0, 0, 0, 0, 0, 0, 0, 0, 2, 0, 1, 0, 1]
[0, 0, 0, 0, 0, 0, 0, 0, 0, 0, 0, 0, 0, 0, 0, 0, 0, 0, 1, 0, 0, -2]
[0, 0, 0, 0, 0, 0, 0, 0, 0, 0, 0, 0, 0, 0, 0, 0, 0, 0, 0, 0, 1, -2]

Class of hyperplane section:
[1, 0, 2, 0, 1, 0, 1, 1, 1, 2, -1, -3, 0, 0, -1, -3, 2, 0, 1, 2, -1, 0]

Action of the group on homology:
[[-1, 1, 0, -2, 0, -2, 0, 0, 0, 1, 0, 0, -2, 0, 0, -1, 0, 0, 0, -2, -1, 0], [0, 0, 1, 1, 0, 1, -1, 1, 0, 0, 0, 1, 1, 0, -1, 1, 1, 0, 0, 1, 1, 0], [1, -1, 1, 1, 0, 2, -1, 1, 0, 0, 0, 0, 2, 0, 0, 1, 0, 0, 0, 2, 2, 0], [2, 0, 1, 1, 1, 1, -1, 1, 0, 0, 0, 1, 1, 0, 0, 1, 0, 0, 0, 1, 1, 0], [1, -1, 0, 0, 0, 1, 0, 0, 0, -1, 0, -1, 1, 0, 0, 0, -1, 0, 0, 1, 1, 0], [-1, 0, -1, -1, -1, -1, 1, -1, 1, 0, 1, -1, -1, 0, 1, -1, 0, 0, 0, -1, -1, 0], [0, 1, 1, -1, 0, -1, 0, 0, 0, 1, -1, 0, -1, 0, 0, 0, -1, 0, 0, -1, 0, 0], [0, 1, 0, -1, 0, -1, 1, -1, 0, 0, -1, 0, -1, 0, 0, -1, -1, 0, 0, -1, -1, 0], [0, -1, 0, -1, 0, -1, 0, 0, 0, -1, 0, 0, 0, 0, 1, -1, 0, 0, -1, 0, -2, -1], [0, 1, 0, -2, 0, -2, 0, 0, 0, 1, 0, -1, -2, 0, 1, -1, -1, 0, 0, -2, -1, 0], [0, 0, 0, 1, 0, 1, 0, 0, 0, 0, 0, 0, 0, 0, -1, 1, 0, 0, 0, 1, 1, 0], [-1, -1, -1, 1, -1, 0, 1, -1, 0, -1, 0, 0, 0, 0, 0, 0, 1, 0, 0, 0, -1, 0], [0, 1, 0, -1, 1, -2, 0, 0, -1, 1, -1, 0, -2, 0, -1, 0, -1, 0, 0, -1, 0, 0], [0, 0, 0, 0, 1, 0, 0, 0, 0, 0, 0, 0, 0, 0, 0, 0, 0, 0, -1, 0, 0, 0], [1, 0, 0, 2, 0, 2, 0, 0, 0, 0, 0, 0, 2, -1, 0, 1, 0, 1, 1, 1, 2, 1], [-1, 0, -1, 0, 0, -1, 1, -1, 0, 0, 0, 0, -1, 0, 0, 0, 0, 0, -1, 0, -1, 0], [0, 1, 1, -1, 0, 0, -1, 1, 0, 1, 0, 0, 0, 0, 0, 0, 0, 0, 1, -1, 1, 0], [-2, -1, -1, -1, 0, -1, 0, 0, 0, -1, 0, 0, 0, 1, 0, -1, 1, -1, -1, 0, -2, -1], [1, -1, 0, 0, 0, 1, 0, 0, 0, -1, 0, -1, 1, -1, 0, 0, -1, 0, 0, 1, 1, 0], [1, -1, 1, 1, 0, 2, -1, 1, 0, -1, 0, 0, 2, 0, 0, 0, 0, 0, 0, 1, 1, 0], [0, 0, 0, 1, 0, 1, 0, 0, 0, 0, 0, 0, 1, 0, 0, 0, 0, 0, 0, 0, 1, 0], [2, 1, 1, 3, 1, 2, 0, 1, -1, 1, 0, 2, 1, 0, 0, 2, 1, 2, 2, 1, 1, 1]]
[[1, 0, 0, 1, 1, 1, 0, 1, 0, 1, 1, 1, 1, 0, 1, 0, 1, 1, 0, 0, 1, 1], [0, 0, 0, 1, 0, 0, 0, 1, -1, 0, 0, 1, 0, 0, 0, 1, 1, 1, 1, 1, -1, 0], [-1, -1, -1, -2, -1, -1, 1, -1, -1, -2, -1, -2, -1, 0, -1, -2, -2, -1, 0, 0, -1, -1], [-1, -1, -1, -1, -1, -1, 0, -1, 0, -1, 0, -1, 0, 0, 0, -2, -1, -1, -1, 0, -1, -1], [-1, -1, -1, -2, -1, -1, 1, -2, 0, -2, -1, -2, -1, 0, -1, -2, -2, -1, -1, 0, -1, -1], [1, 2, 1, 1, 1, 1, 0, 0, 0, 2, 0, 1, 0, 0, 0, 1, 0, 1, 1, -1, 1, 1], [-1, -2, 0, -1, -1, 0, 0, 0, 1, -1, 1, 0, 1, 0, 1, -1, 1, -1, -2, 1, -1, -1], [0, 0, 1, 0, 0, 0, -1, 1, 1, 1, 1, 1, 1, 0, 1, 0, 1, 0, -1, 0, 0, 0], [-1, 0, -1, -2, 0, -1, 0, -1, 1, 0, 0, -1, 0, 0, 0, -2, -1, -1, -1, -1, 0, 0], [0, 0, 0, 0, 0, 1, 0, 0, 1, 1, 1, 0, 1, 0, 1, -1, 0, 0, -1, 0, 1, 0], [-1, -2, 0, 0, -1, 0, 0, 0, 0, -2, 0, 0, 0, 1, 0, 0, 1, -1, -1, 1, -2, -1], [1, 2, 1, 1, 1, 0, 0, 0, 0, 1, -1, 1, -1, 0, -1, 2, 0, 0, 1, -1, 1, 1], [-1, -3, 0, 0, -1, 1, -1, 1, 1, -2, 1, 0, 2, 0, 1, 0, 2, -1, -2, 2, -1, -1], [0, -1, 0, 0, 0, 0, -1, 1, 0, 0, 1, 0, 0, 0, 0, 1, 1, 0, 0, 1, 0, 0], [1, 2, 0, 0, 0, -1, 1, -1, -1, 1, -1, -1, -2, -1, -1, 1, -2, 1, 2, -1, 1, 1], [0, -1, 1, 1, 0, 1, -1, 1, 1, 0, 1, 1, 1, 0, 1, 2, 2, 0, -1, 1, 0, 0], [0, 0, -1, 0, 0, 0, 1, 0, -1, 0, 0, 0, 0, 0, 0, -1, 0, 1, 1, 0, 0, 0], [0, 0, 0, 0, 1, 0, -1, 1, 0, 0, 0, 0, 0, 0, 0, 1, 1, 0, 0, 0, 0, 0], [-1, 0, -1, -2, -1, -1, 1, -2, 0, -1, -1, -2, -1, 0, -1, -2, -2, -1, 0, -1, 0, 0], [0, 1, -1, -1, 0, -1, 1, -1, -1, 0, -1, -1, -1, 0, -1, -1, -2, 0, 1, 0, 0, 0], [0, 0, 0, 0, 0, -1, 0, 0, -1, 0, -1, 0, -1, 0, -1, 1, 0, 0, 1, 0, 0, 0], [1, 1, 0, 0, 0, 0, 0, 0, 0, 0, 0, 0, 0, 0, 0, 0, -1, 0, 1, 0, 0, 0]]
[[0, 0, 0, 0, -1, 0, -1, 1, 1, 1, 1, -1, 0, 0, 2, 1, 1, 0, 0, 0, 0, 0], [-1, -1, 0, -1, 0, -1, 0, 0, 0, -1, 0, 1, 0, 1, 0, -1, 1, -1, -1, 0, -2, -1], [0, -1, 1, 0, 0, 0, 0, 0, 0, -1, 0, 1, 1, 0, 0, -1, 0, 0, -1, 1, -1, -1], [1, -1, 0, 0, 0, 0, 1, -1, 0, -1, 0, 0, 0, 0, 0, -1, -1, 0, 0, 0, 0, 0], [0, 0, 0, 0, 0, 0, 1, -1, 0, 0, 0, 0, 0, 0, 0, -1, -1, 1, 0, 0, 0, 0], [0, 2, 0, 0, 0, 0, 0, 0, 0, 2, 0, -1, -1, -1, 0, 1, -1, 1, 1, -1, 1, 1], [0, 0, 0, 1, -1, 1, 0, 1, 0, 1, 1, 0, 1, 0, 2, 1, 1, 1, 1, 1, 0, 0], [1, 1, 0, 1, 0, 1, 0, 1, -1, 1, 0, 0, 0, 0, 0, 1, 0, 1, 2, 0, 1, 1], [1, 1, 0, 1, 0, 1, 0, 0, 0, 1, 0, 0, 0, 0, 0, 1, 0, 1, 2, 0, 1, 1], [1, 1, 0, 0, -1, 1, 0, 0, 1, 2, 1, -2, 0, -1, 2, 1, -1, 1, 1, 0, 2, 1], [-1, -2, 0, 0, 0, 0, 0, 0, 0, -2, 0, 1, 1, 1, 0, -1, 1, -1, -2, 1, -2, -1], [0, 2, 0, 1, 1, 0, 0, 0, -1, 1, -1, 1, -1, 0, -2, 1, 0, 0, 1, -1, 1, 1], [-1, -2, 0, 0, -1, 1, -1, 1, 1, -1, 1, 0, 2, 1, 2, 0, 2, -1, -1, 1, -1, -1], [0, -1, 0, 0, 1, 0, -1, 1, 0, -1, 0, 1, 1, 1, 0, 0, 1, -1, -1, 1, -1, -1], [0, 1, 0, 0, 1, -1, 1, -1, -1, 0, -1, 1, -1, 0, -2, -1, -1, 0, 0, -1, 0, 0], [-1, -1, 0, 1, 0, 1, -1, 1, 0, -1, 0, 1, 1, 1, 0, 1, 2, -1, -1, 1, -1, -1], [0, 0, 0, -1, -1, -1, 0, 0, 1, 1, 1, -1, 0, -1, 2, 0, 0, 1, 0, 0, 0, 0], [0, 0, 0, 0, 1, 0, -1, 1, 0, 0, 0, 0, 0, 0, 0, 1, 1, 0, 0, 0, 0, 0], [0, 0, 0, 0, 0, 0, 1, -1, 0, -1, -1, 0, 0, 0, -1, -1, -1, 0, 0, 0, 0, 0], [0, 0, 0, -1, 0, -1, 1, -1, 0, 0, 0, 0, -1, 0, -1, -1, -1, 0, 0, 0, 0, 0], [0, 0, 0, 0, 1, -1, 0, 0, -1, 0, -1, 1, 0, 0, -1, 0, 0, 0, 0, 0, 0, 0], [0, 0, 0, 0, 0, 0, 0, 0, 0, 0, 1, 1, 0, 0, -1, -1, 0, 0, 0, 0, 0, 0]]
[[1, 1, 1, 3, 0, 1, -1, 3, 0, 3, 2, 2, 1, 0, 2, 2, 2, 3, 1, 1, 1, 1], [0, 0, -1, -1, 0, 0, 1, -1, 0, -1, 0, -1, 0, -1, 0, -1, -1, 0, 0, 0, 0, 0], [-1, -2, -1, -3, -1, -1, 1, -2, 0, -3, -1, -3, -1, -1, -1, -2, -2, -2, -1, 0, -1, -1], [0, -1, 0, 0, 0, 0, 0, 0, 0, -1, 0, 0, 0, 0, 0, 0, 0, -1, -1, 1, -1, -1], [-1, -1, -1, -2, 0, -1, 0, -1, 0, -2, -1, -2, -1, 0, -1, -1, -1, -2, -1, 0, -1, -1], [1, 2, 1, 1, 1, 0, -1, 1, 0, 2, 0, 1, 0, 0, 0, 1, 0, 1, 1, -1, 1, 1], [-1, -1, 0, 1, -1, 0, -1, 2, 0, 0, 1, 1, 1, 1, 1, 0, 2, 0, 0, 1, -1, -1], [0, 1, 1, 2, 0, 1, -1, 2, 0, 2, 1, 2, 1, 1, 1, 1, 2, 1, 1, 0, 0, 0], [0, 1, 1, 2, 0, 1, -1, 2, 0, 2, 1, 2, 0, 1, 0, 2, 2, 1, 1, 1, 0, 0], [0, 0, 1, 2, 0, 0, -2, 3, 0, 2, 1, 2, 1, 1, 1, 1, 2, 1, 0, 1, 0, 0], [-1, -2, -1, -2, -1, 0, 1, -2, 1, -3, 0, -2, 0, 0, 0, -2, -1, -2, -2, 0, -1, -1], [0, 2, 0, 0, 0, 0, 1, -2, 0, 1, -1, 0, -1, 0, -1, 0, -1, 0, 1, -2, 1, 1], [-1, -2, 0, 1, -1, 1, -1, 2, 0, -1, 1, 1, 2, 1, 1, 0, 2, 0, -1, 2, -1, -1], [0, -1, -1, -1, 0, 0, 1, -1, 0, -1, 0, -1, 0, 0, 0, -1, -1, 0, 0, 0, 0, 0], [1, 1, -1, -2, 1, -1, 2, -3, -1, -1, -2, -2, -2, -1, -2, -1, -3, -1, 1, -2, 1, 1], [0, -1, 0, 1, 0, 1, 0, 0, 0, -1, 0, 1, 1, 1, 0, 0, 1, 0, 0, 0, 0, 0], [0, 0, 0, 0, 0, -1, -1, 2, 0, 1, 1, 0, 0, -1, 1, 1, 1, 1, 0, 1, 0, 0], [0, 0, 0, 0, 0, 0, 0, 0, 0, 0, 0, 0, 0, 0, 0, 0, 0, 1, 0, 0, 0, 0], [0, 0, 0, -1, 0, 0, 1, -1, 0, -1, -1, -1, -1, 0, -1, 0, -1, -1, 0, 0, 0, 0], [0, 0, -1, -2, 0, -1, 1, -2, 0, -1, -1, -2, -1, -1, -1, -1, -2, -1, 0, 0, 0, 0], [0, 0, -1, -2, 0, -1, 1, -2, 0, -1, -1, -2, -1, -1, -1, -1, -2, -1, 0, -1, 1, 0], [0, 0, 0, -1, 0, 0, 0, -1, 0, 0, 0, 0, 0, 0, 0, 0, 0, -1, 0, 0, -1, 0]]
[[1, 0, 0, 1, 0, 1, 0, 1, 0, 1, 2, 1, 0, 0, 0, 0, 1, 1, 1, 0, 1, 1], [0, 0, 0, 0, 0, 0, 1, 0, 0, 0, 0, 0, 0, 0, 1, 0, 0, 1, 0, 0, 0, 0], [0, -1, 1, 0, 0, 0, 0, 0, 0, -1, -1, 0, 1, 0, 1, 0, 0, 0, -1, 1, -1, -1], [-1, -2, 0, -1, -1, -1, 0, -1, 1, -1, 0, -1, 0, 0, 1, -1, 0, -1, -2, 0, -1, -1], [-1, -1, 0, -1, 0, -1, 0, -1, 0, -1, -1, 0, 0, 1, 0, -1, 0, -1, -1, 0, -2, -1], [1, 1, 0, 0, 1, 0, 0, 0, -1, 0, -1, 0, -1, 0, -2, 0, -1, 0, 1, -1, 1, 1], [-1, -2, 0, 0, -1, 0, -1, 1, 0, -1, 1, 1, 1, 1, 0, -1, 2, -1, -1, 1, -1, -1], [-1, 0, 0, 0, -1, 0, -1, 1, 0, 1, 1, 0, 0, 0, 0, 0, 1, 0, 0, 0, 0, 0], [-1, 0, 0, 0, -1, 0, -1, 0, 1, 1, 1, 0, 0, 0, 0, 0, 1, 0, 0, 0, 0, 0], [0, -1, 0, 0, 0, 0, -1, 1, 0, 0, 1, 1, 0, 1, -1, -1, 1, -1, 0, 0, 0, 0], [0, -1, 0, 0, 0, 0, 0, 0, 0, -1, 0, 0, 1, 0, 1, 0, 0, 0, -1, 1, -1, -1], [1, 3, 0, 1, 1, 0, 0, 0, -1, 2, -1, 0, -1, -1, -1, 2, -1, 1, 2, -1, 2, 1], [-1, -2, 0, 0, -1, 1, -1, 1, 1, -1, 2, 1, 2, 1, 1, -1, 2, -1, -1, 1, -1, -1], [0, 0, 0, 0, 0, 1, 0, 0, 1, 0, 1, 0, 1, 0, 1, 0, 0, 0, -1, 1, 0, 0], [1, 2, 0, 0, 1, -1, 1, -1, -1, 1, -2, -1, -1, -1, 0, 1, -2, 1, 1, -1, 1, 1], [0, 0, 0, 1, 0, 1, -1, 1, 0, 0, 1, 1, 1, 0, 0, 1, 1, 0, 0, 1, 0, 0], [0, -1, 0, 0, 0, 0, 1, 0, 0, -1, 0, 1, 0, 1, 0, -1, 1, 0, 0, 0, -1, 0], [0, 1, 0, 0, 0, 1, 0, 0, 1, 0, 1, 0, 0, 0, 0, 0, 0, 0, 0, 0, 0, 0], [0, 0, 0, -1, 0, -1, 0, -1, 0, 0, -1, -1, 0, -1, 0, 0, -1, 0, 0, 0, 0, 0], [0, 0, 0, -1, 0, -1, 1, -1, 0, 0, -1, -1, -1, 0, 0, 0, -1, 0, 0, 0, 0, 0], [0, 1, 0, 0, 0, 0, 1, -1, 0, 0, -1, 0, 0, 0, 0, 0, -1, 0, 0, 0, 0, 0], [0, 0, 0, 0, 0, 0, 0, 0, 0, 0, -1, -1, 0, 0, 1, 1, 0, 0, 0, 0, 0, 0]]

####################
# ALGEBRAIC CURVES #
####################


There are 512 conics:
[1, -1, 0, 0, 1, 0, 1, 1, 2, 2, -1, -2, 1, 0, -2, -1, 1, 1, 0, 0, -1, -1]
[0, 1, 2, 0, 0, 0, 0, 0, -1, 0, 0, -1, -1, 0, 1, -2, 1, -1, 1, 2, 0, 1]
[1, 0, 1, 0, 0, 0, 0, 0, 0, 1, -1, -2, 0, 0, 0, -2, 2, 0, 1, 1, 0, 0]
[0, 0, 1, 0, 1, 0, 1, 1, 1, 1, 0, -1, 0, 0, -1, -1, 0, 0, 0, 1, -1, 0]
[2, 0, 0, 0, -1, 0, 2, 2, 1, 2, -1, -2, 1, 0, -2, -1, 1, 0, 0, 0, -1, -1]
[-1, 0, 2, 0, 2, 0, -1, -1, 0, 0, 0, -1, -1, 0, 1, -2, 1, 0, 1, 2, 0, 1]
[1, 0, 1, 0, 0, 0, 1, 1, 0, 2, -1, -2, 0, -1, -1, -2, 2, -1, 0, 1, -1, 1]
[0, 0, 1, 0, 1, 0, 0, 0, 1, 0, 0, -1, 0, 1, 0, -1, 0, 1, 1, 1, 0, -1]
[1, 0, 1, 0, 0, 0, 1, 1, 0, 2, -1, -2, 0, 0, -1, -2, 2, 0, 0, 1, 0, -1]
[0, 0, 1, 0, 1, 0, 0, 0, 1, 0, 0, -1, 0, 0, 0, -1, 0, 0, 1, 1, -1, 1]
[1, 0, 1, 1, 0, 0, 1, 1, 1, 2, -1, -2, 0, -1, -1, -3, 2, -1, 1, 1, -1, 0]
[0, 0, 1, -1, 1, 0, 0, 0, 0, 0, 0, -1, 0, 1, 0, 0, 0, 1, 0, 1, 0, 0]
[1, 0, 2, 1, 1, -1, 2, 1, 1, 2, -1, -3, 1, 0, -1, -2, 2, -1, 1, 1, -1, 0]
[0, 0, 0, -1, 0, 1, -1, 0, 0, 0, 0, 0, -1, 0, 0, -1, 0, 1, 0, 1, 0, 0]
[1, 1, 1, 0, 0, 0, 1, 1, 0, 1, -1, -2, 0, 0, 0, -2, 2, -1, 0, 1, 0, 0]
[0, -1, 1, 0, 1, 0, 0, 0, 1, 1, 0, -1, 0, 0, -1, -1, 0, 1, 1, 1, -1, 0]
[1, 1, 2, 0, 0, -1, 1, 0, 0, 1, 0, -2, 1, 0, -1, -2, 2, 0, 0, 1, 0, 0]
[0, -1, 0, 0, 1, 1, 0, 1, 1, 1, -1, -1, -1, 0, 0, -1, 0, 0, 1, 1, -1, 0]
[2, 0, 1, 0, 0, 0, 1, 1, 1, 2, -1, -2, 0, -1, -1, -2, 2, -1, 1, 1, -1, -1]
[-1, 0, 1, 0, 1, 0, 0, 0, 0, 0, 0, -1, 0, 1, 0, -1, 0, 1, 0, 1, 0, 1]
[1, 0, 1, 0, 0, 0, 0, 0, 1, 1, -1, -2, 0, 1, -1, -1, 1, 1, 0, 1, -1, 0]
[0, 0, 1, 0, 1, 0, 1, 1, 0, 1, 0, -1, 0, -1, 0, -2, 1, -1, 1, 1, 0, 0]
[1, 0, 0, -1, 0, 0, 0, 0, 0, 1, 0, -1, 1, 1, -1, 0, 0, 1, 0, 0, -1, -1]
[0, 0, 2, 1, 1, 0, 1, 1, 1, 1, -1, -2, -1, -1, 0, -3, 2, -1, 1, 2, 0, 1]
[2, 0, 0, -1, -1, 0, 1, 1, 0, 2, -1, -1, 1, 0, -1, -1, 1, 0, 0, 0, -1, -1]
[-1, 0, 2, 1, 2, 0, 0, 0, 1, 0, 0, -2, -1, 0, 0, -2, 1, 0, 1, 2, 0, 1]
[2, 0, 1, 0, -1, 0, 1, 1, 1, 2, -2, -2, 0, 0, -1, -2, 2, 0, 0, 1, -1, 0]
[-1, 0, 1, 0, 2, 0, 0, 0, 0, 0, 1, -1, 0, 0, 0, -1, 0, 0, 1, 1, 0, 0]
[1, 0, 1, 0, 1, 0, 0, 0, 1, 1, 0, -2, 0, 0, -1, -1, 1, 0, 1, 1, -1, -1]
[0, 0, 1, 0, 0, 0, 1, 1, 0, 1, -1, -1, 0, 0, 0, -2, 1, 0, 0, 1, 0, 1]
[1, -1, 0, 0, 0, 1, 1, 2, 1, 2, -2, -1, -1, -1, 0, -2, 1, -1, 1, 1, -1, 0]
[0, 1, 2, 0, 1, -1, 0, -1, 0, 0, 1, -2, 1, 1, -1, -1, 1, 1, 0, 1, 0, 0]
[1, -1, 1, 0, 0, 0, 1, 1, 1, 2, -1, -1, 0, -1, -1, -2, 1, 0, 1, 1, -1, 0]
[0, 1, 1, 0, 1, 0, 0, 0, 0, 0, 0, -2, 0, 1, 0, -1, 1, 0, 0, 1, 0, 0]
[1, 0, 0, -1, -1, 1, 0, 1, 0, 1, -1, 0, -1, -1, 0, -2, 1, 0, 0, 1, 0, 0]
[0, 0, 2, 1, 2, -1, 1, 0, 1, 1, 0, -3, 1, 1, -1, -1, 1, 0, 1, 1, -1, 0]
[1, 0, 1, -1, 0, 0, 1, 1, 0, 1, -1, -1, 0, 0, 0, -1, 1, 0, 0, 1, 0, 0]
[0, 0, 1, 1, 1, 0, 0, 0, 1, 1, 0, -2, 0, 0, -1, -2, 1, 0, 1, 1, -1, 0]
[1, 0, 1, 0, 0, 0, 1, 1, 1, 1, -1, -1, 0, -1, 0, -2, 1, -1, 1, 1, -1, 1]
[0, 0, 1, 0, 1, 0, 0, 0, 0, 1, 0, -2, 0, 1, -1, -1, 1, 1, 0, 1, 0, -1]
[1, 0, 1, 0, 0, 0, 1, 1, 1, 1, -1, -1, 0, 0, 0, -2, 1, 0, 1, 1, 0, -1]
[0, 0, 1, 0, 1, 0, 0, 0, 0, 1, 0, -2, 0, 0, -1, -1, 1, 0, 0, 1, -1, 1]
[1, 0, 0, 0, 0, 0, 1, 1, 1, 1, 0, -2, 1, 1, -2, 0, 0, 1, 0, 0, -1, -1]
[0, 0, 2, 0, 1, 0, 0, 0, 0, 1, -1, -1, -1, -1, 1, -3, 2, -1, 1, 2, 0, 1]
[1, 0, 1, 0, 0, 0, 2, 2, 1, 2, -1, -1, 0, -1, -1, -2, 1, -1, 0, 1, -1, 0]
[0, 0, 1, 0, 1, 0, -1, -1, 0, 0, 0, -2, 0, 1, 0, -1, 1, 1, 1, 1, 0, 0]
[2, -1, 0, 0, 0, 0, 2, 2, 2, 3, -2, -2, 1, -1, -2, -2, 2, 0, 0, 0, -1, -1]
[-1, 1, 2, 0, 1, 0, -1, -1, -1, -1, 1, -1, -1, 1, 1, -1, 0, 0, 1, 2, 0, 1]
[1, 0, 1, -1, 1, 1, 1, 0, 0, 2, -1, -2, 0, -1, -1, -2, 3, 0, 0, 1, -1, 0]
[0, 0, 1, 1, 0, -1, 0, 1, 1, 0, 0, -1, 0, 1, 0, -1, -1, 0, 1, 1, 0, 0]
[2, 0, 0, -1, 0, 1, 2, 1, 1, 2, -1, -2, 1, 0, -2, -1, 2, 1, 0, 0, -1, -2]
[-1, 0, 2, 1, 1, -1, -1, 0, 0, 0, 0, -1, -1, 0, 1, -2, 0, -1, 1, 2, 0, 2]
[3, 0, -1, -1, -1, 1, 1, 1, 1, 3, -2, -2, 1, 0, -2, -1, 2, 1, -1, 0, -2, -1]
[-2, 0, 3, 1, 2, -1, 0, 0, 0, -1, 1, -1, -1, 0, 1, -2, 0, -1, 2, 2, 1, 1]
[1, 0, 0, 0, 1, 1, 1, 1, 1, 2, -1, -2, 0, -1, -1, -2, 2, 0, 0, 1, -1, 0]
[0, 0, 2, 0, 0, -1, 0, 0, 0, 0, 0, -1, 0, 1, 0, -1, 0, 0, 1, 1, 0, 0]
[2, -1, -1, -1, 0, 1, 1, 2, 2, 2, -2, -1, 0, 0, -1, -1, 1, 1, 0, 0, -1, -1]
[-1, 1, 3, 1, 1, -1, 0, -1, -1, 0, 1, -2, 0, 0, 0, -2, 1, -1, 1, 2, 0, 1]
[1, -1, 0, -1, 0, 1, 1, 1, 1, 2, -1, -1, 0, 0, -1, -1, 1, 1, 0, 0, -1, 0]
[0, 1, 2, 1, 1, -1, 0, 0, 0, 0, 0, -2, 0, 0, 0, -2, 1, -1, 1, 2, 0, 0]
[1, 0, 1, -1, 0, 0, 1, 1, 1, 1, -1, -1, 0, 0, -1, -1, 1, 1, 0, 1, -1, 0]
[0, 0, 1, 1, 1, 0, 0, 0, 0, 1, 0, -2, 0, 0, 0, -2, 1, -1, 1, 1, 0, 0]
[1, 0, 0, -1, 0, 0, 1, 1, 1, 1, -1, -1, 1, 0, -1, -1, 1, 1, 0, 0, -1, 0]
[0, 0, 2, 1, 1, 0, 0, 0, 0, 1, 0, -2, -1, 0, 0, -2, 1, -1, 1, 2, 0, 0]
[1, 0, 0, -1, 0, 1, 0, 1, 1, 1, -1, 0, -1, -1, 0, -2, 1, 0, 0, 1, -1, 1]
[0, 0, 2, 1, 1, -1, 1, 0, 0, 1, 0, -3, 1, 1, -1, -1, 1, 0, 1, 1, 0, -1]
[1, 0, 1, 0, 1, 0, 1, 1, 2, 1, -1, -2, 0, -1, -1, -2, 2, 0, 1, 1, -1, 0]
[0, 0, 1, 0, 0, 0, 0, 0, -1, 1, 0, -1, 0, 1, 0, -1, 0, 0, 0, 1, 0, 0]
[1, -1, 1, 1, 1, 0, 1, 1, 1, 2, -1, -2, 0, 0, -1, -2, 1, -1, 1, 1, -1, 0]
[0, 1, 1, -1, 0, 0, 0, 0, 0, 0, 0, -1, 0, 0, 0, -1, 1, 1, 0, 1, 0, 0]
[1, 0, 1, 0, 0, 0, 0, 0, 0, 1, 0, -1, 0, 0, -1, -2, 1, 0, 0, 1, 0, 0]
[0, 0, 1, 0, 1, 0, 1, 1, 1, 1, -1, -2, 0, 0, 0, -1, 1, 0, 1, 1, -1, 0]
[1, -1, 1, 1, 0, 0, 0, 0, 1, 2, -1, -2, 0, 0, -1, -2, 1, 0, 1, 1, -1, 0]
[0, 1, 1, -1, 1, 0, 1, 1, 0, 0, 0, -1, 0, 0, 0, -1, 1, 0, 0, 1, 0, 0]
[1, 0, 1, 0, 0, 0, 0, 0, 0, 1, 0, -1, 0, 0, 0, -1, 0, -1, 1, 1, -1, 0]
[0, 0, 1, 0, 1, 0, 1, 1, 1, 1, -1, -2, 0, 0, -1, -2, 2, 1, 0, 1, 0, 0]
[1, 0, 1, 0, 0, 0, 0, 0, 0, 1, -1, -2, 0, 1, 0, -1, 1, 0, 0, 1, 0, 0]
[0, 0, 1, 0, 1, 0, 1, 1, 1, 1, 0, -1, 0, -1, -1, -2, 1, 0, 1, 1, -1, 0]
[2, 0, 0, -1, 0, 1, 1, 1, 1, 2, -1, -2, 0, 0, -1, -1, 2, 0, 0, 0, -1, -1]
[-1, 0, 2, 1, 1, -1, 0, 0, 0, 0, 0, -1, 0, 0, 0, -2, 0, 0, 1, 2, 0, 1]
[2, 0, 0, -1, 0, 0, 1, 1, 1, 2, -1, -2, 1, 0, -2, -1, 2, 1, 0, 0, -1, -2]
[-1, 0, 2, 1, 1, 0, 0, 0, 0, 0, 0, -1, -1, 0, 1, -2, 0, -1, 1, 2, 0, 2]
[2, 0, 0, 0, 0, 0, 1, 1, 2, 2, -1, -2, 1, 0, -2, -2, 2, 1, 0, 0, -1, -1]
[-1, 0, 2, 0, 1, 0, 0, 0, -1, 0, 0, -1, -1, 0, 1, -1, 0, -1, 1, 2, 0, 1]
[1, 1, 1, 0, 0, 0, 1, 1, 1, 1, -1, -2, 0, 0, -1, -2, 2, 0, 0, 1, -1, 0]
[0, -1, 1, 0, 1, 0, 0, 0, 0, 1, 0, -1, 0, 0, 0, -1, 0, 0, 1, 1, 0, 0]
[1, 0, 1, 0, 1, 0, 1, 1, 1, 2, -1, -2, 0, 0, -1, -2, 2, 0, 0, 1, -1, 0]
[0, 0, 1, 0, 0, 0, 0, 0, 0, 0, 0, -1, 0, 0, 0, -1, 0, 0, 1, 1, 0, 0]
[2, 0, 0, -1, 0, 0, 1, 1, 1, 2, -1, -2, 1, 0, -2, -1, 2, 1, -1, 0, -1, 0]
[-1, 0, 2, 1, 1, 0, 0, 0, 0, 0, 0, -1, -1, 0, 1, -2, 0, -1, 2, 2, 0, 0]
[2, 0, 0, 0, 0, 0, 2, 2, 2, 2, -1, -2, 1, 0, -2, -1, 1, 0, 0, 0, -2, 0]
[-1, 0, 2, 0, 1, 0, -1, -1, -1, 0, 0, -1, -1, 0, 1, -2, 1, 0, 1, 2, 1, 0]
[2, -1, -1, 0, 0, 1, 1, 2, 2, 3, -2, -2, 0, -1, -2, -2, 2, 0, 0, 0, -2, 0]
[-1, 1, 3, 0, 1, -1, 0, -1, -1, -1, 1, -1, 0, 1, 1, -1, 0, 0, 1, 2, 1, 0]
[2, 0, -1, -1, -1, 1, 1, 2, 1, 2, -1, -1, 0, 0, -2, -1, 1, 1, -1, 0, -1, -1]
[-1, 0, 3, 1, 2, -1, 0, -1, 0, 0, 0, -2, 0, 0, 1, -2, 1, -1, 2, 2, 0, 1]
[1, 0, 1, 1, 0, 0, 1, 1, 1, 2, -1, -2, 0, 0, -1, -2, 1, -1, 0, 1, -1, 0]
[0, 0, 1, -1, 1, 0, 0, 0, 0, 0, 0, -1, 0, 0, 0, -1, 1, 1, 1, 1, 0, 0]
[2, -1, 0, 0, 0, 0, 1, 1, 1, 3, -1, -2, 1, 0, -2, -1, 1, 0, 0, 0, -1, -2]
[-1, 1, 2, 0, 1, 0, 0, 0, 0, -1, 0, -1, -1, 0, 1, -2, 1, 0, 1, 2, 0, 2]
[1, 1, 1, -1, 0, 0, 0, 0, 0, 0, -1, -2, 0, 1, 0, -1, 2, 1, 0, 1, 0, 0]
[0, -1, 1, 1, 1, 0, 1, 1, 1, 2, 0, -1, 0, -1, -1, -2, 0, -1, 1, 1, -1, 0]
[1, 1, 1, -1, 0, 0, 0, 0, 0, 0, 0, -1, 0, 0, 0, -1, 1, 0, 1, 1, -1, 0]
[0, -1, 1, 1, 1, 0, 1, 1, 1, 2, -1, -2, 0, 0, -1, -2, 1, 0, 0, 1, 0, 0]
[1, 0, 1, 0, 1, 0, 0, 0, 1, 1, -1, -2, 0, 0, 0, -2, 2, 0, 1, 1, -1, 1]
[0, 0, 1, 0, 0, 0, 1, 1, 0, 1, 0, -1, 0, 0, -1, -1, 0, 0, 0, 1, 0, -1]
[1, 1, 1, -1, 0, 0, 0, 0, 0, 0, 0, -1, 0, 1, 0, -1, 1, 1, 0, 1, 0, 0]
[0, -1, 1, 1, 1, 0, 1, 1, 1, 2, -1, -2, 0, -1, -1, -2, 1, -1, 1, 1, -1, 0]
[1, 0, 1, 0, 0, 0, 0, 0, 1, 1, -1, -2, 0, 0, -1, -2, 2, 1, 1, 1, -1, 0]
[0, 0, 1, 0, 1, 0, 1, 1, 0, 1, 0, -1, 0, 0, 0, -1, 0, -1, 0, 1, 0, 0]
[1, 0, 0, -1, 0, 1, -1, 0, 0, 1, -1, -1, -1, 0, 0, -2, 2, 1, 0, 1, 0, 0]
[0, 0, 2, 1, 1, -1, 2, 1, 1, 1, 0, -2, 1, 0, -1, -1, 0, -1, 1, 1, -1, 0]
[1, 1, 1, -1, 0, 0, 0, 0, 0, 0, 0, -1, 0, 0, -1, -2, 2, 1, 0, 1, 0, 0]
[0, -1, 1, 1, 1, 0, 1, 1, 1, 2, -1, -2, 0, 0, 0, -1, 0, -1, 1, 1, -1, 0]
[1, 0, 0, 0, 0, 1, 0, 1, 1, 1, -1, -1, -1, 0, 0, -2, 1, 0, 1, 1, -1, 0]
[0, 0, 2, 0, 1, -1, 1, 0, 0, 1, 0, -2, 1, 0, -1, -1, 1, 0, 0, 1, 0, 0]
[1, 0, 1, 0, 1, 0, 1, 1, 1, 1, -1, -2, 0, 0, -1, -2, 2, 0, 1, 1, -1, 0]
[0, 0, 1, 0, 0, 0, 0, 0, 0, 1, 0, -1, 0, 0, 0, -1, 0, 0, 0, 1, 0, 0]
[1, -1, 1, 1, 1, 0, 1, 1, 2, 2, -1, -2, 0, -1, -1, -2, 1, -1, 1, 1, -1, 0]
[0, 1, 1, -1, 0, 0, 0, 0, -1, 0, 0, -1, 0, 1, 0, -1, 1, 1, 0, 1, 0, 0]
[2, 0, -1, -1, -1, 1, 0, 1, 1, 1, -1, -1, 0, 0, -1, -1, 1, 1, 0, 0, -1, 0]
[-1, 0, 3, 1, 2, -1, 1, 0, 0, 1, 0, -2, 0, 0, 0, -2, 1, -1, 1, 2, 0, 0]
[1, 0, 0, -1, 0, 1, 0, 1, 0, 1, -1, -1, -1, 0, 0, -1, 1, 0, 0, 1, -1, 1]
[0, 0, 2, 1, 1, -1, 1, 0, 1, 1, 0, -2, 1, 0, -1, -2, 1, 0, 1, 1, 0, -1]
[1, 0, 0, 0, 0, 0, 0, 1, 1, 1, -1, -1, 0, 0, -1, -2, 1, 1, 0, 1, -1, 1]
[0, 0, 2, 0, 1, 0, 1, 0, 0, 1, 0, -2, 0, 0, 0, -1, 1, -1, 1, 1, 0, -1]
[1, -1, 0, 0, 0, 0, 1, 1, 1, 2, -1, -1, 1, 0, -1, -1, 0, 0, 0, 0, -1, 0]
[0, 1, 2, 0, 1, 0, 0, 0, 0, 0, 0, -2, -1, 0, 0, -2, 2, 0, 1, 2, 0, 0]
[1, -1, 1, 0, 0, 0, 1, 1, 1, 2, -1, -1, 0, 0, -1, -1, 0, 0, 0, 1, -1, 0]
[0, 1, 1, 0, 1, 0, 0, 0, 0, 0, 0, -2, 0, 0, 0, -2, 2, 0, 1, 1, 0, 0]
[2, 0, 0, 0, 0, 0, 1, 1, 1, 2, -1, -3, 1, 1, -2, -1, 2, 1, 0, 0, -1, -1]
[-1, 0, 2, 0, 1, 0, 0, 0, 0, 0, 0, 0, -1, -1, 1, -2, 0, -1, 1, 2, 0, 1]
[2, 1, 0, 0, 0, 0, 0, 1, 1, 1, -1, -2, 0, 0, -1, -2, 2, 0, 0, 1, -1, 0]
[-1, -1, 2, 0, 1, 0, 1, 0, 0, 1, 0, -1, 0, 0, 0, -1, 0, 0, 1, 1, 0, 0]
[1, 1, 1, 0, 0, 0, 0, 0, 0, 1, 0, -2, 0, 0, -1, -2, 2, 0, 0, 1, -1, 1]
[0, -1, 1, 0, 1, 0, 1, 1, 1, 1, -1, -1, 0, 0, 0, -1, 0, 0, 1, 1, 0, -1]
[2, 0, 0, -1, -1, 0, 0, 1, 1, 1, -1, -1, 0, 1, -1, -1, 1, 1, 0, 0, -1, 0]
[-1, 0, 2, 1, 2, 0, 1, 0, 0, 1, 0, -2, 0, -1, 0, -2, 1, -1, 1, 2, 0, 0]
[2, -1, 0, 0, 0, 1, 2, 1, 1, 3, -1, -2, 1, 0, -2, -1, 1, 0, 0, 0, -1, -2]
[-1, 1, 2, 0, 1, -1, -1, 0, 0, -1, 0, -1, -1, 0, 1, -2, 1, 0, 1, 2, 0, 2]
[1, -1, 1, 0, 1, 1, 1, 0, 0, 3, -1, -2, 0, -1, -1, -2, 2, -1, 0, 1, -1, 0]
[0, 1, 1, 0, 0, -1, 0, 1, 1, -1, 0, -1, 0, 1, 0, -1, 0, 1, 1, 1, 0, 0]
[1, 0, 1, 0, 0, 0, 1, 0, 0, 2, -1, -2, 1, 0, -1, -1, 1, 0, 0, 1, -1, -1]
[0, 0, 1, 0, 1, 0, 0, 1, 1, 0, 0, -1, -1, 0, 0, -2, 1, 0, 1, 1, 0, 1]
[2, -1, 0, -1, 0, 1, 2, 1, 1, 3, -2, -2, 1, 0, -2, -1, 2, 1, -1, 0, -1, -1]
[-1, 1, 2, 1, 1, -1, -1, 0, 0, -1, 1, -1, -1, 0, 1, -2, 0, -1, 2, 2, 0, 1]
[2, -1, 0, -1, 0, 1, 2, 1, 1, 3, -1, -1, 1, -1, -2, -1, 1, 0, 0, 0, -2, -1]
[-1, 1, 2, 1, 1, -1, -1, 0, 0, -1, 0, -2, -1, 1, 1, -2, 1, 0, 1, 2, 1, 1]
[2, -1, 0, -1, 1, 1, 2, 1, 1, 3, -1, -2, 1, -1, -2, -1, 2, 0, 0, 0, -1, -2]
[-1, 1, 2, 1, 0, -1, -1, 0, 0, -1, 0, -1, -1, 1, 1, -2, 0, 0, 1, 2, 0, 2]
[1, 0, 1, 0, 1, 0, 1, 0, 1, 2, -1, -2, 1, -1, -1, -2, 2, 0, 0, 1, -1, 0]
[0, 0, 1, 0, 0, 0, 0, 1, 0, 0, 0, -1, -1, 1, 0, -1, 0, 0, 1, 1, 0, 0]
[1, 0, 1, 0, 1, 1, 2, 1, 1, 2, -1, -2, 0, -1, -1, -2, 2, -1, 0, 1, -1, 0]
[0, 0, 1, 0, 0, -1, -1, 0, 0, 0, 0, -1, 0, 1, 0, -1, 0, 1, 1, 1, 0, 0]
[1, 0, 1, 0, 1, 0, 2, 1, 1, 2, -1, -2, 1, 0, -1, -1, 1, 0, 0, 1, -1, -1]
[0, 0, 1, 0, 0, 0, -1, 0, 0, 0, 0, -1, -1, 0, 0, -2, 1, 0, 1, 1, 0, 1]
[1, -1, 0, 0, 1, 1, 1, 1, 1, 3, -2, -2, 0, -1, -1, -2, 2, 0, 0, 1, -1, -1]
[0, 1, 2, 0, 0, -1, 0, 0, 0, -1, 1, -1, 0, 1, 0, -1, 0, 0, 1, 1, 0, 1]
[1, 0, 0, 0, 0, 1, 1, 1, 1, 2, -1, -1, 0, -1, -1, -2, 1, 0, 0, 1, -1, -1]
[0, 0, 2, 0, 1, -1, 0, 0, 0, 0, 0, -2, 0, 1, 0, -1, 1, 0, 1, 1, 0, 1]
[1, -1, 1, 0, 1, 1, 2, 1, 1, 3, -1, -2, 0, -1, -2, -2, 2, 0, 0, 1, -1, -1]
[0, 1, 1, 0, 0, -1, -1, 0, 0, -1, 0, -1, 0, 1, 1, -1, 0, 0, 1, 1, 0, 1]
[1, -1, 0, 0, 1, 1, 2, 1, 1, 3, -1, -2, 1, -1, -2, -2, 2, 0, 0, 0, -1, -1]
[0, 1, 2, 0, 0, -1, -1, 0, 0, -1, 0, -1, -1, 1, 1, -1, 0, 0, 1, 2, 0, 1]
[1, 0, 1, 0, 1, 0, 2, 1, 1, 2, -1, -2, 1, -1, -2, -2, 2, 0, 0, 1, -1, -1]
[0, 0, 1, 0, 0, 0, -1, 0, 0, 0, 0, -1, -1, 1, 1, -1, 0, 0, 1, 1, 0, 1]
[3, -1, 0, 0, 0, 1, 2, 1, 2, 4, -2, -3, 1, -1, -3, -2, 3, 0, 0, 0, -2, -2]
[-2, 1, 2, 0, 1, -1, -1, 0, -1, -2, 1, 0, -1, 1, 2, -1, -1, 0, 1, 2, 1, 2]
[2, 0, 0, -1, 0, 1, 2, 1, 0, 3, -1, -2, 1, 0, -2, -1, 2, 0, -1, 0, -1, -2]
[-1, 0, 2, 1, 1, -1, -1, 0, 1, -1, 0, -1, -1, 0, 1, -2, 0, 0, 2, 2, 0, 2]
[2, -1, -1, 0, 0, 1, 2, 2, 2, 3, -2, -2, 1, -1, -2, -1, 1, 0, 0, 0, -2, -1]
[-1, 1, 3, 0, 1, -1, -1, -1, -1, -1, 1, -1, -1, 1, 1, -2, 1, 0, 1, 2, 1, 1]
[1, 0, 0, -1, 0, 1, 1, 1, 0, 2, -1, -1, 0, -1, -1, -1, 1, 0, -1, 1, -1, 0]
[0, 0, 2, 1, 1, -1, 0, 0, 1, 0, 0, -2, 0, 1, 0, -2, 1, 0, 2, 1, 0, 0]
[3, -1, -1, 0, 0, 1, 2, 2, 2, 4, -2, -2, 1, -1, -3, -2, 2, 0, -1, 0, -2, -1]
[-2, 1, 3, 0, 1, -1, -1, -1, -1, -2, 1, -1, -1, 1, 2, -1, 0, 0, 2, 2, 1, 1]
[2, 0, 0, 0, 0, 0, 2, 1, 1, 3, -1, -3, 2, 0, -3, -1, 2, 1, -1, 0, -1, -2]
[-1, 0, 2, 0, 1, 0, -1, 0, 0, -1, 0, 0, -2, 0, 2, -2, 0, -1, 2, 2, 0, 2]
[1, 0, 1, 1, 1, 0, 2, 1, 1, 3, -1, -3, 1, -1, -2, -2, 2, -1, 0, 1, -2, 0]
[0, 0, 1, -1, 0, 0, -1, 0, 0, -1, 0, 0, -1, 1, 1, -1, 0, 1, 1, 1, 1, 0]
[1, -1, 1, 0, 1, 1, 1, 0, 1, 2, -1, -2, 0, -1, -1, -2, 2, 0, 1, 1, -1, 0]
[0, 1, 1, 0, 0, -1, 0, 1, 0, 0, 0, -1, 0, 1, 0, -1, 0, 0, 0, 1, 0, 0]
[1, 0, 0, -1, 0, 1, 0, 0, 0, 1, -1, -1, 0, 0, 0, -1, 1, 1, 0, 1, 0, -1]
[0, 0, 2, 1, 1, -1, 1, 1, 1, 1, 0, -2, 0, 0, -1, -2, 1, -1, 1, 1, -1, 1]
[1, 0, 1, 0, 0, -1, 1, 1, 1, 1, 0, -2, 1, 1, -2, -1, 1, 1, 0, 0, 0, -1]
[0, 0, 1, 0, 1, 1, 0, 0, 0, 1, -1, -1, -1, -1, 1, -2, 1, -1, 1, 2, -1, 1]
[1, 0, 1, 1, 0, -1, 0, 1, 2, 1, -1, -2, 0, 0, -1, -2, 1, 0, 1, 1, -1, 0]
[0, 0, 1, -1, 1, 1, 1, 0, -1, 1, 0, -1, 0, 0, 0, -1, 1, 0, 0, 1, 0, 0]
[1, -1, 0, 0, 1, 1, 1, 1, 1, 2, -1, -1, 0, -1, -1, -2, 1, 0, 1, 1, -1, -1]
[0, 1, 2, 0, 0, -1, 0, 0, 0, 0, 0, -2, 0, 1, 0, -1, 1, 0, 0, 1, 0, 1]
[1, 0, 1, 0, 0, -1, 1, 1, 1, 1, 0, -2, 1, 1, -1, 0, 0, 0, 1, 0, -1, -1]
[0, 0, 1, 0, 1, 1, 0, 0, 0, 1, -1, -1, -1, -1, 0, -3, 2, 0, 0, 2, 0, 1]
[2, 0, 1, -1, 0, 1, 1, 0, 0, 2, -1, -2, 0, 0, -1, -1, 2, 0, 0, 1, -1, -1]
[-1, 0, 1, 1, 1, -1, 0, 1, 1, 0, 0, -1, 0, 0, 0, -2, 0, 0, 1, 1, 0, 1]
[2, 0, 0, -1, 0, 1, 1, 0, 0, 2, -1, -2, 1, 0, -1, -1, 2, 0, 0, 0, -1, -1]
[-1, 0, 2, 1, 1, -1, 0, 1, 1, 0, 0, -1, -1, 0, 0, -2, 0, 0, 1, 2, 0, 1]
[2, -1, 0, -1, 0, 1, 1, 0, 0, 3, -1, -2, 1, 0, -2, -1, 2, 1, 0, 0, -1, -2]
[-1, 1, 2, 1, 1, -1, 0, 1, 1, -1, 0, -1, -1, 0, 1, -2, 0, -1, 1, 2, 0, 2]
[2, 0, 0, -1, 0, 1, 0, 0, 0, 2, -1, -1, 0, -1, -1, -2, 2, 0, 0, 1, -1, -1]
[-1, 0, 2, 1, 1, -1, 1, 1, 1, 0, 0, -2, 0, 1, 0, -1, 0, 0, 1, 1, 0, 1]
[2, 0, 1, 0, 0, 0, 1, 0, 1, 2, -1, -2, 1, 0, -2, -2, 2, 1, 0, 1, -1, -1]
[-1, 0, 1, 0, 1, 0, 0, 1, 0, 0, 0, -1, -1, 0, 1, -1, 0, -1, 1, 1, 0, 1]
[2, 0, 0, 0, 0, 1, 1, 1, 1, 2, -2, -2, 0, 0, -1, -2, 2, 0, 0, 1, -1, -1]
[-1, 0, 2, 0, 1, -1, 0, 0, 0, 0, 1, -1, 0, 0, 0, -1, 0, 0, 1, 1, 0, 1]
[1, 0, 1, 0, 0, 1, 1, 0, 0, 2, -1, -2, 0, 0, -1, -2, 2, 0, 0, 1, -1, 0]
[0, 0, 1, 0, 1, -1, 0, 1, 1, 0, 0, -1, 0, 0, 0, -1, 0, 0, 1, 1, 0, 0]
[1, 0, 1, 0, 1, 0, 1, 0, 0, 2, -1, -2, 1, 0, -1, -2, 2, 0, 0, 1, -1, 0]
[0, 0, 1, 0, 0, 0, 0, 1, 1, 0, 0, -1, -1, 0, 0, -1, 0, 0, 1, 1, 0, 0]
[2, -1, 0, 0, 0, 1, 1, 1, 1, 3, -2, -2, 0, -1, -2, -2, 2, 0, 0, 1, -2, 0]
[-1, 1, 2, 0, 1, -1, 0, 0, 0, -1, 1, -1, 0, 1, 1, -1, 0, 0, 1, 1, 1, 0]
[2, 0, -1, -1, -1, 1, 1, 1, 0, 2, -1, -1, 1, 0, -2, -1, 1, 1, -1, 0, -1, -1]
[-1, 0, 3, 1, 2, -1, 0, 0, 1, 0, 0, -2, -1, 0, 1, -2, 1, -1, 2, 2, 0, 1]
[1, 0, 1, 0, 1, 1, 1, 0, 0, 2, -1, -3, 0, 0, -1, -2, 3, 0, 0, 1, 0, -1]
[0, 0, 1, 0, 0, -1, 0, 1, 1, 0, 0, 0, 0, 0, 0, -1, -1, 0, 1, 1, -1, 1]
[1, 0, 1, 0, 1, 1, 1, 0, 0, 2, 0, -2, 0, -1, -1, -2, 2, -1, 1, 1, -1, -1]
[0, 0, 1, 0, 0, -1, 0, 1, 1, 0, -1, -1, 0, 1, 0, -1, 0, 1, 0, 1, 0, 1]
[1, 0, 1, 1, 1, 0, 1, 0, 1, 2, -1, -3, 1, 0, -1, -2, 2, 0, 1, 1, -1, -1]
[0, 0, 1, -1, 0, 0, 0, 1, 0, 0, 0, 0, -1, 0, 0, -1, 0, 0, 0, 1, 0, 1]
[1, 0, 2, 1, 2, 0, 1, 0, 1, 2, -1, -3, 0, -1, -1, -3, 3, -1, 1, 2, -1, 0]
[0, 0, 0, -1, -1, 0, 0, 1, 0, 0, 0, 0, 0, 1, 0, 0, -1, 1, 0, 0, 0, 0]
[1, -1, 0, 0, 0, 0, 1, 2, 2, 1, -1, -1, 0, 0, -1, -1, 0, 0, 1, 0, -1, 0]
[0, 1, 2, 0, 1, 0, 0, -1, -1, 1, 0, -2, 0, 0, 0, -2, 2, 0, 0, 2, 0, 0]
[1, 1, 1, 0, 1, 0, 1, 0, 0, 1, 0, -2, 1, 0, -1, -2, 2, 0, 0, 1, 0, -1]
[0, -1, 1, 0, 0, 0, 0, 1, 1, 1, -1, -1, -1, 0, 0, -1, 0, 0, 1, 1, -1, 1]
[1, 0, 1, 0, 1, 0, 1, 0, 0, 2, -1, -3, 1, 0, -1, -1, 2, 0, 0, 1, -1, 0]
[0, 0, 1, 0, 0, 0, 0, 1, 1, 0, 0, 0, -1, 0, 0, -2, 0, 0, 1, 1, 0, 0]
[1, 1, 1, 0, 0, 0, 1, 0, 0, 1, 0, -2, 1, 0, -1, -1, 1, 0, 0, 1, -1, 0]
[0, -1, 1, 0, 1, 0, 0, 1, 1, 1, -1, -1, -1, 0, 0, -2, 1, 0, 1, 1, 0, 0]
[1, 0, 0, 0, 0, 1, 0, 0, 0, 2, -1, -2, 0, -1, -1, -2, 2, 0, 0, 1, -1, 0]
[0, 0, 2, 0, 1, -1, 1, 1, 1, 0, 0, -1, 0, 1, 0, -1, 0, 0, 1, 1, 0, 0]
[2, 0, 0, 0, 0, 1, 1, 1, 1, 2, -1, -2, 0, -1, -2, -2, 2, 0, 0, 1, -1, -1]
[-1, 0, 2, 0, 1, -1, 0, 0, 0, 0, 0, -1, 0, 1, 1, -1, 0, 0, 1, 1, 0, 1]
[1, 0, 1, 0, 1, 0, 1, 0, 0, 2, 0, -2, 1, -1, -2, -2, 2, 0, 0, 1, -1, 0]
[0, 0, 1, 0, 0, 0, 0, 1, 1, 0, -1, -1, -1, 1, 1, -1, 0, 0, 1, 1, 0, 0]
[1, 0, 0, 0, 0, 1, 1, 1, 0, 2, -1, -2, 0, 0, -1, -1, 1, 0, 0, 1, -1, -1]
[0, 0, 2, 0, 1, -1, 0, 0, 1, 0, 0, -1, 0, 0, 0, -2, 1, 0, 1, 1, 0, 1]
[1, 0, 0, 0, 1, 1, 1, 1, 0, 2, -1, -2, 0, -1, -1, -2, 2, -1, 0, 1, -1, 0]
[0, 0, 2, 0, 0, -1, 0, 0, 1, 0, 0, -1, 0, 1, 0, -1, 0, 1, 1, 1, 0, 0]
[1, 0, 1, 1, 1, 0, 2, 1, 1, 2, -1, -3, 1, 0, -2, -2, 2, 0, 0, 1, -1, 0]
[0, 0, 1, -1, 0, 0, -1, 0, 0, 0, 0, 0, -1, 0, 1, -1, 0, 0, 1, 1, 0, 0]
[3, 0, 0, 0, 0, 0, 2, 1, 1, 3, -1, -3, 2, 0, -3, -1, 2, 0, 0, 0, -2, -2]
[-2, 0, 2, 0, 1, 0, -1, 0, 0, -1, 0, 0, -2, 0, 2, -2, 0, 0, 1, 2, 1, 2]
[2, 1, 1, 0, 0, 0, 1, 0, 0, 2, -1, -3, 1, 0, -2, -2, 3, 0, -1, 1, -1, 0]
[-1, -1, 1, 0, 1, 0, 0, 1, 1, 0, 0, 0, -1, 0, 1, -1, -1, 0, 2, 1, 0, 0]
[1, -1, 0, 0, 0, 0, 1, 2, 2, 2, -1, -1, 0, 0, -1, -1, 0, 0, 0, 0, -1, 0]
[0, 1, 2, 0, 1, 0, 0, -1, -1, 0, 0, -2, 0, 0, 0, -2, 2, 0, 1, 2, 0, 0]
[2, 0, 0, 0, 0, 1, 0, 0, 0, 2, -1, -2, 0, 0, -1, -2, 2, 0, 0, 1, -1, 0]
[-1, 0, 2, 0, 1, -1, 1, 1, 1, 0, 0, -1, 0, 0, 0, -1, 0, 0, 1, 1, 0, 0]
[1, -1, 1, 0, 1, 0, 2, 1, 2, 2, -1, -2, 1, 0, -1, -1, 1, 0, 1, 0, -1, -1]
[0, 1, 1, 0, 0, 0, -1, 0, -1, 0, 0, -1, -1, 0, 0, -2, 1, 0, 0, 2, 0, 1]
[1, 0, 0, 1, 0, 0, 0, 1, 1, 1, -1, -2, 0, 0, -1, -2, 1, 0, 1, 1, -1, 0]
[0, 0, 2, -1, 1, 0, 1, 0, 0, 1, 0, -1, 0, 0, 0, -1, 1, 0, 0, 1, 0, 0]
[1, -1, 0, -1, 0, 1, 1, 1, 1, 2, -1, -1, 0, 0, -1, -1, 1, 1, 0, 0, 0, -2]
[0, 1, 2, 1, 1, -1, 0, 0, 0, 0, 0, -2, 0, 0, 0, -2, 1, -1, 1, 2, -1, 2]
[1, -1, 1, 0, 1, 0, 1, 1, 2, 2, -1, -1, 0, -1, -1, -2, 1, 0, 1, 1, -1, -1]
[0, 1, 1, 0, 0, 0, 0, 0, -1, 0, 0, -2, 0, 1, 0, -1, 1, 0, 0, 1, 0, 1]
[1, 1, 1, 0, 0, -1, 0, 0, 0, 0, 0, -2, 1, 1, -1, -1, 1, 1, 0, 1, 0, 0]
[0, -1, 1, 0, 1, 1, 1, 1, 1, 2, -1, -1, -1, -1, 0, -2, 1, -1, 1, 1, -1, 0]
[1, 0, 1, 0, 0, 0, 0, 0, 0, 1, 0, -2, 0, 0, -1, -1, 1, 0, 1, 1, -1, 0]
[0, 0, 1, 0, 1, 0, 1, 1, 1, 1, -1, -1, 0, 0, 0, -2, 1, 0, 0, 1, 0, 0]
[1, -1, 0, -1, 0, 1, 1, 1, 1, 2, -1, -1, 0, -1, -1, -1, 1, 0, 0, 0, -1, 0]
[0, 1, 2, 1, 1, -1, 0, 0, 0, 0, 0, -2, 0, 1, 0, -2, 1, 0, 1, 2, 0, 0]
[1, -1, 0, -1, 0, 0, 1, 1, 1, 2, -1, -1, 1, 0, -1, 0, 0, 1, 0, 0, -1, -1]
[0, 1, 2, 1, 1, 0, 0, 0, 0, 0, 0, -2, -1, 0, 0, -3, 2, -1, 1, 2, 0, 1]
[1, -1, 0, -1, 0, 1, 2, 2, 1, 2, -1, -1, 0, 0, -1, 0, 0, 0, 0, 0, -1, -1]
[0, 1, 2, 1, 1, -1, -1, -1, 0, 0, 0, -2, 0, 0, 0, -3, 2, 0, 1, 2, 0, 1]
[1, 0, 1, 0, 1, 0, 0, 0, 0, 1, 0, -2, 0, 0, -1, -2, 2, 0, 1, 1, 0, -1]
[0, 0, 1, 0, 0, 0, 1, 1, 1, 1, -1, -1, 0, 0, 0, -1, 0, 0, 0, 1, -1, 1]
[1, -1, 0, 0, 0, 1, 1, 2, 2, 2, -2, -1, -1, -1, -1, -2, 1, 0, 0, 1, -1, 0]
[0, 1, 2, 0, 1, -1, 0, -1, -1, 0, 1, -2, 1, 1, 0, -1, 1, 0, 1, 1, 0, 0]
[1, -1, -1, -1, 0, 1, 1, 2, 1, 2, -1, 0, 0, -1, -1, -1, 0, 0, 0, 0, -1, -1]
[0, 1, 3, 1, 1, -1, 0, -1, 0, 0, 0, -3, 0, 1, 0, -2, 2, 0, 1, 2, 0, 1]
[1, 1, 1, 0, 0, 0, 0, 0, 0, 0, 0, -2, 0, 1, 0, -1, 1, 0, 1, 1, 0, -1]
[0, -1, 1, 0, 1, 0, 1, 1, 1, 2, -1, -1, 0, -1, -1, -2, 1, 0, 0, 1, -1, 1]
[1, -1, 0, 0, 0, 0, 2, 2, 2, 2, -1, -1, 1, 0, -2, -1, 0, 1, 0, 0, -1, -1]
[0, 1, 2, 0, 1, 0, -1, -1, -1, 0, 0, -2, -1, 0, 1, -2, 2, -1, 1, 2, 0, 1]
[2, 0, 0, -1, -1, 0, 1, 1, 1, 2, -1, -1, 1, 0, -2, -1, 1, 1, -1, 0, -1, -1]
[-1, 0, 2, 1, 2, 0, 0, 0, 0, 0, 0, -2, -1, 0, 1, -2, 1, -1, 2, 2, 0, 1]
[2, -1, 0, 0, 0, 0, 2, 2, 2, 3, -2, -2, 1, 0, -2, -1, 1, 0, 0, 0, -2, -1]
[-1, 1, 2, 0, 1, 0, -1, -1, -1, -1, 1, -1, -1, 0, 1, -2, 1, 0, 1, 2, 1, 1]
[1, 0, 1, 0, 0, 0, 0, 0, 0, 1, 0, -1, 0, 0, -1, -2, 1, 0, 1, 1, -1, 0]
[0, 0, 1, 0, 1, 0, 1, 1, 1, 1, -1, -2, 0, 0, 0, -1, 1, 0, 0, 1, 0, 0]
[1, 0, 1, 0, 0, 0, 0, 0, 0, 1, -1, -2, 0, 1, -1, -2, 2, 1, 0, 1, 0, 0]
[0, 0, 1, 0, 1, 0, 1, 1, 1, 1, 0, -1, 0, -1, 0, -1, 0, -1, 1, 1, -1, 0]
[1, 1, 1, -1, 0, 0, 0, 0, -1, 0, 0, -1, 0, 1, 0, -1, 1, 0, 0, 1, 0, 0]
[0, -1, 1, 1, 1, 0, 1, 1, 2, 2, -1, -2, 0, -1, -1, -2, 1, 0, 1, 1, -1, 0]
[1, 0, 1, 0, 0, 0, 0, 0, 0, 1, -1, -2, 0, 1, 0, -1, 1, 0, 1, 1, -1, 0]
[0, 0, 1, 0, 1, 0, 1, 1, 1, 1, 0, -1, 0, -1, -1, -2, 1, 0, 0, 1, 0, 0]
[1, 1, 1, -1, -1, 0, -1, -1, -1, 0, 0, -1, 0, 1, 0, -1, 1, 1, 0, 1, 0, 0]
[0, -1, 1, 1, 2, 0, 2, 2, 2, 2, -1, -2, 0, -1, -1, -2, 1, -1, 1, 1, -1, 0]
[2, 0, 1, 0, 0, 0, 0, 0, 1, 1, -1, -2, 0, 0, -1, -2, 2, 0, 1, 1, -1, 0]
[-1, 0, 1, 0, 1, 0, 1, 1, 0, 1, 0, -1, 0, 0, 0, -1, 0, 0, 0, 1, 0, 0]
[1, 0, 1, 0, 0, 0, 1, 1, 1, 2, -1, -2, 0, 0, -1, -1, 1, 0, 0, 1, -1, -1]
[0, 0, 1, 0, 1, 0, 0, 0, 0, 0, 0, -1, 0, 0, 0, -2, 1, 0, 1, 1, 0, 1]
[1, 0, 0, 0, 0, 0, 1, 1, 1, 2, -1, -2, 1, 0, -1, -1, 1, 0, 0, 0, -1, -1]
[0, 0, 2, 0, 1, 0, 0, 0, 0, 0, 0, -1, -1, 0, 0, -2, 1, 0, 1, 2, 0, 1]
[1, -1, 1, 0, 1, 0, 2, 1, 1, 3, -1, -3, 1, 0, -2, -1, 2, 0, 0, 0, -1, -1]
[0, 1, 1, 0, 0, 0, -1, 0, 0, -1, 0, 0, -1, 0, 1, -2, 0, 0, 1, 2, 0, 1]
[1, 0, 1, 0, 1, 0, 1, 1, 1, 2, -1, -2, 0, -1, -1, -2, 2, -1, 0, 1, -1, 0]
[0, 0, 1, 0, 0, 0, 0, 0, 0, 0, 0, -1, 0, 1, 0, -1, 0, 1, 1, 1, 0, 0]
[2, 0, 0, 0, 0, 0, 2, 2, 2, 2, -1, -2, 1, 0, -2, -1, 1, 0, 0, 0, -1, -2]
[-1, 0, 2, 0, 1, 0, -1, -1, -1, 0, 0, -1, -1, 0, 1, -2, 1, 0, 1, 2, 0, 2]
[1, 0, 1, 0, 0, 0, 2, 1, 1, 2, 0, -2, 1, 0, -2, -1, 1, 0, 0, 0, -1, -1]
[0, 0, 1, 0, 1, 0, -1, 0, 0, 0, -1, -1, -1, 0, 1, -2, 1, 0, 1, 2, 0, 1]
[1, 0, 2, 1, 1, -1, 2, 1, 2, 2, -1, -3, 1, 0, -2, -2, 2, 0, 0, 1, -1, 0]
[0, 0, 0, -1, 0, 1, -1, 0, -1, 0, 0, 0, -1, 0, 1, -1, 0, 0, 1, 1, 0, 0]
[1, 0, 1, 0, 1, -1, 2, 1, 1, 2, 0, -2, 2, 0, -2, -1, 1, 0, 0, 0, -1, -1]
[0, 0, 1, 0, 0, 1, -1, 0, 0, 0, -1, -1, -2, 0, 1, -2, 1, 0, 1, 2, 0, 1]
[2, -1, 0, 0, 0, 0, 2, 2, 2, 3, -1, -2, 1, -1, -3, -1, 1, 0, 0, 0, -2, -1]
[-1, 1, 2, 0, 1, 0, -1, -1, -1, -1, 0, -1, -1, 1, 2, -2, 1, 0, 1, 2, 1, 1]
[1, 0, 0, 0, 0, 0, 2, 2, 1, 2, -1, -2, 1, 0, -2, -1, 1, 0, -1, 0, -1, 0]
[0, 0, 2, 0, 1, 0, -1, -1, 0, 0, 0, -1, -1, 0, 1, -2, 1, 0, 2, 2, 0, 0]
[1, 1, 1, 1, 0, -1, 1, 1, 1, 1, 0, -2, 1, 0, -2, -2, 1, 0, 0, 1, -1, 0]
[0, -1, 1, -1, 1, 1, 0, 0, 0, 1, -1, -1, -1, 0, 1, -1, 1, 0, 1, 1, 0, 0]
[1, 0, 1, 1, 1, -1, 1, 1, 1, 2, -1, -3, 1, 0, -2, -2, 2, 0, 0, 1, -1, 0]
[0, 0, 1, -1, 0, 1, 0, 0, 0, 0, 0, 0, -1, 0, 1, -1, 0, 0, 1, 1, 0, 0]
[1, 0, 0, 1, 0, 0, 0, 1, 1, 2, -1, -2, 0, 0, -1, -2, 1, 0, 0, 1, -1, 0]
[0, 0, 2, -1, 1, 0, 1, 0, 0, 0, 0, -1, 0, 0, 0, -1, 1, 0, 1, 1, 0, 0]
[1, 0, 0, 0, 0, 0, 1, 1, 0, 2, 0, -2, 1, 0, -2, -1, 1, 0, 0, 0, -1, -1]
[0, 0, 2, 0, 1, 0, 0, 0, 1, 0, -1, -1, -1, 0, 1, -2, 1, 0, 1, 2, 0, 1]
[1, 0, 1, 1, 0, 0, 1, 1, 1, 2, -1, -3, 0, 0, -2, -2, 2, 0, 0, 1, -1, 0]
[0, 0, 1, -1, 1, 0, 0, 0, 0, 0, 0, 0, 0, 0, 1, -1, 0, 0, 1, 1, 0, 0]
[1, 0, 1, 1, 1, 0, 1, 1, 1, 2, -1, -3, 0, 0, -1, -2, 2, -1, 0, 1, -1, 1]
[0, 0, 1, -1, 0, 0, 0, 0, 0, 0, 0, 0, 0, 0, 0, -1, 0, 1, 1, 1, 0, -1]
[1, 1, 1, 1, 0, -1, 1, 1, 1, 1, -1, -3, 1, 1, -1, -1, 1, 0, 0, 1, -1, 0]
[0, -1, 1, -1, 1, 1, 0, 0, 0, 1, 0, 0, -1, -1, 0, -2, 1, 0, 1, 1, 0, 0]
[1, 1, 1, 0, 0, 0, 1, 1, 0, 1, 0, -2, 0, 0, -1, -1, 1, -1, 0, 1, -1, 0]
[0, -1, 1, 0, 1, 0, 0, 0, 1, 1, -1, -1, 0, 0, 0, -2, 1, 1, 1, 1, 0, 0]
[2, 0, 0, 0, 0, 0, 1, 1, 1, 2, 0, -2, 1, 0, -2, -1, 1, 0, 0, 0, -1, -1]
[-1, 0, 2, 0, 1, 0, 0, 0, 0, 0, -1, -1, -1, 0, 1, -2, 1, 0, 1, 2, 0, 1]
[1, 1, 1, 0, 0, -1, 0, 0, 0, 1, 0, -2, 1, 0, -1, -1, 1, 0, 0, 1, -1, 0]
[0, -1, 1, 0, 1, 1, 1, 1, 1, 1, -1, -1, -1, 0, 0, -2, 1, 0, 1, 1, 0, 0]
[2, 0, 0, 0, 0, 0, 1, 1, 1, 2, -1, -3, 1, 0, -2, -1, 2, 0, 0, 0, -1, -1]
[-1, 0, 2, 0, 1, 0, 0, 0, 0, 0, 0, 0, -1, 0, 1, -2, 0, 0, 1, 2, 0, 1]
[2, -1, 0, -1, 0, 1, 1, 1, 1, 2, -1, -1, 0, 0, -1, -1, 1, 0, 1, 0, -1, -2]
[-1, 1, 2, 1, 1, -1, 0, 0, 0, 0, 0, -2, 0, 0, 0, -2, 1, 0, 0, 2, 0, 2]
[1, 0, 1, -1, 0, 1, 0, 0, 0, 1, -1, -1, -1, 0, 0, -2, 2, 0, 0, 1, 0, 0]
[0, 0, 1, 1, 1, -1, 1, 1, 1, 1, 0, -2, 1, 0, -1, -1, 0, 0, 1, 1, -1, 0]
[1, 0, 1, 0, 0, 0, 0, 0, 1, 1, -1, -1, 0, 0, 0, -2, 1, 0, 1, 1, -1, 0]
[0, 0, 1, 0, 1, 0, 1, 1, 0, 1, 0, -2, 0, 0, -1, -1, 1, 0, 0, 1, 0, 0]
[1, -1, 2, 0, 1, 0, 1, 0, 1, 2, -1, -2, 0, 0, -1, -2, 2, 0, 1, 1, -1, 0]
[0, 1, 0, 0, 0, 0, 0, 1, 0, 0, 0, -1, 0, 0, 0, -1, 0, 0, 0, 1, 0, 0]
[1, 0, 1, -1, 0, 0, 0, 0, 0, 1, -1, -1, 0, 1, 0, -1, 1, 1, 0, 1, 0, -1]
[0, 0, 1, 1, 1, 0, 1, 1, 1, 1, 0, -2, 0, -1, -1, -2, 1, -1, 1, 1, -1, 1]
[1, 0, 1, -1, 0, 0, 1, 0, 0, 1, 0, -1, 1, 1, -1, -1, 1, 1, 0, 0, 0, -1]
[0, 0, 1, 1, 1, 0, 0, 1, 1, 1, -1, -2, -1, -1, 0, -2, 1, -1, 1, 2, -1, 1]
[1, -1, 0, -1, 0, 1, 0, 1, 1, 1, -1, 0, -1, -1, 0, -1, 0, 0, 1, 1, -1, 0]
[0, 1, 2, 1, 1, -1, 1, 0, 0, 1, 0, -3, 1, 1, -1, -2, 2, 0, 0, 1, 0, 0]
[1, 0, 1, 1, 1, 0, 1, 1, 1, 2, -1, -3, 0, 0, -1, -2, 2, -1, 1, 1, -1, -1]
[0, 0, 1, -1, 0, 0, 0, 0, 0, 0, 0, 0, 0, 0, 0, -1, 0, 1, 0, 1, 0, 1]
[1, 0, 2, 1, 1, -1, 1, 0, 1, 2, 0, -3, 1, 0, -2, -2, 2, 0, 1, 1, -1, -1]
[0, 0, 0, -1, 0, 1, 0, 1, 0, 0, -1, 0, -1, 0, 1, -1, 0, 0, 0, 1, 0, 1]
[1, 1, 1, 0, 0, 0, 0, 0, 0, 1, 0, -2, 0, 0, -1, -2, 2, 0, 0, 1, 0, -1]
[0, -1, 1, 0, 1, 0, 1, 1, 1, 1, -1, -1, 0, 0, 0, -1, 0, 0, 1, 1, -1, 1]
[1, 1, 2, 0, 1, -1, 1, 0, 0, 1, 0, -3, 1, 1, -1, -1, 2, 0, 0, 1, 0, -1]
[0, -1, 0, 0, 0, 1, 0, 1, 1, 1, -1, 0, -1, -1, 0, -2, 0, 0, 1, 1, -1, 1]
[1, 1, 2, 1, 1, -1, 1, 0, 1, 1, 0, -3, 1, 0, -1, -2, 2, -1, 1, 1, -1, 0]
[0, -1, 0, -1, 0, 1, 0, 1, 0, 1, -1, 0, -1, 0, 0, -1, 0, 1, 0, 1, 0, 0]
[1, 0, 1, -1, 0, 0, 0, 0, 0, 1, -1, -1, 0, 0, 0, -1, 1, 0, 0, 1, -1, 1]
[0, 0, 1, 1, 1, 0, 1, 1, 1, 1, 0, -2, 0, 0, -1, -2, 1, 0, 1, 1, 0, -1]
[2, 0, 0, -1, -1, 0, 1, 1, 1, 1, -1, -1, 1, 1, -1, 0, 0, 1, 0, 0, -1, -1]
[-1, 0, 2, 1, 2, 0, 0, 0, 0, 1, 0, -2, -1, -1, 0, -3, 2, -1, 1, 2, 0, 1]
[2, -1, 0, -1, 0, 1, 1, 1, 1, 2, -1, -1, 0, 0, -1, -1, 1, 0, 0, 0, -1, 0]
[-1, 1, 2, 1, 1, -1, 0, 0, 0, 0, 0, -2, 0, 0, 0, -2, 1, 0, 1, 2, 0, 0]
[2, -1, -1, -1, -1, 1, 0, 1, 1, 2, -2, -1, 0, 0, -1, -1, 1, 1, 0, 0, -1, -1]
[-1, 1, 3, 1, 2, -1, 1, 0, 0, 0, 1, -2, 0, 0, 0, -2, 1, -1, 1, 2, 0, 1]
[2, -1, 0, -1, -1, 1, 1, 1, 1, 2, -1, -1, 0, 0, -2, -1, 1, 1, 0, 0, -1, -1]
[-1, 1, 2, 1, 2, -1, 0, 0, 0, 0, 0, -2, 0, 0, 1, -2, 1, -1, 1, 2, 0, 1]
[2, -1, -1, -1, -1, 1, 0, 1, 1, 2, -1, 0, 0, 0, -1, -1, 0, 1, 0, 0, -1, -1]
[-1, 1, 3, 1, 2, -1, 1, 0, 0, 0, 0, -3, 0, 0, 0, -2, 2, -1, 1, 2, 0, 1]
[2, -1, 0, -1, 0, 0, 1, 1, 1, 2, -1, -1, 1, 0, -2, -1, 1, 1, 0, 0, -1, -1]
[-1, 1, 2, 1, 1, 0, 0, 0, 0, 0, 0, -2, -1, 0, 1, -2, 1, -1, 1, 2, 0, 1]
[1, 0, 0, -1, -1, 1, 0, 1, 0, 1, -1, 0, -1, 0, 0, -1, 0, 0, 0, 1, -1, 0]
[0, 0, 2, 1, 2, -1, 1, 0, 1, 1, 0, -3, 1, 0, -1, -2, 2, 0, 1, 1, 0, 0]
[1, -1, 0, -1, 0, 1, 1, 1, 0, 2, -1, -1, 0, 0, -1, -1, 1, 0, 0, 0, -1, 0]
[0, 1, 2, 1, 1, -1, 0, 0, 1, 0, 0, -2, 0, 0, 0, -2, 1, 0, 1, 2, 0, 0]
[1, -1, 0, 0, 0, 1, 0, 1, 1, 2, -2, -1, -1, 0, 0, -2, 1, 0, 0, 1, -1, 1]
[0, 1, 2, 0, 1, -1, 1, 0, 0, 0, 1, -2, 1, 0, -1, -1, 1, 0, 1, 1, 0, -1]
[1, 0, 1, 0, 0, 0, 1, 1, 1, 1, -1, -1, 0, 0, -1, -2, 1, 0, 0, 1, -1, 1]
[0, 0, 1, 0, 1, 0, 0, 0, 0, 1, 0, -2, 0, 0, 0, -1, 1, 0, 1, 1, 0, -1]
[2, 0, 0, 0, -1, 0, 1, 1, 1, 2, -1, -2, 1, 1, -2, -1, 1, 1, -1, 0, -1, 0]
[-1, 0, 2, 0, 2, 0, 0, 0, 0, 0, 0, -1, -1, -1, 1, -2, 1, -1, 2, 2, 0, 0]
[2, -1, 0, 0, 0, 0, 1, 1, 1, 3, -1, -2, 1, 0, -2, -1, 1, 0, 0, 0, -2, 0]
[-1, 1, 2, 0, 1, 0, 0, 0, 0, -1, 0, -1, -1, 0, 1, -2, 1, 0, 1, 2, 1, 0]
[2, 0, -1, -1, -1, 1, 0, 1, 0, 2, -1, -1, 0, 0, -1, -1, 1, 0, -1, 0, -1, 0]
[-1, 0, 3, 1, 2, -1, 1, 0, 1, 0, 0, -2, 0, 0, 0, -2, 1, 0, 2, 2, 0, 0]
[2, 0, 0, -1, -1, 0, 1, 1, 0, 2, -1, -2, 1, 1, -2, 0, 1, 1, -1, 0, -1, -1]
[-1, 0, 2, 1, 2, 0, 0, 0, 1, 0, 0, -1, -1, -1, 1, -3, 1, -1, 2, 2, 0, 1]
[2, 0, 0, 0, -1, 0, 1, 1, 1, 2, -1, -2, 1, 0, -2, -1, 1, 0, 0, 0, -2, 0]
[-1, 0, 2, 0, 2, 0, 0, 0, 0, 0, 0, -1, -1, 0, 1, -2, 1, 0, 1, 2, 1, 0]
[3, -1, -1, 0, -1, 1, 1, 2, 2, 3, -2, -2, 0, 0, -2, -1, 1, 0, 0, 0, -2, -1]
[-2, 1, 3, 0, 2, -1, 0, -1, -1, -1, 1, -1, 0, 0, 1, -2, 1, 0, 1, 2, 1, 1]
[1, 0, 1, 0, 1, 0, 0, 0, 1, 1, -1, -2, 0, 0, 0, -2, 2, 0, 1, 1, 0, -1]
[0, 0, 1, 0, 0, 0, 1, 1, 0, 1, 0, -1, 0, 0, -1, -1, 0, 0, 0, 1, -1, 1]
[1, 0, 0, 0, 0, 0, 1, 2, 1, 1, -1, -1, 0, 0, -1, -1, 0, 0, 0, 1, -1, 0]
[0, 0, 2, 0, 1, 0, 0, -1, 0, 1, 0, -2, 0, 0, 0, -2, 2, 0, 1, 1, 0, 0]
[1, -1, -1, 0, 0, 1, 1, 2, 1, 2, -1, -1, 0, 0, -1, -1, 0, 0, 0, 0, -1, 0]
[0, 1, 3, 0, 1, -1, 0, -1, 0, 0, 0, -2, 0, 0, 0, -2, 2, 0, 1, 2, 0, 0]
[1, 0, 2, 0, 1, 0, 1, 0, 1, 1, 0, -2, 0, 0, -1, -2, 2, 0, 1, 1, 0, -1]
[0, 0, 0, 0, 0, 0, 0, 1, 0, 1, -1, -1, 0, 0, 0, -1, 0, 0, 0, 1, -1, 1]
[1, 0, 0, 0, 0, 0, 0, 1, 1, 1, -1, -1, 0, -1, -1, -2, 1, 0, 0, 1, -1, 1]
[0, 0, 2, 0, 1, 0, 1, 0, 0, 1, 0, -2, 0, 1, 0, -1, 1, 0, 1, 1, 0, -1]
[1, -1, 0, 0, 0, 1, 0, 1, 1, 2, -1, -1, -1, -1, -1, -2, 1, 0, 0, 1, -1, 1]
[0, 1, 2, 0, 1, -1, 1, 0, 0, 0, 0, -2, 1, 1, 0, -1, 1, 0, 1, 1, 0, -1]
[1, -1, 0, 0, 0, 0, 1, 1, 1, 2, -1, -2, 1, 0, -2, -1, 1, 1, 0, 0, -1, 0]
[0, 1, 2, 0, 1, 0, 0, 0, 0, 0, 0, -1, -1, 0, 1, -2, 1, -1, 1, 2, 0, 0]
[1, 0, 0, 0, -1, 0, 0, 1, 1, 1, -1, -1, 0, 0, -1, -1, 0, 1, 0, 1, -1, 0]
[0, 0, 2, 0, 2, 0, 1, 0, 0, 1, 0, -2, 0, 0, 0, -2, 2, -1, 1, 1, 0, 0]
[1, 0, 0, 0, 0, 0, 0, 1, 1, 1, -1, -1, 0, 0, 0, -1, 0, 0, 0, 1, -1, 1]
[0, 0, 2, 0, 1, 0, 1, 0, 0, 1, 0, -2, 0, 0, -1, -2, 2, 0, 1, 1, 0, -1]
[1, 0, 0, -1, 0, 0, 1, 1, 0, 1, 0, -1, 1, 0, -1, 0, 0, 0, 0, 0, -1, 0]
[0, 0, 2, 1, 1, 0, 0, 0, 1, 1, -1, -2, -1, 0, 0, -3, 2, 0, 1, 2, 0, 0]
[1, 0, 1, 0, 0, 0, 1, 1, 1, 1, -1, -2, 0, 0, -1, -1, 1, 0, 0, 1, -1, 1]
[0, 0, 1, 0, 1, 0, 0, 0, 0, 1, 0, -1, 0, 0, 0, -2, 1, 0, 1, 1, 0, -1]
[2, 0, 0, 0, 0, 0, 1, 1, 1, 2, -1, -2, 1, 0, -2, -2, 2, 0, 0, 0, -1, -1]
[-1, 0, 2, 0, 1, 0, 0, 0, 0, 0, 0, -1, -1, 0, 1, -1, 0, 0, 1, 2, 0, 1]
[2, 0, 1, 0, 0, 0, 1, 1, 1, 2, -1, -2, 0, 0, -2, -2, 2, 0, 0, 1, -1, -1]
[-1, 0, 1, 0, 1, 0, 0, 0, 0, 0, 0, -1, 0, 0, 1, -1, 0, 0, 1, 1, 0, 1]
[2, -1, 0, 0, 0, 1, 1, 1, 1, 3, -1, -2, 0, 0, -2, -2, 2, 0, 0, 0, -1, -1]
[-1, 1, 2, 0, 1, -1, 0, 0, 0, -1, 0, -1, 0, 0, 1, -1, 0, 0, 1, 2, 0, 1]
[2, 0, 0, 0, -1, 0, 1, 1, 1, 2, -1, -2, 1, 1, -2, -1, 1, 1, 0, 0, -1, -2]
[-1, 0, 2, 0, 2, 0, 0, 0, 0, 0, 0, -1, -1, -1, 1, -2, 1, -1, 1, 2, 0, 2]
[1, 0, 1, 0, 0, 0, 0, 0, 0, 2, -1, -2, 0, 0, -1, -2, 2, 0, 0, 1, -1, 0]
[0, 0, 1, 0, 1, 0, 1, 1, 1, 0, 0, -1, 0, 0, 0, -1, 0, 0, 1, 1, 0, 0]
[1, 1, 2, 0, 0, -1, 1, 0, 0, 1, 0, -2, 1, 1, -1, -1, 1, 0, 0, 1, -1, 0]
[0, -1, 0, 0, 1, 1, 0, 1, 1, 1, -1, -1, -1, -1, 0, -2, 1, 0, 1, 1, 0, 0]
[2, 0, 0, 0, 0, 0, 1, 1, 1, 2, -1, -2, 1, 1, -1, -1, 1, 0, 0, 0, -1, -1]
[-1, 0, 2, 0, 1, 0, 0, 0, 0, 0, 0, -1, -1, -1, 0, -2, 1, 0, 1, 2, 0, 1]
[2, 0, 1, 0, 0, 0, 2, 1, 1, 2, -1, -3, 1, 1, -2, -1, 2, 0, 0, 0, -1, -1]
[-1, 0, 1, 0, 1, 0, -1, 0, 0, 0, 0, 0, -1, -1, 1, -2, 0, 0, 1, 2, 0, 1]
[2, 0, 1, 0, 0, 0, 0, 0, 1, 2, -1, -2, 0, 0, -1, -2, 2, 0, 0, 1, -1, 0]
[-1, 0, 1, 0, 1, 0, 1, 1, 0, 0, 0, -1, 0, 0, 0, -1, 0, 0, 1, 1, 0, 0]
[2, 0, 1, 0, 0, -1, 1, 0, 1, 2, -1, -3, 2, 1, -2, -1, 2, 1, 0, 0, -1, -1]
[-1, 0, 1, 0, 1, 1, 0, 1, 0, 0, 0, 0, -2, -1, 1, -2, 0, -1, 1, 2, 0, 1]
[2, 0, 1, -1, 0, 0, 1, 0, 0, 2, 0, -2, 1, 0, -2, -1, 2, 0, 0, 0, -1, -1]
[-1, 0, 1, 1, 1, 0, 0, 1, 1, 0, -1, -1, -1, 0, 1, -2, 0, 0, 1, 2, 0, 1]
[1, 0, 1, 0, 0, 0, 0, 0, 1, 1, -1, -2, 0, 0, 0, -1, 1, 0, 1, 1, -1, 0]
[0, 0, 1, 0, 1, 0, 1, 1, 0, 1, 0, -1, 0, 0, -1, -2, 1, 0, 0, 1, 0, 0]
[1, 0, 1, -1, 0, 0, 1, 0, 0, 1, 0, -2, 1, 1, -1, 0, 1, 1, 0, 0, 0, -1]
[0, 0, 1, 1, 1, 0, 0, 1, 1, 1, -1, -1, -1, -1, 0, -3, 1, -1, 1, 2, -1, 1]
[1, 1, 1, -1, 0, 0, 0, 0, 0, 0, 0, -1, 0, 0, 0, -1, 1, 0, 0, 1, 0, 0]
[0, -1, 1, 1, 1, 0, 1, 1, 1, 2, -1, -2, 0, 0, -1, -2, 1, 0, 1, 1, -1, 0]
[1, 0, 2, 0, 1, -1, 1, 0, 1, 1, 0, -2, 1, 0, -1, -1, 1, 0, 1, 1, -1, 0]
[0, 0, 0, 0, 0, 1, 0, 1, 0, 1, -1, -1, -1, 0, 0, -2, 1, 0, 0, 1, 0, 0]
[1, 0, 1, 0, 1, 0, 1, 1, 1, 1, -1, -2, 0, 0, 0, -1, 1, -1, 1, 1, -1, 0]
[0, 0, 1, 0, 0, 0, 0, 0, 0, 1, 0, -1, 0, 0, -1, -2, 1, 1, 0, 1, 0, 0]
[1, 0, 0, 0, 0, 0, 0, 1, 1, 1, -1, -1, 0, 0, -1, -2, 1, 1, 0, 1, 0, -1]
[0, 0, 2, 0, 1, 0, 1, 0, 0, 1, 0, -2, 0, 0, 0, -1, 1, -1, 1, 1, -1, 1]
[1, -1, 1, 1, 1, 0, 1, 1, 2, 2, -1, -2, 0, -1, -2, -3, 2, 0, 1, 1, -1, 0]
[0, 1, 1, -1, 0, 0, 0, 0, -1, 0, 0, -1, 0, 1, 1, 0, 0, 0, 0, 1, 0, 0]
[1, -1, 0, 0, 0, 1, 0, 1, 1, 2, -1, -1, -1, -1, -1, -2, 1, 0, 1, 1, -1, -1]
[0, 1, 2, 0, 1, -1, 1, 0, 0, 0, 0, -2, 1, 1, 0, -1, 1, 0, 0, 1, 0, 1]
[1, -1, 1, 0, 1, 0, 0, 0, 1, 2, -1, -2, 0, -1, -1, -2, 2, 0, 1, 1, -1, 0]
[0, 1, 1, 0, 0, 0, 1, 1, 0, 0, 0, -1, 0, 1, 0, -1, 0, 0, 0, 1, 0, 0]
[2, -1, 0, 0, 0, 0, 1, 1, 2, 2, -1, -2, 1, 0, -2, -1, 1, 1, 1, 0, -1, -2]
[-1, 1, 2, 0, 1, 0, 0, 0, -1, 0, 0, -1, -1, 0, 1, -2, 1, -1, 0, 2, 0, 2]
[1, 0, 1, 0, 0, 0, 0, 0, 1, 1, -1, -2, 0, 0, -1, -2, 2, 1, 0, 1, 0, 0]
[0, 0, 1, 0, 1, 0, 1, 1, 0, 1, 0, -1, 0, 0, 0, -1, 0, -1, 1, 1, -1, 0]
[1, 0, 1, 0, 0, 0, 0, 0, 1, 1, 0, -1, 0, -1, -1, -2, 1, 0, 1, 1, -1, 0]
[0, 0, 1, 0, 1, 0, 1, 1, 0, 1, -1, -2, 0, 1, 0, -1, 1, 0, 0, 1, 0, 0]
[1, 0, 1, -1, 0, 0, 0, 0, 0, 1, 0, -1, 0, 0, -1, -1, 1, 1, 0, 1, 0, -1]
[0, 0, 1, 1, 1, 0, 1, 1, 1, 1, -1, -2, 0, 0, 0, -2, 1, -1, 1, 1, -1, 1]
[1, 0, 0, -1, 0, 0, 0, 0, 0, 1, 0, -1, 1, 0, -1, -1, 1, 1, 0, 0, 0, -1]
[0, 0, 2, 1, 1, 0, 1, 1, 1, 1, -1, -2, -1, 0, 0, -2, 1, -1, 1, 2, -1, 1]
[1, -1, 0, 0, 0, 1, 1, 1, 1, 2, -1, -2, 0, 0, -1, -1, 1, 0, 1, 0, -1, -1]
[0, 1, 2, 0, 1, -1, 0, 0, 0, 0, 0, -1, 0, 0, 0, -2, 1, 0, 0, 2, 0, 1]
[1, 0, 1, 0, 0, 0, 1, 1, 1, 1, -1, -2, 0, 0, -1, -1, 1, 0, 1, 1, -1, -1]
[0, 0, 1, 0, 1, 0, 0, 0, 0, 1, 0, -1, 0, 0, 0, -2, 1, 0, 0, 1, 0, 1]
[1, 0, 0, 0, 0, 1, 0, 1, 1, 1, -1, -1, -1, -1, 0, -2, 1, -1, 1, 1, -1, 0]
[0, 0, 2, 0, 1, -1, 1, 0, 0, 1, 0, -2, 1, 1, -1, -1, 1, 1, 0, 1, 0, 0]
[1, -1, 1, 0, 1, 1, 1, 1, 1, 2, -1, -2, -1, -1, -1, -2, 2, -1, 1, 1, -1, 0]
[0, 1, 1, 0, 0, -1, 0, 0, 0, 0, 0, -1, 1, 1, 0, -1, 0, 1, 0, 1, 0, 0]
[1, -1, 1, 1, 1, 0, 1, 1, 2, 2, -2, -3, 0, 0, -1, -2, 2, 0, 1, 1, -1, 0]
[0, 1, 1, -1, 0, 0, 0, 0, -1, 0, 1, 0, 0, 0, 0, -1, 0, 0, 0, 1, 0, 0]
[1, -1, 1, 1, 1, 0, 1, 1, 2, 2, -1, -2, 0, -1, -1, -2, 1, -1, 2, 1, -2, 0]
[0, 1, 1, -1, 0, 0, 0, 0, -1, 0, 0, -1, 0, 1, 0, -1, 1, 1, -1, 1, 1, 0]
[1, 0, 0, -1, 0, 0, 1, 1, 0, 1, 0, -1, 1, 1, -1, 0, 0, 1, 0, 0, 0, -2]
[0, 0, 2, 1, 1, 0, 0, 0, 1, 1, -1, -2, -1, -1, 0, -3, 2, -1, 1, 2, -1, 2]
[1, 0, 1, 1, 0, 0, 1, 1, 2, 1, -1, -2, 0, 0, -1, -2, 1, 0, 1, 1, -1, 0]
[0, 0, 1, -1, 1, 0, 0, 0, -1, 1, 0, -1, 0, 0, 0, -1, 1, 0, 0, 1, 0, 0]
[1, 0, 0, -1, 0, 1, 0, 1, 0, 1, -1, -1, -1, 0, 0, -1, 1, 0, 0, 1, 0, -1]
[0, 0, 2, 1, 1, -1, 1, 0, 1, 1, 0, -2, 1, 0, -1, -2, 1, 0, 1, 1, -1, 1]
[1, 0, 1, 1, 1, -1, 1, 1, 2, 1, -1, -2, 1, 0, -1, -2, 1, 0, 1, 1, -1, 0]
[0, 0, 1, -1, 0, 1, 0, 0, -1, 1, 0, -1, -1, 0, 0, -1, 1, 0, 0, 1, 0, 0]
[1, -1, 1, 1, 1, 0, 1, 1, 2, 2, -1, -2, 0, 0, -1, -2, 1, 0, 1, 1, -1, 0]
[0, 1, 1, -1, 0, 0, 0, 0, -1, 0, 0, -1, 0, 0, 0, -1, 1, 0, 0, 1, 0, 0]
[1, 0, 0, -1, 0, 1, 1, 1, 0, 1, 0, -1, 0, 0, -1, -1, 1, 0, 0, 0, 0, -1]
[0, 0, 2, 1, 1, -1, 0, 0, 1, 1, -1, -2, 0, 0, 0, -2, 1, 0, 1, 2, -1, 1]
[1, 0, 0, 0, 0, 0, 0, 1, 1, 1, -1, -1, 0, 0, 0, -1, 0, 0, 1, 1, -1, -1]
[0, 0, 2, 0, 1, 0, 1, 0, 0, 1, 0, -2, 0, 0, -1, -2, 2, 0, 0, 1, 0, 1]
[1, -1, 1, 0, 1, 0, 1, 1, 1, 2, -1, -2, 0, 0, -1, -1, 1, 0, 1, 1, -1, -1]
[0, 1, 1, 0, 0, 0, 0, 0, 0, 0, 0, -1, 0, 0, 0, -2, 1, 0, 0, 1, 0, 1]
[1, -1, 0, 0, 1, 0, 1, 1, 1, 2, -1, -2, 1, 0, -1, -1, 1, 0, 1, 0, -1, -1]
[0, 1, 2, 0, 0, 0, 0, 0, 0, 0, 0, -1, -1, 0, 0, -2, 1, 0, 0, 2, 0, 1]
[1, -1, 0, 0, 1, 1, 0, 1, 1, 2, -1, -1, -1, -1, 0, -2, 1, -1, 1, 1, -1, 0]
[0, 1, 2, 0, 0, -1, 1, 0, 0, 0, 0, -2, 1, 1, -1, -1, 1, 1, 0, 1, 0, 0]
[1, 0, 1, 0, 1, 0, 1, 1, 1, 1, 0, -1, 0, -1, -1, -2, 1, -1, 1, 1, -1, 0]
[0, 0, 1, 0, 0, 0, 0, 0, 0, 1, -1, -2, 0, 1, 0, -1, 1, 1, 0, 1, 0, 0]
[1, -1, 1, 0, 1, 0, 2, 1, 1, 2, 0, -2, 1, 0, -2, -1, 1, 0, 1, 0, -1, -1]
[0, 1, 1, 0, 0, 0, -1, 0, 0, 0, -1, -1, -1, 0, 1, -2, 1, 0, 0, 2, 0, 1]
[1, 0, 0, 0, 0, 0, 1, 1, 1, 1, 0, -1, 1, 0, -1, -1, 0, 0, 1, 0, -1, -1]
[0, 0, 2, 0, 1, 0, 0, 0, 0, 1, -1, -2, -1, 0, 0, -2, 2, 0, 0, 2, 0, 1]
[1, 0, 1, 0, 0, 0, 1, 1, 1, 1, 0, -1, 0, 0, -1, -1, 0, 0, 1, 1, -1, -1]
[0, 0, 1, 0, 1, 0, 0, 0, 0, 1, -1, -2, 0, 0, 0, -2, 2, 0, 0, 1, 0, 1]
[1, 0, 1, 0, 1, 0, 1, 1, 1, 1, -1, -2, 0, 0, -1, -2, 2, 0, 0, 1, 0, 0]
[0, 0, 1, 0, 0, 0, 0, 0, 0, 1, 0, -1, 0, 0, 0, -1, 0, 0, 1, 1, -1, 0]
[1, 0, 0, 0, 0, 1, 0, 1, 1, 1, -1, -1, -1, 0, 0, -2, 1, 0, 0, 1, 0, 0]
[0, 0, 2, 0, 1, -1, 1, 0, 0, 1, 0, -2, 1, 0, -1, -1, 1, 0, 1, 1, -1, 0]
[1, 0, 0, 0, 0, 0, 1, 1, 1, 1, -1, -2, 1, 1, -1, -1, 1, 1, 0, 0, 0, -1]
[0, 0, 2, 0, 1, 0, 0, 0, 0, 1, 0, -1, -1, -1, 0, -2, 1, -1, 1, 2, -1, 1]
[1, 0, 1, 0, 0, 0, 1, 1, 1, 1, -1, -2, 0, 1, -1, -1, 1, 1, 0, 1, 0, -1]
[0, 0, 1, 0, 1, 0, 0, 0, 0, 1, 0, -1, 0, -1, 0, -2, 1, -1, 1, 1, -1, 1]

################
# DISCRIMINANT #
################

The discriminant has 5 components of degree 1:
2*Z[0] + 3*Z[1]
2*Z[0] + Z[1]
2*Z[0] - Z[1]
Z[0]
Z[0] + Z[1]

#############
# MONODROMY #
#############


Generators of the monodromy group on the second homology group:
[[1, 0, 0, 0, 0, 0, 0, 0, 0, 0, 0, 0, 0, 0, 0, 0, 0, 0, 0, 0, 0, 0], [0, 1, 0, 0, 0, 0, 0, 0, 0, 0, 0, 0, 0, 0, 0, 0, 0, 0, 0, 0, 0, 0], [0, 0, 1, 0, 0, 0, 0, 0, 0, 0, 0, 0, 0, 0, 0, 0, 0, 0, 0, 0, 0, 0], [0, 0, 0, 1, 0, 0, 0, 0, 0, 0, 0, 0, 0, 0, 0, 0, 0, 0, 0, 0, 0, 0], [0, 0, 0, 0, 1, 0, 0, 0, 0, 0, 0, 0, 0, 0, 0, 0, 0, 0, 0, 0, 0, 0], [0, 0, 0, 0, 0, 1, 0, 0, 0, 0, 0, 0, 0, 0, 0, 0, 0, 0, 0, 0, 0, 0], [0, 0, 0, 0, 0, 0, 1, 0, 0, 0, 0, 0, 0, 0, 0, 0, 0, 0, 0, 0, 0, 0], [0, 0, 0, 0, 0, 0, 0, 1, 0, 0, 0, 0, 0, 0, 0, 0, 0, 0, 0, 0, 0, 0], [0, 0, 0, 0, 0, 0, 0, 0, 1, 0, 0, 0, 0, 0, 0, 0, 0, 0, 0, 0, 0, 0], [0, 0, 0, 0, 0, 0, 0, 0, 0, 1, 0, 0, 0, 0, 0, 0, 0, 0, 0, 0, 0, 0], [0, 0, 0, 0, 0, 0, 0, 0, 0, 0, 1, 0, 0, 0, 0, 0, 0, 0, 0, 0, 0, 0], [0, 0, 0, 0, 0, 0, 0, 0, 0, 0, 0, 1, 0, 0, 0, 0, 0, 0, 0, 0, 0, 0], [0, 0, 0, 0, 0, 0, 0, 0, 0, 0, 0, 0, 1, 0, 0, 0, 0, 0, 0, 0, 0, 0], [0, 0, 0, 0, 0, 0, 0, 0, 0, 0, 0, 0, 0, 1, 0, 0, 0, 0, 0, 0, 0, 0], [0, 0, 0, 0, 0, 0, 0, 0, 0, 0, 0, 0, 0, 0, 1, 0, 0, 0, 0, 0, 0, 0], [0, 0, 0, 0, 0, 0, 0, 0, 0, 0, 0, 0, 0, 0, 0, 1, 0, 0, 0, 0, 0, 0], [0, 0, 0, 0, 0, 0, 0, 0, 0, 0, 0, 0, 0, 0, 0, 0, 1, 0, 0, 0, 0, 0], [0, 0, 0, 0, 0, 0, 0, 0, 0, 0, 0, 0, 0, 0, 0, 0, 0, 1, 0, 0, 0, 0], [0, 0, 0, 0, 0, 0, 0, 0, 0, 0, 0, 0, 0, 0, 0, 0, 0, 0, 1, 0, 0, 0], [0, 0, 0, 0, 0, 0, 0, 0, 0, 0, 0, 0, 0, 0, 0, 0, 0, 0, 0, 1, 0, 0], [0, 0, 0, 0, 0, 0, 0, 0, 0, 0, 0, 0, 0, 0, 0, 0, 0, 0, 0, 0, 1, 0], [0, 0, 0, 0, 0, 0, 0, 0, 0, 0, 0, 0, 0, 0, 0, 0, 0, 0, 0, 0, 0, 1]]
[[-1, 0, 1, 0, 0, 1, -1, 1, 0, 0, 0, 0, 1, 0, 0, 0, 0, 0, 0, 0, 0, 0], [0, -1, 0, 0, 0, 0, 0, 0, 0, 0, 0, 0, 0, 0, 0, 0, 0, 0, 0, 0, 0, 0], [0, 0, -1, -1, 0, 0, 0, 0, 0, 0, 0, -1, 0, 0, 0, -1, -1, 0, 0, 0, 0, 0], [0, 0, 0, -1, 0, 0, 0, 0, 0, 0, 0, 0, 0, 0, 0, 0, 0, 0, 0, 0, 0, 0], [0, 0, -1, -1, -1, -1, 1, -1, 0, 0, 0, -1, -1, 0, 0, -1, -1, 0, 0, 0, 0, 0], [0, 0, 0, 0, 0, -1, 0, 0, 0, 0, 0, 0, 0, 0, 0, 0, 0, 0, 0, 0, 0, 0], [0, 0, 1, 0, 0, 1, -2, 1, 0, 0, 0, 0, 1, 0, 0, 0, 0, 0, 0, 0, 0, 0], [0, 0, 1, 0, 0, 1, -1, 0, 0, 0, 0, 0, 1, 0, 0, 0, 0, 0, 0, 0, 0, 0], [0, 0, -1, -1, 0, -1, 1, -1, -1, 0, 0, -1, -1, 0, 0, -1, -1, 0, 0, 0, 0, 0], [0, 0, 0, -1, 0, 0, 0, 0, 0, -1, 0, -1, 0, 0, 0, -1, -1, 0, 0, 0, 0, 0], [0, 0, 1, 1, 0, 1, -1, 1, 0, 0, -1, 1, 1, 0, 0, 1, 1, 0, 0, 0, 0, 0], [0, 0, -1, 1, 0, -1, 1, -1, 0, 0, 0, 0, -1, 0, 0, 1, 1, 0, 0, 0, 0, 0], [0, 0, 2, 1, 0, 2, -2, 2, 0, 0, 0, 1, 1, 0, 0, 1, 1, 0, 0, 0, 0, 0], [0, 0, 0, 0, 0, 0, 0, 0, 0, 0, 0, 0, 0, -1, 0, 0, 0, 0, 0, 0, 0, 0], [0, 0, -1, 0, 0, -1, 1, -1, 0, 0, 0, 0, -1, 0, -1, 0, 0, 0, 0, 0, 0, 0], [0, 0, 1, 2, 0, 1, -1, 1, 0, 0, 0, 2, 1, 0, 0, 1, 2, 0, 0, 0, 0, 0], [0, 0, 0, -1, 0, 0, 0, 0, 0, 0, 0, -1, 0, 0, 0, -1, -2, 0, 0, 0, 0, 0], [0, 0, 0, 0, 0, 0, 0, 0, 0, 0, 0, 0, 0, 0, 0, 0, 0, -1, 0, 0, 0, 0], [0, 0, -1, -1, 0, -1, 1, -1, 0, 0, 0, -1, -1, 0, 0, -1, -1, 0, -1, 0, 0, 0], [0, 0, -2, -2, 0, -2, 2, -2, 0, 0, 0, -2, -2, 0, 0, -2, -2, 0, 0, -1, 0, 0], [0, 0, -1, 0, 0, -1, 1, -1, 0, 0, 0, 0, -1, 0, 0, 0, 0, 0, 0, 0, -1, 0], [0, 0, 0, 0, 0, 0, 0, 0, 0, 0, 0, 0, 0, 0, 0, 0, 0, 0, 0, 0, 0, -1]]
[[0, 0, 1, 0, -1, 0, -2, 2, 1, 1, 1, 0, 1, 0, 1, 1, 1, 0, 0, 0, 0, 0], [0, 1, -1, -1, 0, -1, 2, -2, 0, 0, 0, -1, -2, 0, 0, -1, -1, 0, 0, -1, 0, 0], [1, 1, -2, -1, 1, -3, 4, -4, -1, 0, -1, -2, -4, -1, 0, -2, -3, 1, 0, -1, 0, 0], [0, 0, -1, 0, 0, -1, 2, -2, 0, 0, 0, -1, -2, 0, 0, -1, -1, 0, 0, -1, 0, 0], [0, 0, 0, 0, 1, 0, 0, 0, 0, 0, 0, 0, 0, 0, 0, 0, 0, 0, 0, 0, 0, 0], [0, 0, 0, 0, 0, 0, -1, 1, 0, 0, 0, 0, 0, 0, 0, 0, 0, 0, 0, 0, 0, 0], [0, 0, 0, 0, 0, -1, 0, 1, 0, 0, 0, 0, 0, 0, 0, 0, 0, 0, 0, 0, 0, 0], [0, 0, 0, 0, 0, 0, 0, 1, 0, 0, 0, 0, 0, 0, 0, 0, 0, 0, 0, 0, 0, 0], [-1, -1, 4, 2, -1, 5, -5, 5, 2, 0, 1, 3, 6, 1, 0, 3, 4, -1, 0, 2, 0, 0], [-1, -1, 3, 1, -1, 2, -5, 5, 1, 1, 1, 2, 4, 1, 0, 2, 3, -1, 0, 1, 0, 0], [1, 1, -3, -1, 1, -3, 4, -4, -1, 0, 0, -2, -4, -1, 0, -2, -3, 1, 0, -1, 0, 0], [0, 0, 1, 1, 0, 2, -1, 1, 0, 0, 0, 2, 2, 0, 0, 1, 1, 0, 0, 1, 0, 0], [0, 0, -1, -1, 0, -2, 1, -1, 0, 0, 0, -1, -1, 0, 0, -1, -1, 0, 0, -1, 0, 0], [0, 0, 1, 1, 0, 2, -1, 1, 0, 0, 0, 1, 2, 1, 0, 1, 1, 0, 0, 1, 0, 0], [1, 0, -1, 0, 1, 0, 2, -2, -1, -1, -1, 0, -1, 0, 0, -1, -1, 0, 0, 0, 0, 0], [1, 0, -1, 0, 1, -1, 1, -1, -1, -1, -1, 0, -1, 0, -1, 0, -1, 0, 0, 0, 0, 0], [-1, 0, 1, 0, -1, 0, -2, 2, 1, 1, 1, 0, 1, 0, 1, 1, 2, 0, 0, 0, 0, 0], [0, 0, 0, 0, 0, 0, 0, 0, 0, 0, 0, 0, 0, 0, 0, 0, 0, 1, 0, 0, 0, 0], [0, 0, 1, 1, 0, 2, -1, 1, 0, 0, 0, 1, 2, 0, 0, 1, 1, 0, 1, 1, 0, 0], [-1, -1, 3, 1, -1, 4, -3, 3, 1, 0, 1, 2, 4, 1, 0, 2, 3, -1, 0, 2, 0, 0], [0, 0, 1, 1, 0, 2, -1, 1, 0, 0, 0, 1, 2, 0, 0, 1, 1, 0, 0, 1, 1, 0], [0, 0, 0, 0, 0, 1, 1, -1, 0, 0, 0, 0, 0, 0, 0, 0, 0, 0, 0, 0, 0, 1]]
[[-4, -7, 4, 1, -5, 5, -6, 7, 3, -4, 4, 3, 10, 3, 3, 2, 8, -4, -4, 6, -4, -3], [1, 0, -1, -1, 0, -1, 1, -2, 0, 0, 0, -2, -2, -1, 0, -1, -2, 0, 0, -1, 1, 0], [3, 6, -5, -3, 4, -6, 6, -7, -3, 3, -4, -5, -10, -3, -2, -4, -9, 3, 3, -6, 3, 2], [0, 1, -1, 0, 1, -1, 1, 0, -1, 1, 0, 0, -2, 0, 0, 0, 0, 1, 1, -1, 0, 0], [1, 2, -2, -1, 2, -2, 2, -2, -1, 1, -1, -2, -4, -1, -1, -1, -3, 1, 1, -2, 1, 1], [1, 4, -1, -1, 2, -3, 2, -3, -1, 2, -3, -1, -4, -1, -2, -1, -4, 1, 2, -3, 2, 1], [-2, -6, 3, 2, -3, 4, -5, 7, 2, -3, 4, 3, 8, 2, 3, 2, 7, -2, -3, 5, -3, -2], [-1, -2, 2, 1, -1, 2, -2, 3, 1, -1, 1, 2, 4, 1, 1, 1, 3, -1, -1, 2, -1, -1], [-3, -6, 4, 2, -3, 6, -6, 8, 2, -3, 4, 4, 10, 3, 2, 3, 8, -3, -3, 6, -3, -2], [-5, -8, 5, 2, -5, 6, -8, 10, 3, -4, 5, 5, 12, 4, 3, 3, 11, -4, -4, 7, -5, -3], [2, 3, -3, -1, 2, -3, 4, -5, -1, 1, -2, -3, -6, -2, -1, -2, -5, 2, 1, -3, 2, 1], [2, 4, -1, 0, 2, -2, 3, -4, -1, 2, -3, -1, -4, -2, -2, 0, -4, 2, 2, -3, 3, 2], [-2, -5, 2, 1, -3, 3, -3, 4, 2, -3, 3, 2, 5, 2, 2, 1, 5, -2, -3, 4, -3, -2], [-1, -3, 1, 1, -2, 3, -2, 2, 1, -2, 2, 1, 4, 1, 1, 1, 3, -1, -1, 3, -2, -1], [4, 6, -3, -1, 4, -4, 5, -6, -3, 3, -4, -3, -8, -3, -3, -1, -7, 3, 4, -5, 4, 3], [1, 1, -1, 0, 1, -1, 2, -3, 0, -1, -2, 0, -2, 0, -1, -1, -2, 0, 0, -1, 0, 0], [-3, -6, 3, 1, -4, 4, -6, 7, 2, -2, 5, 2, 8, 2, 3, 2, 7, -3, -3, 5, -3, -2], [0, 1, -1, -1, 0, -1, 2, -3, 0, 0, -1, -1, -2, 0, -1, -2, -3, 0, 0, -1, 0, 0], [1, 1, 0, 1, 1, 1, 0, 1, -1, 1, 0, 0, 0, 0, 0, 1, 0, 1, 1, 0, 1, 1], [-1, -4, 2, 1, -2, 4, -4, 5, 1, -1, 4, 1, 6, 1, 2, 2, 5, -1, -1, 3, -1, 0], [1, 1, 0, 1, 0, 1, 0, 0, 0, 1, 1, 0, 0, -1, 0, 1, 0, 1, 1, 0, 1, 1], [1, 0, 0, 0, 1, 0, 0, 0, -1, 1, 0, 0, 0, -1, 0, 1, 0, 1, 1, 0, 1, 1]]
[[0, -4, 2, 3, -2, 3, -3, 6, 1, 0, 6, 2, 5, 1, 5, 2, 6, 1, -2, 3, -2, 0], [-1, -3, 0, 0, -1, 0, 0, 1, 0, -2, 1, 0, 1, 0, 1, 0, 2, 0, -1, 1, -2, -1], [-1, 0, -2, -3, 0, -2, 2, -3, -1, -2, -3, -3, -2, -1, -2, -3, -4, -1, 0, -1, 0, -1], [0, -3, 0, -1, -1, 0, 0, 0, 0, -2, 1, -1, 1, 0, 1, -1, 0, -1, -2, 1, -1, -1], [-1, -1, -1, -2, -1, -1, 1, -2, 0, -2, -1, -2, -1, 0, -1, -2, -2, -1, -1, 0, -1, -1], [2, 9, -1, -1, 4, -3, 2, -4, -1, 6, -5, 0, -6, -1, -4, 0, -6, 2, 5, -5, 5, 3], [-1, -8, 2, 2, -4, 3, -4, 6, 1, -4, 6, 1, 7, 1, 5, 1, 7, -1, -4, 5, -4, -2], [1, 1, 1, 1, 0, 1, -1, 1, 0, 2, 1, 1, 1, 0, 1, 1, 1, 1, 1, 0, 1, 1], [0, -2, 1, 1, -1, 2, -2, 3, 0, 0, 3, 1, 3, 1, 2, 1, 3, 0, -1, 2, -1, 0], [1, -4, 2, 2, -2, 3, -3, 5, 1, -1, 5, 1, 5, 1, 4, 1, 4, 0, -2, 3, -1, 0], [-1, -1, -1, -1, 0, -1, 1, -2, 0, -2, -2, -1, -1, 0, -1, -1, -1, -1, -1, 0, -1, -1], [1, 7, -1, 0, 3, -2, 2, -4, -1, 4, -5, 0, -5, -1, -4, 1, -4, 1, 4, -4, 4, 2], [-1, -4, 1, 1, -2, 2, -2, 3, 1, -2, 3, 1, 3, 1, 2, 1, 4, -1, -2, 3, -2, -1], [-1, -3, 0, 0, -1, 1, -1, 1, 1, -2, 2, 0, 2, 0, 1, 0, 2, -1, -2, 2, -2, -1], [0, 2, -1, -1, 1, -2, 2, -3, -1, 0, -3, -1, -3, -1, -3, -1, -3, 0, 1, -2, 1, 0], [0, 4, -1, 0, 2, -1, 1, -3, 0, 2, -3, 1, -3, 0, -3, 0, -2, 0, 2, -2, 2, 1], [-1, -8, 2, 2, -4, 3, -3, 7, 1, -4, 7, 1, 7, 1, 6, 1, 7, 0, -4, 5, -5, -2], [0, 4, -1, -1, 2, -1, 1, -2, 0, 2, -2, 0, -3, 0, -2, 0, -2, 0, 2, -2, 1, 1], [-1, -2, 0, -1, -1, 0, 0, 0, 0, -2, 0, -1, 1, 0, 0, -1, 0, -1, -2, 1, -1, -1], [-2, -9, 1, 0, -4, 2, -2, 4, 1, -6, 5, -1, 6, 1, 4, -1, 5, -2, -5, 4, -5, -3], [-1, -2, 0, 0, -1, 0, 0, 0, 0, -2, 0, 0, 1, 0, 0, 0, 1, -1, -1, 1, -2, -1], [0, 0, 0, 0, 0, 0, 0, 0, 0, 0, 0, 0, 0, 0, 0, 0, 0, 0, 0, 0, 0, -1]]
[[0, -1, 0, 0, 0, 1, 0, 0, 1, -1, 1, 1, 1, 2, 1, -1, 1, -1, -2, 1, -2, -1], [0, -2, 0, 0, -1, 0, -1, 1, 0, -2, 1, -1, 1, -1, 1, 0, 1, 0, -1, 1, -1, -1], [-1, -3, -1, -2, -1, -1, 0, 0, -1, -3, 0, -3, 0, -1, 0, -2, -1, -1, -1, 0, -1, -1], [0, -2, 0, 1, 0, 0, -1, 2, -1, -1, 1, 0, 1, 0, 1, 0, 1, 0, -1, 1, -1, -1], [0, -1, 0, 0, 0, 0, 0, 1, -1, -1, 0, -1, 0, -1, 0, 0, 0, 0, 0, 0, 0, 0], [1, 5, 0, 0, 2, 0, 1, -2, 0, 4, -2, 1, -2, 0, -2, 1, -2, 1, 3, -2, 3, 2], [-1, -4, 0, 0, -1, 1, 0, 1, 1, -3, 2, 0, 2, 1, 2, -1, 2, -1, -3, 2, -3, -2], [0, 1, 0, 0, 1, 0, 0, 0, 1, 1, 0, 1, 0, 1, 0, 0, 0, 0, 0, 0, 0, 0], [0, 1, 0, 0, 1, 0, 0, 1, 0, 1, 0, 1, 0, 1, 0, 0, 0, 0, 0, 0, 0, 0], [-1, -1, 0, 0, 0, 1, 0, 0, 1, 0, 1, 1, 1, 2, 1, -1, 1, -1, -2, 1, -2, -1], [0, -1, 0, 0, -1, 0, 0, 0, 0, -1, 0, -1, 0, -1, 0, 0, 0, 0, 0, 0, 1, 0], [1, 3, 0, 0, 1, -1, 1, -2, 0, 2, -2, 0, -2, -1, -2, 1, -2, 1, 2, -2, 3, 2], [-1, -1, 0, 0, -1, 1, 0, 0, 1, -1, 0, 1, 1, 1, 0, 0, 1, -1, -1, 2, -1, -1], [0, 0, 0, 0, -1, 0, 0, 0, 0, 0, 0, 0, 0, 0, 0, 0, 0, 0, 1, 0, 0, 0], [1, 0, 0, 0, 0, -1, 0, 0, -1, 0, 0, -2, -1, -2, 0, 1, -1, 1, 1, -1, 1, 1], [0, 3, 0, 0, 0, 0, 1, -2, 1, 2, -2, 1, -1, 0, -1, 1, -1, 0, 2, -1, 2, 1], [-1, -4, 0, 0, -1, 1, -1, 2, 0, -3, 3, 0, 2, 1, 2, -1, 3, -1, -3, 2, -4, -2], [0, 3, 0, 0, 0, 0, 1, -1, 0, 2, -1, 1, -1, 0, -1, 0, -1, 1, 2, -1, 1, 1], [0, -1, 0, 0, 0, 0, 0, 1, -1, -1, 0, -1, 0, 0, 0, 0, 0, 0, 0, 0, 0, 0], [0, -4, 0, 0, -1, 0, -1, 2, -1, -3, 2, -2, 2, -1, 2, -1, 1, 0, -2, 1, -2, -1], [0, -1, 0, 0, -1, 0, 0, 0, 0, -1, 1, -1, 0, -1, 0, 0, 0, 0, 0, 0, 0, 0], [1, 0, 0, 0, 1, -1, -1, 1, -1, 1, 0, 0, 0, -1, 0, 1, 0, 1, 1, 0, 1, 1]]

#################
# GALOIS GROUPS #
#################


Generators of the monodromy group on the generic Picard lattice:
[[1, 0, 0, 0, 0, 0, 0, 0, 0, 0, 0, 0, 0, 0, 0, 0, 0, 0], [0, 1, 0, 0, 0, 0, 0, 0, 0, 0, 0, 0, 0, 0, 0, 0, 0, 0], [0, 0, 1, 0, 0, 0, 0, 0, 0, 0, 0, 0, 0, 0, 0, 0, 0, 0], [0, 0, 0, 1, 0, 0, 0, 0, 0, 0, 0, 0, 0, 0, 0, 0, 0, 0], [0, 0, 0, 0, 1, 0, 0, 0, 0, 0, 0, 0, 0, 0, 0, 0, 0, 0], [0, 0, 0, 0, 0, 1, 0, 0, 0, 0, 0, 0, 0, 0, 0, 0, 0, 0], [0, 0, 0, 0, 0, 0, 1, 0, 0, 0, 0, 0, 0, 0, 0, 0, 0, 0], [0, 0, 0, 0, 0, 0, 0, 1, 0, 0, 0, 0, 0, 0, 0, 0, 0, 0], [0, 0, 0, 0, 0, 0, 0, 0, 1, 0, 0, 0, 0, 0, 0, 0, 0, 0], [0, 0, 0, 0, 0, 0, 0, 0, 0, 1, 0, 0, 0, 0, 0, 0, 0, 0], [0, 0, 0, 0, 0, 0, 0, 0, 0, 0, 1, 0, 0, 0, 0, 0, 0, 0], [0, 0, 0, 0, 0, 0, 0, 0, 0, 0, 0, 1, 0, 0, 0, 0, 0, 0], [0, 0, 0, 0, 0, 0, 0, 0, 0, 0, 0, 0, 1, 0, 0, 0, 0, 0], [0, 0, 0, 0, 0, 0, 0, 0, 0, 0, 0, 0, 0, 1, 0, 0, 0, 0], [0, 0, 0, 0, 0, 0, 0, 0, 0, 0, 0, 0, 0, 0, 1, 0, 0, 0], [0, 0, 0, 0, 0, 0, 0, 0, 0, 0, 0, 0, 0, 0, 0, 1, 0, 0], [0, 0, 0, 0, 0, 0, 0, 0, 0, 0, 0, 0, 0, 0, 0, 0, 1, 0], [0, 0, 0, 0, 0, 0, 0, 0, 0, 0, 0, 0, 0, 0, 0, 0, 0, 1]]
[[-1, 0, 0, 0, 0, 0, 0, 0, 0, 0, 0, 0, 0, 0, 0, 0, 0, 0], [0, -1, 0, 0, 0, 0, 0, 0, 0, 0, 0, 0, 0, 0, 0, 0, 0, 0], [0, 0, -1, 0, 0, 0, 0, 0, 0, 0, 0, 0, 0, 0, 0, 0, 0, 0], [0, 0, 0, -1, 0, 0, 0, 0, 0, 0, 0, 0, 0, 0, 0, 0, 0, 0], [0, 0, 0, 0, -1, 0, 0, 0, 0, 0, 0, 0, 0, 0, 0, 0, 0, 0], [0, 0, 0, 0, 0, -1, 0, 0, 0, 0, 0, 0, 0, 0, 0, 0, 0, 0], [0, 0, 0, 0, 0, 0, -1, 0, 0, 0, 0, 0, 0, 0, 0, 0, 0, 0], [0, 0, 0, 0, 0, 0, 0, -1, 0, 0, 0, 0, 0, 0, 0, 0, 0, 0], [0, 0, 0, 0, 0, 0, 0, 0, -1, 0, 0, 0, 0, 0, 0, 0, 0, 0], [0, 0, 0, 0, 0, 0, 0, 0, 0, -1, 0, 0, 0, 0, 0, 0, 0, 0], [0, 0, 0, 0, 0, 0, 0, 0, 0, 0, -1, 0, 0, 0, 0, 0, 0, 0], [0, 0, 0, 0, 0, 0, 0, 0, 0, 0, 0, -1, 0, 0, 0, 0, 0, 0], [0, 0, 0, 0, 0, 0, 0, 0, 0, 0, 0, 0, -1, 0, 0, 0, 0, 0], [0, 0, 0, 0, 0, 0, 0, 0, 0, 0, 0, 0, 0, -1, 0, 0, 0, 0], [0, 0, 0, 0, 0, 0, 0, 0, 0, 0, 0, 0, 0, 0, -1, 0, 0, 0], [0, 0, 0, 0, 0, 0, 0, 0, 0, 0, 0, 0, 0, 0, 0, -1, 0, 0], [0, 0, 0, 0, 0, 0, 0, 0, 0, 0, 0, 0, 0, 0, 0, 0, -1, 0], [0, 0, 0, 0, 0, 0, 0, 0, 0, 0, 0, 0, 0, 0, 0, 0, 0, -1]]
[[0, 0, 0, -1, -1, -1, -1, 1, 1, 1, 1, -1, 0, 1, 0, 0, 0, 0], [-1, 0, 0, -1, -1, 0, 0, -1, 0, 0, 0, -1, 0, 0, -1, -1, 0, 0], [1, 1, 1, 1, 1, 1, 1, 0, 0, 0, 0, 1, 0, 0, 1, 1, 0, 0], [-1, -1, 0, 0, -1, 0, 0, -1, 0, 0, 0, -1, 0, 0, -1, -1, 0, 0], [0, 0, 0, 0, 1, 0, 0, 0, 0, 0, 0, 0, 0, 0, 0, 0, 0, 0], [0, 0, 0, 0, 0, 0, -1, 1, 0, 0, 0, 0, 0, 0, 0, 0, 0, 0], [0, 0, 0, 0, 0, -1, 0, 1, 0, 0, 0, 0, 0, 0, 0, 0, 0, 0], [0, 0, 0, 0, 0, 0, 0, 1, 0, 0, 0, 0, 0, 0, 0, 0, 0, 0], [0, 0, 0, 0, 0, 0, 0, 0, 1, 0, 0, 0, 0, 0, 0, 0, 0, 0], [-1, -1, 0, -1, -1, -2, -2, 1, 0, 1, 0, -1, 0, 0, -1, -1, 0, 0], [1, 1, 0, 1, 1, 1, 1, 0, 0, 0, 1, 1, 0, 0, 1, 1, 0, 0], [1, 1, 0, 1, 1, 1, 1, 0, 0, 0, 0, 2, 0, 0, 1, 1, 0, 0], [1, 1, 0, 1, 1, 1, 1, 0, 0, 0, 0, 1, 1, 0, 1, 1, 0, 0], [1, 0, 0, 1, 1, 1, 1, -1, -1, -1, -1, 1, 0, 0, 0, 0, 0, 0], [1, 0, 0, 1, 1, 0, 0, 0, -1, -1, -1, 1, 0, -1, 1, 0, 0, 0], [-1, -1, 0, -1, -1, 0, 0, -1, 0, 0, 0, -1, 0, 0, -1, 0, 0, 0], [1, 1, 0, 1, 1, 1, 1, 0, 0, 0, 0, 1, 0, 0, 1, 1, 1, 0], [1, 1, 0, 1, 1, 1, 1, 0, 0, 0, 0, 1, 0, 0, 1, 1, 0, 1]]
[[-5, 1, 0, -1, -3, -3, -3, -4, -1, 2, -6, 0, -1, -3, -1, -5, 2, 2], [0, -1, 0, 0, -1, 0, -1, -1, 0, 0, 0, -1, -1, 0, 0, -1, 0, 1], [2, -1, -1, 0, 1, 1, 1, 2, 0, -1, 3, -1, 0, 2, 0, 2, -1, -1], [0, 1, 0, -1, 1, 1, 0, 2, 0, 1, 1, 0, 1, 0, 0, 1, 1, 0], [1, -1, 0, 0, 1, 1, 0, 2, 0, -1, 2, -1, 0, 1, 0, 1, -1, -1], [0, 0, 0, 0, 0, -1, 0, 0, 0, 0, 0, 0, 0, 0, 0, 0, 0, 0], [-1, 1, 0, 0, 0, -1, -1, 0, 0, 1, -2, 1, 0, -1, 0, -1, 1, 1], [-1, 1, 0, 0, 0, -1, 0, -1, 0, 1, -2, 1, 0, -1, 0, -1, 1, 1], [-2, 1, 0, 0, 0, -1, -1, -1, -1, 1, -3, 1, 0, -2, 0, -2, 1, 1], [-5, 1, 0, -2, -2, -3, -3, -2, -1, 2, -5, 0, 0, -3, -2, -4, 2, 1], [2, 0, 0, 1, 1, 2, 1, 1, 1, -1, 2, 0, 0, 1, 1, 2, -1, 0], [3, -1, 0, 1, 1, 1, 3, 1, 1, -2, 3, 0, 0, 2, 1, 3, -2, -1], [0, 1, 0, 1, 0, 1, 0, -1, 0, 0, -1, 1, 0, -1, 1, 0, 1, 0], [5, -2, 0, 1, 2, 2, 3, 3, 0, -3, 5, -1, 0, 3, 1, 4, -2, -2], [0, 0, 0, 1, 0, 0, 0, -2, 0, -1, -2, 1, 0, -1, 0, -1, 0, 0], [1, -1, 0, -1, 0, 1, 1, 2, 0, 0, 4, -1, 1, 2, -1, 2, -1, -2], [3, 0, 0, 1, 2, 2, 2, 3, 0, -1, 3, 0, 1, 2, 1, 3, -1, -1], [3, 0, 0, 1, 1, 2, 2, 2, 1, -1, 4, 0, 0, 2, 1, 3, -1, -1]]
[[4, 0, 0, 0, 2, 2, 3, 5, 2, 0, 7, 0, 2, 5, 0, 5, -2, -2], [-1, 0, 0, -1, 0, 0, 0, 0, 0, 0, -1, 0, 0, -1, 0, 0, 1, 0], [-4, 0, -1, 0, -2, -2, -2, -4, -2, 0, -6, 0, -2, -4, 0, -4, 2, 2], [-1, -1, 0, 0, -1, -1, -1, -2, -1, 0, -2, 0, -1, -1, 0, -2, 0, 1], [-3, 0, 0, 0, -2, -1, -2, -3, -1, 0, -4, 0, -1, -3, 0, -3, 1, 1], [2, 0, 0, 0, 1, 0, 1, 2, 1, 0, 3, 0, 1, 2, 0, 2, -1, -1], [1, 0, 0, 0, 0, 0, 0, 1, 0, 0, 1, 0, 0, 1, 0, 1, 0, 0], [3, 0, 0, 0, 1, 1, 2, 2, 1, 0, 4, 0, 1, 3, 0, 3, -1, -1], [2, 0, 0, 0, 1, 1, 1, 2, 0, 0, 3, 0, 1, 2, 0, 2, -1, -1], [4, -1, 0, 1, 1, 1, 2, 3, 1, -1, 5, 0, 1, 4, 0, 3, -2, -1], [-3, 0, 0, 0, -1, -1, -2, -3, -1, 0, -5, 0, -1, -3, 0, -3, 1, 1], [0, 0, 0, 0, 0, 0, 0, 0, 0, 0, 0, -1, 0, 0, 0, 0, 0, 0], [-1, 0, 0, 0, 0, 0, -1, -1, 0, 0, -1, 0, -1, -1, 0, -1, 0, 0], [-2, 0, 0, 0, -1, -1, -1, -2, -1, 0, -3, 0, -1, -3, 0, -2, 1, 1], [-1, 0, 0, 0, 0, 0, -1, -1, 0, 0, -1, 0, 0, -1, -1, -1, 0, 0], [-2, 0, 0, 0, -1, -1, -1, -2, -1, 0, -3, 0, -1, -2, 0, -3, 1, 1], [-2, 0, 0, 0, -1, -1, -1, -2, -1, 0, -3, 0, -1, -2, 0, -2, 0, 1], [-2, 0, 0, 0, -1, -1, -1, -2, -1, 0, -3, 0, -1, -2, 0, -2, 1, 0]]
[[-1, 1, 0, 0, 0, 0, -1, -2, 0, 1, -2, 1, 1, -1, -1, -2, 0, 0], [0, 1, 0, 0, 0, 0, -1, 0, 0, 0, -1, 0, -1, -1, 1, 0, 1, 1], [-3, -2, -1, -1, -2, -2, -2, -2, -2, -1, -3, -2, -2, -2, -1, -3, 1, 1], [0, 1, 0, 1, 1, 0, -1, 1, -1, 1, -1, 1, 0, -1, 1, 0, 1, 1], [0, -1, 0, 0, 0, 0, 0, 1, -1, -1, 0, -1, -1, 0, 0, 0, 0, 0], [2, 0, 0, 0, 1, 1, 2, 1, 1, 0, 3, 0, 1, 2, 0, 2, -1, -1], [-2, 1, 0, 0, 0, 0, -1, -2, 0, 1, -3, 1, 0, -2, 0, -2, 1, 1], [0, 1, 0, 0, 1, 0, 0, 0, 1, 1, 0, 1, 1, 0, 0, 0, 0, 0], [0, 1, 0, 0, 1, 0, 0, 1, 0, 1, 0, 1, 1, 0, 0, 0, 0, 0], [-2, 1, 0, 0, 0, 0, -1, -2, 0, 2, -2, 1, 1, -1, -1, -2, 0, 0], [0, -1, 0, 0, -1, 0, 0, 0, 0, -1, 0, -1, -1, 0, 0, 0, 0, 1], [2, -2, 0, 0, 0, 0, 2, 1, 1, -2, 3, -1, 0, 2, 0, 2, -2, -1], [0, 0, 0, 0, -1, 0, 0, 0, 0, 0, 0, 0, 0, 0, 0, 0, 1, 0], [2, -2, 0, 0, 0, 0, 1, 2, 0, -2, 3, -2, -1, 2, 1, 2, -1, -1], [0, 0, 0, 0, -1, 0, 1, -1, 1, 0, 0, 0, 0, 1, 0, 0, 0, 0], [0, 0, 0, 0, 0, 0, 0, 1, -1, 0, 1, 0, 0, 0, 0, 1, 0, -1], [0, -1, 0, 0, 0, 0, 0, 1, -1, -1, 0, -1, 0, 0, 0, 0, 0, 0], [0, -1, 0, 0, -1, 0, 0, 0, 0, -1, 1, -1, -1, 0, 0, 0, 0, 0]]

Generators of monodromy action on conics:
(49,140)(50,139)(51,142)(52,141)(53,137)(54,138)(55,144)(56,143)(59,125)(60,126)(69,114)(70,113)(71,118)(72,117)(79,133)(80,134)(145,216)(146,215)(147,214)(148,213)(149,206)(150,205)(151,236)(152,235)(153,198)(154,197)(155,230)(156,229)(157,228)(158,227)(159,226)(160,225)(161,196)(162,195)(163,194)(164,193)(165,248)(166,247)(167,187)(168,188)(169,182)(170,181)(171,221)(172,222)(173,218)(174,217)(175,245)(176,246)(177,185)(178,186)(179,184)(180,183)(189,244)(190,243)(191,241)(192,242)(199,240)(200,239)(201,238)(202,237)(203,234)(204,233)(207,232)(208,231)(209,224)(210,223)(211,220)(212,219)(249,483)(250,484)(251,465)(252,466)(253,447)(254,448)(257,439)(258,440)(261,401)(262,402)(263,371)(264,372)(265,395)(266,396)(267,380)(268,379)(281,506)(282,505)(283,498)(284,497)(285,450)(286,449)(291,437)(292,438)(293,417)(294,418)(295,415)(296,416)(297,315)(298,316)(303,313)(304,314)(317,419)(318,420)(325,429)(326,430)(331,435)(332,436)(335,489)(336,490)(337,500)(338,499)(341,488)(342,487)(345,472)(346,471)(363,409)(364,410)(367,407)(368,408)(375,400)(376,399)
(1,2)(3,4)(5,6)(7,8)(9,10)(11,12)(13,14)(15,16)(17,18)(19,20)(21,22)(23,24)(25,26)(27,28)(29,30)(31,32)(33,34)(35,36)(37,38)(39,40)(41,42)(43,44)(45,46)(47,48)(49,50)(51,52)(53,54)(55,56)(57,58)(59,60)(61,62)(63,64)(65,66)(67,68)(69,70)(71,72)(73,74)(75,76)(77,78)(79,80)(81,82)(83,84)(85,86)(87,88)(89,90)(91,92)(93,94)(95,96)(97,98)(99,100)(101,102)(103,104)(105,106)(107,108)(109,110)(111,112)(113,114)(115,116)(117,118)(119,120)(121,122)(123,124)(125,126)(127,128)(129,130)(131,132)(133,134)(135,136)(137,138)(139,140)(141,142)(143,144)(145,146)(147,148)(149,150)(151,152)(153,154)(155,156)(157,158)(159,160)(161,162)(163,164)(165,166)(167,168)(169,170)(171,172)(173,174)(175,176)(177,178)(179,180)(181,182)(183,184)(185,186)(187,188)(189,190)(191,192)(193,194)(195,196)(197,198)(199,200)(201,202)(203,204)(205,206)(207,208)(209,210)(211,212)(213,214)(215,216)(217,218)(219,220)(221,222)(223,224)(225,226)(227,228)(229,230)(231,232)(233,234)(235,236)(237,238)(239,240)(241,242)(243,244)(245,246)(247,248)(249,250)(251,252)(253,254)(255,256)(257,258)(259,260)(261,262)(263,264)(265,266)(267,268)(269,270)(271,272)(273,274)(275,276)(277,278)(279,280)(281,282)(283,284)(285,286)(287,288)(289,290)(291,292)(293,294)(295,296)(297,298)(299,300)(301,302)(303,304)(305,306)(307,308)(309,310)(311,312)(313,314)(315,316)(317,318)(319,320)(321,322)(323,324)(325,326)(327,328)(329,330)(331,332)(333,334)(335,336)(337,338)(339,340)(341,342)(343,344)(345,346)(347,348)(349,350)(351,352)(353,354)(355,356)(357,358)(359,360)(361,362)(363,364)(365,366)(367,368)(369,370)(371,372)(373,374)(375,376)(377,378)(379,380)(381,382)(383,384)(385,386)(387,388)(389,390)(391,392)(393,394)(395,396)(397,398)(399,400)(401,402)(403,404)(405,406)(407,408)(409,410)(411,412)(413,414)(415,416)(417,418)(419,420)(421,422)(423,424)(425,426)(427,428)(429,430)(431,432)(433,434)(435,436)(437,438)(439,440)(441,442)(443,444)(445,446)(447,448)(449,450)(451,452)(453,454)(455,456)(457,458)(459,460)(461,462)(463,464)(465,466)(467,468)(469,470)(471,472)(473,474)(475,476)(477,478)(479,480)(481,482)(483,484)(485,486)(487,488)(489,490)(491,492)(493,494)(495,496)(497,498)(499,500)(501,502)(503,504)(505,506)(507,508)(509,510)(511,512)
(1,4)(2,3)(5,41)(6,42)(7,44)(8,43)(9,11)(10,12)(13,31)(14,32)(15,19)(16,20)(17,35)(18,36)(21,23)(22,24)(25,27)(26,28)(29,34)(30,33)(37,39)(38,40)(45,47)(46,48)(49,52)(50,51)(53,56)(54,55)(57,112)(58,111)(59,80)(60,79)(61,127)(62,128)(63,129)(64,130)(65,116)(66,115)(67,110)(68,109)(69,72)(70,71)(73,120)(74,119)(75,101)(76,102)(77,103)(78,104)(81,97)(82,98)(83,106)(84,105)(85,99)(86,100)(87,108)(88,107)(89,132)(90,131)(91,136)(92,135)(93,122)(94,121)(95,124)(96,123)(113,118)(114,117)(125,134)(126,133)(137,143)(138,144)(139,142)(140,141)(145,214)(146,213)(147,216)(148,215)(149,198)(150,197)(151,218)(152,217)(153,206)(154,205)(155,221)(156,222)(157,184)(158,183)(159,185)(160,186)(161,194)(162,193)(163,196)(164,195)(165,245)(166,246)(167,182)(168,181)(169,187)(170,188)(171,230)(172,229)(173,236)(174,235)(175,248)(176,247)(177,226)(178,225)(179,228)(180,227)(189,200)(190,199)(191,203)(192,204)(201,220)(202,219)(207,224)(208,223)(209,232)(210,231)(211,238)(212,237)(233,242)(234,241)(239,244)(240,243)(249,395)(250,396)(251,402)(252,401)(253,313)(254,314)(255,311)(256,312)(257,316)(258,315)(259,310)(260,309)(261,466)(262,465)(263,379)(264,380)(265,483)(266,484)(267,372)(268,371)(269,307)(270,308)(271,305)(272,306)(281,498)(282,497)(283,506)(284,505)(285,437)(286,438)(291,450)(292,449)(293,415)(294,416)(295,417)(296,418)(297,440)(298,439)(303,447)(304,448)(317,410)(318,409)(319,412)(320,411)(321,414)(322,413)(323,382)(324,381)(325,335)(326,336)(327,393)(328,394)(329,384)(330,383)(331,337)(332,338)(333,406)(334,405)(339,387)(340,388)(341,400)(342,399)(343,389)(344,390)(345,407)(346,408)(347,452)(348,451)(351,444)(352,443)(355,469)(356,470)(357,481)(358,482)(363,420)(364,419)(365,425)(366,426)(367,472)(368,471)(369,496)(370,495)(373,433)(374,434)(375,488)(376,487)(377,508)(378,507)(385,398)(386,397)(391,404)(392,403)(427,467)(428,468)(429,489)(430,490)(431,486)(432,485)(435,500)(436,499)(453,456)(454,455)(457,474)(458,473)(459,476)(460,475)(461,492)(462,491)(463,494)(464,493)(477,479)(478,480)(501,511)(502,512)(503,509)(504,510)
(1,45)(2,46)(3,48)(4,47)(5,8)(6,7)(9,38)(10,37)(11,40)(12,39)(13,18)(14,17)(15,29)(16,30)(19,34)(20,33)(21,25)(22,26)(23,27)(24,28)(31,36)(32,35)(41,43)(42,44)(57,91)(58,92)(61,63)(62,64)(65,89)(66,90)(67,74)(68,73)(75,77)(76,78)(81,85)(82,86)(83,95)(84,96)(87,93)(88,94)(97,99)(98,100)(101,103)(102,104)(105,123)(106,124)(107,121)(108,122)(109,120)(110,119)(111,135)(112,136)(115,131)(116,132)(127,129)(128,130)(145,147)(146,148)(149,153)(150,154)(151,173)(152,174)(155,171)(156,172)(157,179)(158,180)(159,177)(160,178)(161,163)(162,164)(167,169)(168,170)(181,188)(182,187)(183,227)(184,228)(185,226)(186,225)(189,239)(190,240)(191,234)(192,233)(193,195)(194,196)(197,205)(198,206)(199,243)(200,244)(201,211)(202,212)(203,241)(204,242)(207,209)(208,210)(213,215)(214,216)(217,235)(218,236)(219,237)(220,238)(221,230)(222,229)(223,231)(224,232)(249,265)(250,266)(251,262)(252,261)(253,303)(254,304)(255,311)(256,312)(257,298)(258,297)(259,310)(260,309)(263,268)(264,267)(269,307)(270,308)(271,305)(272,306)(281,283)(282,284)(285,291)(286,292)(293,295)(294,296)(313,447)(314,448)(315,440)(316,439)(319,412)(320,411)(321,414)(322,413)(323,495)(324,496)(325,489)(326,490)(327,393)(328,394)(329,507)(330,508)(331,500)(332,499)(333,406)(334,405)(335,429)(336,430)(337,435)(338,436)(339,387)(340,388)(341,375)(342,376)(343,389)(344,390)(345,367)(346,368)(347,452)(348,451)(351,444)(352,443)(355,469)(356,470)(357,481)(358,482)(365,425)(366,426)(369,381)(370,382)(371,379)(372,380)(373,433)(374,434)(377,383)(378,384)(385,431)(386,432)(391,427)(392,428)(395,483)(396,484)(397,485)(398,486)(399,487)(400,488)(401,466)(402,465)(403,468)(404,467)(407,472)(408,471)(415,417)(416,418)(437,450)(438,449)(453,456)(454,455)(457,474)(458,473)(459,476)(460,475)(461,492)(462,491)(463,494)(464,493)(477,479)(478,480)(497,505)(498,506)(501,511)(502,512)(503,509)(504,510)
