
#########################################################
# DATA FOR CRYSTALLOGRAPHIC QUARTIC SURFACE FAMILY 19.1 #
#########################################################

##################
# GROUP & FAMILY #
##################

Generators of crystallographic group:
[[0, 1, 0, 0], [1, 0, 0, 0], [0, 0, 0, -1], [0, 0, 1, 0]]
[[0, -1, 0, 0], [1, 0, 0, 0], [0, 0, -1, 0], [0, 0, 0, -1]]

Invariant polynomials:
z^4 + w^4
-z^3*w + z*w^3
z^2*w^2
x^2*z^2 + y^2*z^2 + x^2*w^2 + y^2*w^2
x^4 + y^4
x^2*y^2

Equivalent crystallographic groups:
19.3

############
# HOMOLOGY #
############

Intersection product:
[[-2, 0, -1, 0, 0, -1, 0, -1, 0, 0, -1, 0, 0, 0, -1, 0, 0, -1, 1, -2, 0, 1], [0, -2, 0, -1, -1, 1, 1, 1, 0, -1, 0, 0, 0, -1, 0, 0, -1, 2, -2, 2, -1, -1], [-1, 0, -2, 1, 1, -1, 0, 0, 1, 0, -1, 1, 0, 2, 0, 0, 1, -1, 1, -1, 1, 1], [0, -1, 1, -2, -1, 1, 1, 0, -1, 0, 0, 0, 0, -1, 0, 0, -1, 1, -1, 1, -1, -1], [0, -1, 1, -1, -2, 1, 0, 0, 0, 0, 0, 0, -1, 0, 1, 0, 0, 1, -1, 2, 0, -1], [-1, 1, -1, 1, 1, -2, 0, -1, 0, 0, -1, 0, 0, 0, -1, 0, 0, -1, 1, -2, 0, 1], [0, 1, 0, 1, 0, 0, -2, -1, 0, 0, 0, -1, 0, -1, 0, 0, 0, -1, 0, -1, 0, 0], [-1, 1, 0, 0, 0, -1, -1, -2, 0, 1, -1, 0, 0, 1, 0, 0, 1, -2, 2, -2, 1, 1], [0, 0, 1, -1, 0, 0, 0, 0, -2, 1, 0, 0, 0, 0, 0, 0, 0, -1, 1, -1, 0, 0], [0, -1, 0, 0, 0, 0, 0, 1, 1, -2, 0, 0, 0, -1, 0, 0, -1, 2, -2, 2, -1, -1], [-1, 0, -1, 0, 0, -1, 0, -1, 0, 0, -2, 1, 0, 2, 0, 0, 1, -1, 1, -1, 1, 1], [0, 0, 1, 0, 0, 0, -1, 0, 0, 0, 1, -2, 0, -2, 0, 0, -1, 0, -1, 0, -1, -1], [0, 0, 0, 0, -1, 0, 0, 0, 0, 0, 0, 0, -2, 0, 1, -1, -1, 0, 0, 0, 0, 0], [0, -1, 2, -1, 0, 0, -1, 1, 0, -1, 2, -2, 0, -4, 0, 0, -2, 1, -2, 1, -2, -2], [-1, 0, 0, 0, 1, -1, 0, 0, 0, 0, 0, 0, 1, 0, -2, 1, 1, 0, 0, 0, 0, 0], [0, 0, 0, 0, 0, 0, 0, 0, 0, 0, 0, 0, -1, 0, 1, -2, -2, 0, 0, -1, -1, 0], [0, -1, 1, -1, 0, 0, 0, 1, 0, -1, 1, -1, -1, -2, 1, -2, -4, 1, -1, 0, -2, -1], [-1, 2, -1, 1, 1, -1, -1, -2, -1, 2, -1, 0, 0, 1, 0, 0, 1, -4, 3, -4, 1, 2], [1, -2, 1, -1, -1, 1, 0, 2, 1, -2, 1, -1, 0, -2, 0, 0, -1, 3, -4, 4, -1, -2], [-2, 2, -1, 1, 2, -2, -1, -2, -1, 2, -1, 0, 0, 1, 0, -1, 0, -4, 4, -6, 0, 2], [0, -1, 1, -1, 0, 0, 0, 1, 0, -1, 1, -1, 0, -2, 0, -1, -2, 1, -1, 0, -2, -1], [1, -1, 1, -1, -1, 1, 0, 1, 0, -1, 1, -1, 0, -2, 0, 0, -1, 2, -2, 2, -1, -2]]

Basis of the generic Picard lattice:
[1, 0, 0, 0, 0, 0, 0, 0, 0, 0, 0, 0, 0, -1, 0, 0, 1, 0, 3, 0, 1, -2]
[0, 1, 0, 0, 0, 0, 0, 0, 0, 0, 0, 0, 0, -1, 0, 0, 1, 0, 2, 0, 1, -1]
[0, 0, 1, 0, 0, 0, 0, 0, 0, 0, 0, 0, 0, 1, 0, 0, -1, 0, -2, 0, -1, 1]
[0, 0, 0, 1, 0, 0, 0, 0, 0, 0, 0, 0, 0, 0, 0, 0, 1, 0, 0, 0, -2, 1]
[0, 0, 0, 0, 1, 0, 0, 0, 0, 0, 0, 0, 0, 0, 0, 0, -1, 0, 0, 0, 1, -1]
[0, 0, 0, 0, 0, 1, 0, 0, 0, 0, 0, 0, 0, -1, 0, 0, 2, 0, 2, 0, 0, 0]
[0, 0, 0, 0, 0, 0, 1, 0, 0, 0, 0, 0, 0, -1, 0, 0, 1, 0, 2, 0, 1, -1]
[0, 0, 0, 0, 0, 0, 0, 1, 0, 0, 0, 0, 0, 1, 0, 0, -2, 0, -1, 1, -2, 1]
[0, 0, 0, 0, 0, 0, 0, 0, 1, 0, 0, 0, 0, 1, 0, 0, -1, 0, -2, 0, -2, 1]
[0, 0, 0, 0, 0, 0, 0, 0, 0, 1, 0, 0, 0, -1, 0, 0, 1, 0, 1, 0, 1, 0]
[0, 0, 0, 0, 0, 0, 0, 0, 0, 0, 1, 0, 0, 1, 0, 0, -1, 0, -1, 0, -1, 0]
[0, 0, 0, 0, 0, 0, 0, 0, 0, 0, 0, 1, 0, -1, 0, 0, 1, 0, 1, 0, 0, 0]
[0, 0, 0, 0, 0, 0, 0, 0, 0, 0, 0, 0, 1, 0, 0, 0, -1, 0, 0, 0, 2, -1]
[0, 0, 0, 0, 0, 0, 0, 0, 0, 0, 0, 0, 0, 0, 1, 0, 1, 0, -1, 0, -2, 2]
[0, 0, 0, 0, 0, 0, 0, 0, 0, 0, 0, 0, 0, 0, 0, 1, 0, 0, 0, 0, 0, 1]
[0, 0, 0, 0, 0, 0, 0, 0, 0, 0, 0, 0, 0, 0, 0, 0, 0, 1, 1, 1, -2, 1]
[0, 0, 0, 0, 0, 0, 0, 0, 0, 0, 0, 0, 0, 0, 0, 0, 0, 0, 0, 2, -3, 3]

Class of hyperplane section:
[0, 0, -1, 0, -2, -2, 0, -2, -2, -2, 5, 1, 1, 3, 1, 2, -1, 0, -3, -2, 0, 0]

Action of the group on homology:
[[-1, 0, 0, 0, 0, 0, 0, 0, 0, 0, 0, 0, 0, 0, -1, 1, 1, 0, 0, 0, 0, 0], [0, 0, 0, 1, 0, 0, -1, 0, 1, 0, 0, 0, 0, 1, 1, 0, 0, 0, 0, 1, 1, 0], [1, 1, 1, -1, 0, 1, 0, 0, -1, 1, 1, -1, 1, -1, -1, 1, 1, 0, 0, 0, 0, 0], [0, 0, 0, -1, 0, 0, 0, 0, 0, 0, 0, 0, 0, 0, 0, 0, 0, 0, 0, 0, 0, 0], [1, 0, 1, -1, 0, 0, 0, 0, -1, 0, 1, -2, 1, -3, -1, -1, -1, 0, 0, -2, -2, 0], [1, 0, 1, -1, 0, 1, 0, 1, 0, 0, 1, -1, 1, -1, 0, 0, 0, 1, -1, 1, -1, -1], [0, 0, 0, 0, 0, 0, 0, 0, 1, 0, 0, 0, 0, 1, 1, 0, 0, 0, 0, 1, 0, 0], [0, 1, 0, 0, 0, 1, 0, 0, 0, 1, 0, 0, 0, 1, 0, 1, 1, 0, 0, 1, 1, 0], [0, 1, 0, 0, 0, 1, 0, 0, 0, 1, 0, 0, 1, 1, -1, 2, 3, 0, 0, 1, 1, 0], [0, 1, 0, 0, 0, 0, 0, 0, -1, 1, 0, 0, 0, 0, -1, 1, 2, -1, 1, -1, 1, 1], [0, -1, -1, 1, 0, -1, 0, -1, 0, -1, -1, 1, -1, 0, 1, -1, -2, -1, 0, -1, 0, 0], [0, 1, 0, 0, 0, 0, 0, -1, -1, 1, 0, 0, 0, 0, -1, 1, 1, -1, 1, -1, 1, 0], [0, 0, -1, 1, 0, 0, 0, 0, 1, 0, 0, 1, -1, 1, 1, 0, 0, 0, 0, 1, 1, 0], [0, -1, 0, 0, 0, 0, 0, 0, 0, -1, 0, 0, 0, -1, 0, 0, -1, 0, -1, 0, 0, 0], [0, 0, -1, 1, 1, -1, 0, 0, 0, 0, 0, 0, 0, 0, 0, -1, -1, -1, 1, -2, 0, 1], [0, 0, 0, 0, 1, 0, 0, 0, -1, 0, 0, 0, 1, 0, -2, 1, 1, -1, 0, -1, 1, 1], [0, 0, 0, 0, 0, 0, 0, 0, 0, 0, 0, 0, 0, 0, 1, -1, -1, 0, 1, -1, -1, 0], [0, 0, 0, 0, 1, -1, 0, 0, -1, 0, 0, 0, 1, -1, -1, 0, 0, -1, 1, -2, 0, 1], [0, 0, 0, 0, 0, 0, 0, 1, 1, -1, 0, 0, 0, 0, 0, 0, 0, 2, -1, 2, -1, -1], [0, -1, 0, 0, -1, 0, 0, 1, 1, -1, 0, 0, -1, 0, 1, -1, -1, 2, -1, 2, -1, -1], [0, 1, 0, 0, 0, 0, 0, -1, 0, 1, 0, 0, 0, 0, 0, 0, 0, -1, 0, 0, 0, 0], [0, -1, 0, 0, 0, 0, 0, 1, -1, 0, 0, 0, 0, 0, 0, 0, 0, 0, 0, 0, 0, 0]]
[[0, 0, 1, -1, 0, 0, 0, 0, 0, 0, 1, -1, 0, -1, -1, -1, -1, 0, 0, -1, -1, 0], [0, 0, -1, 0, 0, 0, 0, 0, -1, 0, -1, 0, 0, 0, 0, 0, 0, 0, 0, -1, 0, 0], [0, 0, 1, 0, 0, 1, -1, 0, 0, 0, 1, -1, 0, -1, 0, 0, -1, 0, 0, 0, 0, 0], [0, 0, 0, 0, -1, 1, 0, -1, 0, 0, 0, 0, -1, -1, 1, 0, -1, 0, 0, 0, 0, 0], [1, 0, 1, 1, 0, 1, 0, 2, 1, 0, 1, 1, 0, 2, 1, 1, 1, 2, -1, 5, 1, -1], [1, 0, 1, 0, 0, 1, 0, 1, -1, 0, 1, 0, 0, -1, 0, 0, -1, 1, 0, 1, 0, 0], [0, 0, 0, 0, 0, 0, 0, 0, 0, -1, 0, 0, 0, -1, 0, 0, -1, 1, 0, 0, 0, 0], [0, 0, 1, -1, 0, 0, -1, 0, -1, 0, 1, -2, 0, -3, -1, -1, -2, 0, 0, -2, -1, 0], [0, 0, 2, -1, 0, 0, -1, 0, -1, 0, 1, -2, 0, -2, -1, -1, -2, 0, 0, -1, -1, 0], [0, 1, 1, 0, 0, 0, -1, -1, 0, 1, 0, -1, 0, 0, 0, 0, 0, -1, 0, 0, 0, 0], [0, 0, -2, 1, 0, -1, 1, -1, 1, 0, -2, 2, 0, 3, 1, 1, 3, -1, 0, 0, 1, 0], [0, 0, 0, 0, 0, 0, 0, -1, 0, 1, 0, -1, 0, 0, 0, 0, 0, -1, 0, -1, 0, 0], [-1, 0, -1, 0, 0, -1, 0, -1, 0, 0, -1, 0, 0, 0, 0, 0, 0, -1, 1, -2, 0, 1], [0, 0, -1, 0, 0, 0, 0, -1, 0, 0, -1, 1, 0, 1, 0, 0, 1, -1, 0, -1, 0, 0], [-1, 0, -1, 1, 0, -1, 0, 0, 1, 0, -1, 1, 0, 2, 0, 1, 2, 0, 0, 1, 1, 0], [0, 0, 0, 0, 0, 0, -1, -1, 0, 0, 0, -1, 0, -1, -1, 0, 0, -1, -1, -1, -1, -1], [0, 0, 0, 0, 0, 0, 1, 1, 0, 0, 0, 1, 0, 1, 0, 1, 1, 1, 0, 2, 1, 0], [0, 0, -1, 1, 0, 0, 0, 0, 1, 0, -1, 1, 0, 2, 0, 1, 2, 0, -1, 2, 1, 0], [0, -1, 1, -1, 0, 0, 1, 2, 0, -1, 1, 0, 0, -1, 0, -1, -2, 2, 0, 1, -1, 0], [0, 0, 0, 0, 0, 0, 1, 1, 0, 0, 0, 1, 0, 1, 1, 0, 0, 1, 1, 1, 0, 0], [0, 0, 0, 1, 1, -1, -1, 1, 1, -1, 1, -1, 0, -1, 0, -1, -1, 0, 0, -1, 0, 1], [0, 1, -1, 1, 0, 0, 0, -1, 0, 1, -1, 1, 0, 2, 0, 1, 2, -1, 1, 0, 1, 0]]

####################
# ALGEBRAIC CURVES #
####################

There are 288 conics:
[0, 0, 0, 1, -1, 0, 1, 0, 0, -1, 1, 0, 1, 1, 0, 0, 0, -1, -1, -1, 0, -1]
[0, 0, -1, -1, -1, -2, -1, -2, -2, -1, 4, 1, 0, 2, 1, 2, -1, 1, -2, -1, 0, 1]
[0, 0, 0, 1, -2, -1, 1, 0, -1, -1, 2, 0, 1, 2, 0, 1, -1, -1, -2, -1, 0, 0]
[0, 0, -1, -1, 0, -1, -1, -2, -1, -1, 3, 1, 0, 1, 1, 1, 0, 1, -1, -1, 0, 0]
[0, 0, 1, 1, -1, -1, 1, 0, 0, 0, 1, 1, 1, 1, 0, 1, -1, 0, -2, -2, 1, -1]
[0, 0, -2, -1, -1, -1, -1, -2, -2, -2, 4, 0, 0, 2, 1, 1, 0, 0, -1, 0, -1, 1]
[0, 0, 0, 1, -2, -1, 1, 0, -1, -1, 2, 1, 1, 1, 0, 0, 0, -1, -1, -1, 0, -1]
[0, 0, -1, -1, 0, -1, -1, -2, -1, -1, 3, 0, 0, 2, 1, 2, -1, 1, -2, -1, 0, 1]
[0, 1, 0, 1, -2, -1, 1, 0, -1, -2, 2, 0, 1, 2, 0, 1, -1, -1, -1, -1, 0, -1]
[0, -1, -1, -1, 0, -1, -1, -2, -1, 0, 3, 1, 0, 1, 1, 1, 0, 1, -2, -1, 0, 1]
[0, 0, 0, 1, -1, -1, 1, -1, -1, -1, 2, 0, 1, 1, 0, 0, 0, -1, -1, 0, 0, 0]
[0, 0, -1, -1, -1, -1, -1, -1, -1, -1, 3, 1, 0, 2, 1, 2, -1, 1, -2, -2, 0, 0]
[0, 0, 1, 1, -1, 0, 1, 0, 0, -1, 0, 0, 0, 1, -1, 0, 0, -1, -1, -1, 0, -1]
[0, 0, -2, -1, -1, -2, -1, -2, -2, -1, 5, 1, 1, 2, 2, 2, -1, 1, -2, -1, 0, 1]
[1, 0, -1, -1, -2, -2, -1, -1, 0, 0, 3, 1, 0, 2, 1, 3, -1, 1, -2, -2, -1, 1]
[-1, 0, 0, 1, 0, 0, 1, -1, -2, -2, 2, 0, 1, 1, 0, -1, 0, -1, -1, 0, 1, -1]
[0, 0, 0, 1, -1, -1, 1, -1, -1, -1, 2, 0, 1, 1, 0, -1, 0, -1, -1, 0, 0, -1]
[0, 0, -1, -1, -1, -1, -1, -1, -1, -1, 3, 1, 0, 2, 1, 3, -1, 1, -2, -2, 0, 1]
[1, -1, -1, -1, 0, -1, -1, -1, 0, 0, 2, 1, -1, 1, 0, 2, -1, 0, -1, -1, 0, 0]
[-1, 1, 0, 1, -2, -1, 1, -1, -2, -2, 3, 0, 2, 2, 1, 0, 0, 0, -2, -1, 0, 0]
[1, -1, 0, 1, -1, -1, 0, 0, 0, 0, 1, 1, 0, 1, -1, 1, -1, -1, -1, -1, 0, -1]
[-1, 1, -1, -1, -1, -1, 0, -2, -2, -2, 4, 0, 1, 2, 2, 1, 0, 1, -2, -1, 0, 1]
[0, 0, 0, 1, -2, -1, 0, 0, -1, -1, 2, 1, 1, 2, 0, 2, -1, 0, -2, -2, 0, 0]
[0, 0, -1, -1, 0, -1, 0, -2, -1, -1, 3, 0, 0, 1, 1, 0, 0, 0, -1, 0, 0, 0]
[1, 0, 0, 1, -3, -2, 0, 0, 0, 0, 2, 1, 1, 2, 0, 2, -1, 0, -2, -2, -1, 0]
[-1, 0, -1, -1, 1, 0, 0, -2, -2, -2, 3, 0, 0, 1, 1, 0, 0, 0, -1, 0, 1, 0]
[0, 0, 0, -1, 0, 0, 0, -1, 0, -1, 1, 0, -1, 1, 0, 1, 0, 0, -1, -1, 0, 0]
[0, 0, -1, 1, -2, -2, 0, -1, -2, -1, 4, 1, 2, 2, 1, 1, -1, 0, -2, -1, 0, 0]
[0, 0, 0, 1, -2, -1, 0, 0, -1, -1, 2, 1, 1, 2, 0, 1, -1, 0, -2, -2, 0, -1]
[0, 0, -1, -1, 0, -1, 0, -2, -1, -1, 3, 0, 0, 1, 1, 1, 0, 0, -1, 0, 0, 1]
[0, 1, -1, -1, -1, -1, 0, -1, -1, -2, 3, 0, 0, 2, 1, 2, -1, 0, -1, -1, 0, 0]
[0, -1, 0, 1, -1, -1, 0, -1, -1, 0, 2, 1, 1, 1, 0, 0, 0, 0, -2, -1, 0, 0]
[0, 0, 0, 1, -1, -1, 0, -1, -1, -1, 2, 0, 1, 2, 0, 1, -1, 0, -2, -1, 0, 0]
[0, 0, -1, -1, -1, -1, 0, -1, -1, -1, 3, 1, 0, 1, 1, 1, 0, 0, -1, -1, 0, 0]
[0, 0, 0, -1, 0, -1, 0, -1, 0, 0, 2, 1, 0, 1, 1, 2, -1, 1, -2, -2, 1, 0]
[0, 0, -1, 1, -2, -1, 0, -1, -2, -2, 3, 0, 1, 2, 0, 0, 0, -1, -1, 0, -1, 0]
[0, 0, 0, 1, -1, -1, 0, -1, -1, -1, 2, 1, 1, 1, 0, 0, 0, 0, -1, -1, 0, -1]
[0, 0, -1, -1, -1, -1, 0, -1, -1, -1, 3, 0, 0, 2, 1, 2, -1, 0, -2, -1, 0, 1]
[0, 0, 0, 1, -2, -2, 0, -1, -2, -1, 3, 1, 1, 2, 0, 1, -1, 0, -2, -1, 0, 0]
[0, 0, -1, -1, 0, 0, 0, -1, 0, -1, 2, 0, 0, 1, 1, 1, 0, 0, -1, -1, 0, 0]
[0, 0, 0, 0, -1, -1, -1, -1, -1, 0, 3, 1, 0, 2, 0, 2, -1, 1, -2, -2, 0, 0]
[0, 0, -1, 0, -1, -1, 1, -1, -1, -2, 2, 0, 1, 1, 1, 0, 0, -1, -1, 0, 0, 0]
[1, 0, 1, 0, -1, -1, -1, 0, 0, 0, 1, 2, 0, 1, 0, 2, -1, 0, -2, -2, 0, 0]
[-1, 0, -2, 0, -1, -1, 1, -2, -2, -2, 4, -1, 1, 2, 1, 0, 0, 0, -1, 0, 0, 0]
[0, 0, 0, 0, 0, 0, 1, 0, 0, -1, 1, 0, 0, 1, 0, 1, -1, -1, -1, -1, 1, -1]
[0, 0, -1, 0, -2, -2, -1, -2, -2, -1, 4, 1, 1, 2, 1, 1, 0, 1, -2, -1, -1, 1]
[0, 0, 0, 0, -1, 0, 1, 0, 0, -1, 1, 0, 0, 1, 0, 1, 0, -1, -1, -1, 0, 0]
[0, 0, -1, 0, -1, -2, -1, -2, -2, -1, 4, 1, 1, 2, 1, 1, -1, 1, -2, -1, 0, 0]
[0, 1, 0, 0, -2, -1, 1, 0, 0, -1, 2, 0, 1, 2, 1, 2, -1, 0, -2, -2, 0, 0]
[0, -1, -1, 0, 0, -1, -1, -2, -2, -1, 3, 1, 0, 1, 0, 0, 0, 0, -1, 0, 0, 0]
[0, 0, 0, 0, -1, -1, -1, -1, -1, -1, 2, 1, 0, 2, 0, 2, -1, 1, -2, -2, 0, 0]
[0, 0, -1, 0, -1, -1, 1, -1, -1, -1, 3, 0, 1, 1, 1, 0, 0, -1, -1, 0, 0, 0]
[0, 0, 0, 0, -1, 0, 1, 0, 0, -1, 1, 0, 0, 1, 0, 0, 0, -1, -1, -1, 0, -1]
[0, 0, -1, 0, -1, -2, -1, -2, -2, -1, 4, 1, 1, 2, 1, 2, -1, 1, -2, -1, 0, 1]
[1, 0, -1, 0, -2, -2, -1, -1, -1, -1, 3, 1, 0, 2, 0, 2, -1, 0, -1, -1, -1, 0]
[-1, 0, 0, 0, 0, 0, 1, -1, -1, -1, 2, 0, 1, 1, 1, 0, 0, 0, -2, -1, 1, 0]
[0, 0, 0, 0, 0, 0, 1, -1, 0, -1, 1, -1, 0, 1, 0, 0, 0, -1, -1, 0, 0, 0]
[0, 0, -1, 0, -2, -2, -1, -1, -2, -1, 4, 2, 1, 2, 1, 2, -1, 1, -2, -2, 0, 0]
[1, -1, 0, 0, -1, -2, -1, -1, 0, 1, 2, 2, 0, 1, 0, 2, -1, 1, -2, -2, 0, 0]
[-1, 1, -1, 0, -1, 0, 1, -1, -2, -3, 3, -1, 1, 2, 1, 0, 0, -1, -1, 0, 0, 0]
[1, -1, 0, 0, -1, -1, 0, 0, 1, 1, 1, 1, 0, 1, 0, 2, -1, 0, -2, -2, 0, 0]
[-1, 1, -1, 0, -1, -1, 0, -2, -3, -3, 4, 0, 1, 2, 1, 0, 0, 0, -1, 0, 0, 0]
[0, 0, 0, 0, 0, -1, 0, -2, -1, -1, 2, 0, 0, 1, 0, 0, 0, 0, -1, 0, 0, 0]
[0, 0, -1, 0, -2, -1, 0, 0, -1, -1, 3, 1, 1, 2, 1, 2, -1, 0, -2, -2, 0, 0]
[1, 0, -1, 0, -2, -1, 0, 0, 0, -1, 2, 0, 0, 2, 0, 2, -1, -1, -1, -1, -1, 0]
[-1, 0, 0, 0, 0, -1, 0, -2, -2, -1, 3, 1, 1, 1, 1, 0, 0, 1, -2, -1, 1, 0]
[0, 0, 0, 0, -1, -1, 0, -1, -1, -1, 2, 1, 0, 1, 0, 0, 0, 0, -1, -1, 0, -1]
[0, 0, -1, 0, -1, -1, 0, -1, -1, -1, 3, 0, 1, 2, 1, 2, -1, 0, -2, -1, 0, 1]
[0, 0, 0, 0, -1, 0, 0, 0, 0, -1, 1, 0, 0, 2, 0, 2, -1, 0, -2, -2, 0, 0]
[0, 0, -1, 0, -1, -2, 0, -2, -2, -1, 4, 1, 1, 1, 1, 0, 0, 0, -1, 0, 0, 0]
[0, 1, 0, 0, -2, -2, 0, -1, -1, -1, 3, 1, 1, 2, 1, 2, -1, 1, -2, -2, 0, 0]
[0, -1, -1, 0, 0, 0, 0, -1, -1, -1, 2, 0, 0, 1, 0, 0, 0, -1, -1, 0, 0, 0]
[0, 0, 0, 0, -1, -1, 0, -1, -1, -1, 2, 1, 0, 1, 0, 1, 0, 0, -1, -1, 0, 0]
[0, 0, -1, 0, -1, -1, 0, -1, -1, -1, 3, 0, 1, 2, 1, 1, -1, 0, -2, -1, 0, 0]
[0, 0, 0, 0, 0, -1, 0, -1, -1, -1, 2, 1, 0, 1, 0, 1, -1, 0, -1, -1, 1, -1]
[0, 0, -1, 0, -2, -1, 0, -1, -1, -1, 3, 0, 1, 2, 1, 1, 0, 0, -2, -1, -1, 1]
[1, 0, 1, 0, -1, 0, 0, 1, 1, 0, 0, 1, 0, 1, 0, 2, -1, -1, -2, -2, 0, 0]
[-1, 0, -2, 0, -1, -2, 0, -3, -3, -2, 5, 0, 1, 2, 1, 0, 0, 1, -1, 0, 0, 0]
[0, 0, 0, 0, -1, 0, 0, 0, 0, 0, 2, 0, 0, 2, 0, 2, -1, 0, -2, -2, 0, 0]
[0, 0, -1, 0, -1, -2, 0, -2, -2, -2, 3, 1, 1, 1, 1, 0, 0, 0, -1, 0, 0, 0]
[0, 0, 0, 0, -1, -1, -1, -1, -1, 0, 3, 1, 1, 2, 1, 2, -1, 1, -3, -2, 0, 1]
[0, 0, -1, 0, -1, -1, 1, -1, -1, -2, 2, 0, 0, 1, 0, 0, 0, -1, 0, 0, 0, -1]
[1, 0, 0, 0, -2, -1, -1, 0, 0, 0, 2, 1, 0, 2, 0, 2, -1, 0, -2, -2, -1, 0]
[-1, 0, -1, 0, 0, -1, 1, -2, -2, -2, 3, 0, 1, 1, 1, 0, 0, 0, -1, 0, 1, 0]
[0, 0, 0, 0, -1, 0, -1, 0, -1, -1, 2, 1, 0, 2, 0, 2, -1, 0, -2, -2, 0, 0]
[0, 0, -1, 0, -1, -2, 1, -2, -1, -1, 3, 0, 1, 1, 1, 0, 0, 0, -1, 0, 0, 0]
[1, -1, 1, 0, 0, 0, -1, 0, 1, 1, 0, 1, -1, 1, -1, 2, -1, 0, -2, -2, 0, 0]
[-1, 1, -2, 0, -2, -2, 1, -2, -3, -3, 5, 0, 2, 2, 2, 0, 0, 0, -1, 0, 0, 0]
[1, 0, 0, 0, -2, -1, -1, 0, 0, 0, 2, 1, 0, 2, 0, 3, -1, 0, -2, -2, -1, 1]
[-1, 0, -1, 0, 0, -1, 1, -2, -2, -2, 3, 0, 1, 1, 1, -1, 0, 0, -1, 0, 1, -1]
[1, 0, 0, 0, -1, -1, -1, 0, 0, 0, 2, 1, 0, 2, 0, 3, -2, 0, -2, -2, 0, 0]
[-1, 0, -1, 0, -1, -1, 1, -2, -2, -2, 3, 0, 1, 1, 1, -1, 1, 0, -1, 0, 0, 0]
[1, -1, 0, 0, -1, -1, -1, 0, 0, 1, 2, 2, 0, 1, 0, 2, -1, 0, -2, -2, 0, 0]
[-1, 1, -1, 0, -1, -1, 1, -2, -2, -3, 3, -1, 1, 2, 1, 0, 0, 0, -1, 0, 0, 0]
[1, 0, 1, 0, -2, -1, -1, 1, 1, 1, 1, 2, 0, 2, 0, 4, -2, 1, -3, -4, 0, 0]
[-1, 0, -2, 0, 0, -1, 1, -3, -3, -3, 4, -1, 1, 1, 1, -2, 1, -1, 0, 2, 0, 0]
[0, 0, 0, 0, 0, 0, 0, -1, -1, -1, 2, 0, 0, 1, 0, 0, 0, -1, -1, 0, 0, 0]
[0, 0, -1, 0, -2, -2, 0, -1, -1, -1, 3, 1, 1, 2, 1, 2, -1, 1, -2, -2, 0, 0]
[0, 1, 1, 0, -1, 0, 0, 0, 0, -1, 1, 0, 0, 2, 0, 2, -1, 0, -2, -2, 0, 0]
[0, -1, -2, 0, -1, -2, 0, -2, -2, -1, 4, 1, 1, 1, 1, 0, 0, 0, -1, 0, 0, 0]
[0, 0, 1, 0, -1, 0, 0, 0, 0, 0, 1, 1, 0, 1, 0, 1, 0, 0, -2, -2, 0, 0]
[0, 0, -2, 0, -1, -2, 0, -2, -2, -2, 4, 0, 1, 2, 1, 1, -1, 0, -1, 0, 0, 0]
[0, 0, 1, 0, 0, 0, 0, 0, 0, 0, 1, 1, 0, 1, 0, 1, -1, 0, -2, -2, 1, -1]
[0, 0, -2, 0, -2, -2, 0, -2, -2, -2, 4, 0, 1, 2, 1, 1, 0, 0, -1, 0, -1, 1]
[0, 1, 0, 0, -2, -1, 0, 0, -1, -1, 3, 1, 1, 2, 1, 2, -1, 0, -2, -2, 0, 0]
[0, -1, -1, 0, 0, -1, 0, -2, -1, -1, 2, 0, 0, 1, 0, 0, 0, 0, -1, 0, 0, 0]
[1, 0, 1, 0, -1, -1, 0, 0, 1, 1, 1, 1, 0, 1, 0, 2, -1, 0, -2, -2, 0, 0]
[-1, 0, -2, 0, -1, -1, 0, -2, -3, -3, 4, 0, 1, 2, 1, 0, 0, 0, -1, 0, 0, 0]
[0, 0, 1, 0, 0, 0, 0, 0, 0, 0, 1, 1, 0, 1, 0, 2, -1, 0, -2, -2, 1, 0]
[0, 0, -2, 0, -2, -2, 0, -2, -2, -2, 4, 0, 1, 2, 1, 0, 0, 0, -1, 0, -1, 0]
[1, 0, 1, 0, -1, 0, 0, 1, 1, 0, 0, 1, -1, 1, -1, 2, -1, -1, -1, -2, 0, -1]
[-1, 0, -2, 0, -1, -2, 0, -3, -3, -2, 5, 0, 2, 2, 2, 0, 0, 1, -2, 0, 0, 1]
[0, 1, 0, 0, -2, -1, 1, 0, 0, -1, 2, 1, 1, 1, 0, 1, -1, -1, -1, -1, 1, -1]
[0, -1, -1, 0, 0, -1, -1, -2, -2, -1, 3, 0, 0, 2, 1, 1, 0, 1, -2, -1, -1, 1]
[0, 0, 0, 0, 0, -1, 1, -1, -1, -1, 2, 0, 0, 1, 1, 1, 0, 0, -1, -1, 0, 0]
[0, 0, -1, 0, -2, -1, -1, -1, -1, -1, 3, 1, 1, 2, 0, 1, -1, 0, -2, -1, 0, 0]
[0, 0, 1, 0, 0, 0, 1, 0, 0, -1, 0, 1, 0, 0, 0, 0, 0, -1, -1, -1, 1, -1]
[0, 0, -2, 0, -2, -2, -1, -2, -2, -1, 5, 0, 1, 3, 1, 2, -1, 1, -2, -1, -1, 1]
[1, 0, -1, 0, -2, -2, -1, -1, -1, -1, 3, 1, 1, 2, 1, 2, -1, 0, -2, -1, -1, 1]
[-1, 0, 0, 0, 0, 0, 1, -1, -1, -1, 2, 0, 0, 1, 0, 0, 0, 0, -1, -1, 1, -1]
[1, -1, -1, 0, -1, -1, -1, -1, -1, -1, 3, 1, 0, 2, 0, 2, -1, 0, -1, -1, -1, 0]
[-1, 1, 0, 0, -1, -1, 1, -1, -1, -1, 2, 0, 1, 1, 1, 0, 0, 0, -2, -1, 1, 0]
[0, 0, 0, 0, -1, -1, 1, -1, -1, -1, 2, 0, 1, 1, 1, 0, 0, 0, -1, -1, 1, -1]
[0, 0, -1, 0, -1, -1, -1, -1, -1, -1, 3, 1, 0, 2, 0, 2, -1, 0, -2, -1, -1, 1]
[1, -1, -1, 0, -1, -1, -1, -1, -1, -1, 2, 0, 0, 2, 0, 2, -1, 0, -1, -1, 0, 0]
[-1, 1, 0, 0, -1, -1, 1, -1, -1, -1, 3, 1, 1, 1, 1, 0, 0, 0, -2, -1, 0, 0]
[1, -1, -1, 0, -2, -2, -1, -1, -1, 0, 3, 1, 0, 2, 0, 2, -1, 0, -2, -1, -1, 1]
[-1, 1, 0, 0, 0, 0, 1, -1, -1, -2, 2, 0, 1, 1, 1, 0, 0, 0, -1, -1, 1, -1]
[0, 0, 0, 0, 0, 0, 1, -1, 0, -1, 1, 0, 0, 0, 0, -1, 1, -1, 0, 0, 0, -1]
[0, 0, -1, 0, -2, -2, -1, -1, -2, -1, 4, 1, 1, 3, 1, 3, -2, 1, -3, -2, 0, 1]
[1, -1, 0, 0, -1, -1, -1, -1, 0, 0, 2, 1, 0, 2, 0, 3, -1, 1, -2, -2, -1, 1]
[-1, 1, -1, 0, -1, -1, 1, -1, -2, -2, 3, 0, 1, 1, 1, -1, 0, -1, -1, 0, 1, -1]
[0, 0, 1, 0, 0, 0, 1, -1, 0, -1, 1, 0, 0, 1, 0, 1, 0, 0, -1, -1, 0, 0]
[0, 0, -2, 0, -2, -2, -1, -1, -2, -1, 4, 1, 1, 2, 1, 1, -1, 0, -2, -1, 0, 0]
[1, -1, -1, 0, -1, -1, -1, -1, 0, 0, 2, 1, 0, 1, 0, 1, 0, 0, -1, -1, -1, 0]
[-1, 1, 0, 0, -1, -1, 1, -1, -2, -2, 3, 0, 1, 2, 1, 1, -1, 0, -2, -1, 1, 0]
[0, 0, 0, 0, -1, -1, 1, -1, -1, -1, 2, 0, 0, 1, 0, 0, 0, -1, -1, 0, 0, 0]
[0, 0, -1, 0, -1, -1, -1, -1, -1, -1, 3, 1, 1, 2, 1, 2, -1, 1, -2, -2, 0, 0]
[0, 0, 0, 0, 0, 0, 1, -1, -1, -2, 1, -1, 0, 1, 0, 0, 0, -1, 0, 0, 1, -1]
[0, 0, -1, 0, -2, -2, -1, -1, -1, 0, 4, 2, 1, 2, 1, 2, -1, 1, -3, -2, -1, 1]
[1, -1, -1, 0, -2, -2, -1, -1, -1, 0, 3, 1, 1, 2, 1, 2, -1, 1, -2, -2, 0, 0]
[-1, 1, 0, 0, 0, 0, 1, -1, -1, -2, 2, 0, 0, 1, 0, 0, 0, -1, -1, 0, 0, 0]
[0, 0, 0, 0, 0, 0, 1, -1, -1, -2, 2, 0, 0, 1, 0, 0, 0, -1, 0, 0, 0, -1]
[0, 0, -1, 0, -2, -2, -1, -1, -1, 0, 3, 1, 1, 2, 1, 2, -1, 1, -3, -2, 0, 1]
[0, 1, 0, 0, -1, -1, 1, -1, -1, -2, 2, 0, 1, 1, 1, 0, 0, -1, -1, 0, 0, 0]
[0, -1, -1, 0, -1, -1, -1, -1, -1, 0, 3, 1, 0, 2, 0, 2, -1, 1, -2, -2, 0, 0]
[1, -1, 0, 0, -1, -1, -1, 0, 0, 0, 1, 2, 0, 1, 0, 2, -1, 0, -2, -2, 0, 0]
[-1, 1, -1, 0, -1, -1, 1, -2, -2, -2, 4, -1, 1, 2, 1, 0, 0, 0, -1, 0, 0, 0]
[1, -1, -1, 0, -1, -2, -1, -1, -1, 0, 3, 1, 0, 2, 1, 3, -1, 1, -2, -2, -1, 1]
[-1, 1, 0, 0, -1, 0, 1, -1, -1, -2, 2, 0, 1, 1, 0, -1, 0, -1, -1, 0, 1, -1]
[1, 0, -1, 0, -3, -2, -1, 0, 0, 0, 3, 2, 1, 2, 0, 3, -2, 0, -2, -2, 0, 0]
[-1, 0, 0, 0, 1, 0, 1, -2, -2, -2, 2, -1, 0, 1, 1, -1, 1, 0, -1, 0, 0, 0]
[1, -1, 0, 0, -1, -1, 0, 0, 0, 0, 1, 1, 0, 1, 0, 2, -1, 0, -1, -2, 1, -1]
[-1, 1, -1, 0, -1, -1, 0, -2, -2, -2, 4, 0, 1, 2, 1, 0, 0, 0, -2, 0, -1, 1]
[0, 0, 0, 0, -1, -1, 0, 0, 0, 0, 2, 2, 0, 1, 0, 2, -1, 0, -2, -2, 0, 0]
[0, 0, -1, 0, -1, -1, 0, -2, -2, -2, 3, -1, 1, 2, 1, 0, 0, 0, -1, 0, 0, 0]
[1, 0, 0, 0, -1, -1, 0, 0, 1, 0, 1, 1, 0, 1, 0, 2, -1, 0, -1, -2, 0, -1]
[-1, 0, -1, 0, -1, -1, 0, -2, -3, -2, 4, 0, 1, 2, 1, 0, 0, 0, -2, 0, 0, 1]
[0, 1, -1, 0, -3, -2, 0, 0, -1, -1, 3, 1, 1, 2, 1, 2, -1, 0, -2, -2, 0, 0]
[0, -1, 0, 0, 1, 0, 0, -2, -1, -1, 2, 0, 0, 1, 0, 0, 0, 0, -1, 0, 0, 0]
[1, 0, 0, 0, -2, -2, 0, 0, 0, 0, 2, 2, 1, 1, 1, 2, -1, 0, -2, -2, 0, 0]
[-1, 0, -1, 0, 0, 0, 0, -2, -2, -2, 3, -1, 0, 2, 0, 0, 0, 0, -1, 0, 0, 0]
[0, 0, 0, 0, 0, 0, 0, -1, -1, -2, 1, 0, 0, 1, 0, 0, 0, -1, -1, 0, 0, 0]
[0, 0, -1, 0, -2, -2, 0, -1, -1, 0, 4, 1, 1, 2, 1, 2, -1, 1, -2, -2, 0, 0]
[0, 0, 0, 0, -1, 0, 0, -1, -1, -2, 2, 0, 0, 2, 0, 1, 0, 0, -1, -1, -1, 0]
[0, 0, -1, 0, -1, -2, 0, -1, -1, 0, 3, 1, 1, 1, 1, 1, -1, 0, -2, -1, 1, 0]
[0, 0, 0, 0, -1, -1, 0, -1, -1, -1, 2, 0, 0, 2, 0, 1, -1, 0, -2, -1, 0, 0]
[0, 0, -1, 0, -1, -1, 0, -1, -1, -1, 3, 1, 1, 1, 1, 1, 0, 0, -1, -1, 0, 0]
[1, 0, 0, 0, -2, -2, 0, 0, 0, 0, 2, 1, 0, 2, 0, 3, -2, 0, -2, -2, 0, 0]
[-1, 0, -1, 0, 0, 0, 0, -2, -2, -2, 3, 0, 1, 1, 1, -1, 1, 0, -1, 0, 0, 0]
[1, 0, 0, 0, -2, -1, 0, 0, 0, -1, 2, 1, 0, 2, 0, 3, -1, 0, -1, -2, -1, 0]
[-1, 0, -1, 0, 0, -1, 0, -2, -2, -1, 3, 0, 1, 1, 1, -1, 0, 0, -2, 0, 1, 0]
[1, 0, 0, 0, -1, -1, 0, 0, 0, -1, 1, 1, 0, 1, 0, 2, -1, -1, -1, -1, 0, 0]
[-1, 0, -1, 0, -1, -1, 0, -2, -2, -1, 4, 0, 1, 2, 1, 0, 0, 1, -2, -1, 0, 0]
[0, 0, 0, 0, -1, -1, 0, -1, -1, -1, 2, 1, 1, 1, 1, 0, 0, 0, -2, -1, 0, 0]
[0, 0, -1, 0, -1, -1, 0, -1, -1, -1, 3, 0, 0, 2, 0, 2, -1, 0, -1, -1, 0, 0]
[1, -1, 0, 0, 0, -1, 0, -1, 0, 0, 2, 1, 0, 1, 0, 2, -1, 0, -1, -1, 0, 0]
[-1, 1, -1, 0, -2, -1, 0, -1, -2, -2, 3, 0, 1, 2, 1, 0, 0, 0, -2, -1, 0, 0]
[0, 0, 0, 0, 0, 0, 0, -1, 0, -1, 1, 0, 0, 1, 0, 0, 0, 0, -1, -1, 0, -1]
[0, 0, -1, 0, -2, -2, 0, -1, -2, -1, 4, 1, 1, 2, 1, 2, -1, 0, -2, -1, 0, 1]
[1, 0, -1, 0, -2, -2, 0, -1, -1, -1, 3, 0, 1, 2, 1, 2, -1, 0, -1, -1, 0, 0]
[-1, 0, 0, 0, 0, 0, 0, -1, -1, -1, 2, 1, 0, 1, 0, 0, 0, 0, -2, -1, 0, 0]
[0, 1, -1, 0, -2, -2, 0, -1, -1, -1, 4, 1, 1, 2, 1, 2, -1, 0, -2, -1, -1, 1]
[0, -1, 0, 0, 0, 0, 0, -1, -1, -1, 1, 0, 0, 1, 0, 0, 0, 0, -1, -1, 1, -1]
[0, 0, 0, 0, -2, -1, 0, 0, 0, 0, 2, 2, 1, 1, 0, 1, -1, 0, -2, -2, 1, -1]
[0, 0, -1, 0, 0, -1, 0, -2, -2, -2, 3, -1, 0, 2, 1, 1, 0, 0, -1, 0, -1, 1]
[0, 0, 0, 0, -1, -1, 0, 0, 0, 0, 1, 1, 0, 1, 0, 1, -1, 0, -2, -2, 1, -1]
[0, 0, -1, 0, -1, -1, 0, -2, -2, -2, 4, 0, 1, 2, 1, 1, 0, 0, -1, 0, -1, 1]
[0, 0, 0, 0, -1, 0, 0, 0, 0, -1, 1, 1, 0, 1, 0, 1, 0, 0, -1, -2, 0, -1]
[0, 0, -1, 0, -1, -2, 0, -2, -2, -1, 4, 0, 1, 2, 1, 1, -1, 0, -2, 0, 0, 1]
[0, 1, -1, 0, -3, -2, 0, -1, -2, -2, 4, 0, 1, 3, 1, 2, -1, 0, -2, -1, -1, 1]
[0, -1, 0, 0, 1, 0, 0, -1, 0, 0, 1, 1, 0, 0, 0, 0, 0, 0, -1, -1, 1, -1]
[1, 0, 0, 0, -1, -1, 0, -1, 0, -1, 2, 0, 0, 2, 0, 2, -1, 0, -1, -1, -1, 0]
[-1, 0, -1, 0, -1, -1, 0, -1, -2, -1, 3, 1, 1, 1, 1, 0, 0, 0, -2, -1, 1, 0]
[0, 1, -1, 0, -2, -1, 0, -1, -1, -2, 3, 0, 1, 2, 0, 1, -1, -1, -1, 0, 0, 0]
[0, -1, 0, 0, 0, -1, 0, -1, -1, 0, 2, 1, 0, 1, 1, 1, 0, 1, -2, -2, 0, 0]
[0, 0, 0, 0, -1, -1, 0, -1, 0, 0, 2, 1, 1, 1, 1, 1, 0, 1, -2, -2, 0, 0]
[0, 0, -1, 0, -1, -1, 0, -1, -2, -2, 3, 0, 0, 2, 0, 1, -1, -1, -1, 0, 0, 0]
[1, -1, 0, 0, 0, 0, 0, -1, 0, -1, 1, 0, -1, 1, -1, 1, 0, -1, 0, 0, -1, 0]
[-1, 1, -1, 0, -2, -2, 0, -1, -2, -1, 4, 1, 2, 2, 2, 1, -1, 1, -3, -2, 1, 0]
[0, 0, 0, 0, 0, 0, 0, -1, -1, -2, 2, 0, 0, 2, 0, 2, -1, 0, -1, -1, 0, 0]
[0, 0, -1, 0, -2, -2, 0, -1, -1, 0, 3, 1, 1, 1, 1, 0, 0, 0, -2, -1, 0, 0]
[0, 0, 0, 0, -1, -1, 0, -1, -1, -1, 3, 1, 0, 2, 0, 2, -1, 0, -2, -1, -1, 1]
[0, 0, -1, 0, -1, -1, 0, -1, -1, -1, 2, 0, 1, 1, 1, 0, 0, 0, -1, -1, 1, -1]
[1, -1, 0, 0, -1, -1, 0, -1, -1, -1, 2, 0, 0, 2, 0, 2, -1, 0, -1, -1, 0, 0]
[-1, 1, -1, 0, -1, -1, 0, -1, -1, -1, 3, 1, 1, 1, 1, 0, 0, 0, -2, -1, 0, 0]
[0, 0, 0, 0, -1, -1, 0, -1, -1, -1, 2, 0, 0, 2, 0, 2, -1, 0, -2, -1, 0, 1]
[0, 0, -1, 0, -1, -1, 0, -1, -1, -1, 3, 1, 1, 1, 1, 0, 0, 0, -1, -1, 0, -1]
[0, 0, 0, 0, -1, 0, 0, 0, 0, -1, 1, 1, 0, 1, -1, 1, -1, -1, -1, -1, 1, -1]
[0, 0, -1, 0, -1, -2, 0, -2, -2, -1, 4, 0, 1, 2, 2, 1, 0, 1, -2, -1, -1, 1]
[1, -1, 1, 0, 0, 0, 0, 0, 1, 0, 0, 1, -1, 1, -1, 2, -1, 0, -1, -2, 0, -1]
[-1, 1, -2, 0, -2, -2, 0, -2, -3, -2, 5, 0, 2, 2, 2, 0, 0, 0, -2, 0, 0, 1]
[0, 0, 0, 0, -2, -1, 0, 0, -1, -1, 2, 1, 0, 2, 0, 2, -1, 0, -2, -2, 0, 0]
[0, 0, -1, 0, 0, -1, 0, -2, -1, -1, 3, 0, 1, 1, 1, 0, 0, 0, -1, 0, 0, 0]
[0, 1, -1, 0, -2, -1, 0, -1, -1, -2, 3, 0, 1, 2, 1, 1, 0, 0, -1, -1, -1, 0]
[0, -1, 0, 0, 0, -1, 0, -1, -1, 0, 2, 1, 0, 1, 0, 1, -1, 0, -2, -1, 1, 0]
[0, 1, -1, 0, -2, -2, 0, -1, -1, -1, 3, 0, 1, 2, 1, 1, -1, 0, -2, -1, 0, 0]
[0, -1, 0, 0, 0, 0, 0, -1, -1, -1, 2, 1, 0, 1, 0, 1, 0, 0, -1, -1, 0, 0]
[0, 1, -1, 0, -3, -2, 0, -1, -1, -1, 4, 1, 2, 2, 1, 1, -1, 0, -2, -1, 0, 0]
[0, -1, 0, 0, 1, 0, 0, -1, -1, -1, 1, 0, -1, 1, 0, 1, 0, 0, -1, -1, 0, 0]
[0, 1, 0, 0, -2, -1, 0, 0, 0, -1, 2, 1, 1, 2, 0, 2, -2, 0, -2, -2, 1, -1]
[0, -1, -1, 0, 0, -1, 0, -2, -2, -1, 3, 0, 0, 1, 1, 0, 1, 0, -1, 0, -1, 1]
[1, 0, 0, 0, -2, -1, 0, 0, 1, 0, 1, 1, 0, 1, -1, 1, -1, -1, -1, -1, 0, -1]
[-1, 0, -1, 0, 0, -1, 0, -2, -3, -2, 4, 0, 1, 2, 2, 1, 0, 1, -2, -1, 0, 1]
[0, 1, 0, 0, -3, -1, 0, 0, 0, -1, 2, 1, 1, 2, 0, 2, -1, 0, -2, -2, 0, 0]
[0, -1, -1, 0, 1, -1, 0, -2, -2, -1, 3, 0, 0, 1, 1, 0, 0, 0, -1, 0, 0, 0]
[0, 1, -1, 0, -3, -1, 0, 0, -1, -2, 3, 1, 1, 2, 0, 1, -1, -1, -1, -1, 0, -1]
[0, -1, 0, 0, 1, -1, 0, -2, -1, 0, 2, 0, 0, 1, 1, 1, 0, 1, -2, -1, 0, 1]
[1, 0, 0, 0, -2, -1, 0, 0, 0, -1, 1, 1, 1, 1, 0, 1, -1, -1, -1, -1, 1, -1]
[-1, 0, -1, 0, 0, -1, 0, -2, -2, -1, 4, 0, 0, 2, 1, 1, 0, 1, -2, -1, -1, 1]
[0, 1, 0, 0, -2, -1, 0, 0, 0, -1, 2, 2, 1, 1, 0, 1, -1, -1, -2, -1, 0, 0]
[0, -1, -1, 0, 0, -1, 0, -2, -2, -1, 3, -1, 0, 2, 1, 1, 0, 1, -1, -1, 0, 0]
[1, 0, 0, 0, -2, -1, 0, 0, 0, -1, 1, 0, 0, 2, 0, 2, -1, 0, -1, -2, 0, -1]
[-1, 0, -1, 0, 0, -1, 0, -2, -2, -1, 4, 1, 1, 1, 1, 0, 0, 0, -2, 0, 0, 1]
[0, 1, 0, 0, -2, -1, 0, 0, 0, -1, 2, 1, 0, 2, 0, 2, -1, 0, -2, -2, -1, 0]
[0, -1, -1, 0, 0, -1, 0, -2, -2, -1, 3, 0, 1, 1, 1, 0, 0, 0, -1, 0, 1, 0]
[1, 0, 1, 0, -1, -1, 0, 0, 1, 0, 0, 1, 0, 1, 0, 2, -1, 0, -2, -2, 0, 0]
[-1, 0, -2, 0, -1, -1, 0, -2, -3, -2, 5, 0, 1, 2, 1, 0, 0, 0, -1, 0, 0, 0]
[1, 0, 0, 0, -1, -1, 0, 0, 0, -1, 1, 1, 0, 1, 0, 1, -1, -1, -1, -1, 0, -1]
[-1, 0, -1, 0, -1, -1, 0, -2, -2, -1, 4, 0, 1, 2, 1, 1, 0, 1, -2, -1, 0, 1]
[0, 1, 0, 0, -2, -1, 0, 0, -1, -2, 2, 1, 1, 2, 1, 2, -1, 0, -2, -2, 0, 0]
[0, -1, -1, 0, 0, -1, 0, -2, -1, 0, 3, 0, 0, 1, 0, 0, 0, 0, -1, 0, 0, 0]
[1, 0, 0, 0, -2, -1, 0, 0, 0, -1, 1, 1, 0, 1, 0, 1, 0, -1, -1, -1, -1, 0]
[-1, 0, -1, 0, 0, -1, 0, -2, -2, -1, 4, 0, 1, 2, 1, 1, -1, 1, -2, -1, 1, 0]
[0, 0, 0, 0, 0, -1, 0, -1, -1, -1, 2, 1, 0, 1, 1, 1, 0, 0, -2, -1, -1, 1]
[0, 0, -1, 0, -2, -1, 0, -1, -1, -1, 3, 0, 1, 2, 0, 1, -1, 0, -1, -1, 1, -1]
[1, -1, 0, 0, 0, -1, 0, -1, -1, -1, 1, 0, 0, 1, 1, 1, 0, 0, -1, -1, 0, 0]
[-1, 1, -1, 0, -2, -1, 0, -1, -1, -1, 4, 1, 1, 2, 0, 1, -1, 0, -2, -1, 0, 0]
[0, 0, 0, 0, -1, -1, 0, -1, 0, 0, 2, 1, 1, 1, 0, 1, -1, 0, -2, -1, 1, 0]
[0, 0, -1, 0, -1, -1, 0, -1, -2, -2, 3, 0, 0, 2, 1, 1, 0, 0, -1, -1, -1, 0]
[0, 0, 0, 0, -1, -1, 0, -1, -1, -1, 2, 0, 0, 2, 1, 2, 0, 1, -2, -2, -1, 1]
[0, 0, -1, 0, -1, -1, 0, -1, -1, -1, 3, 1, 1, 1, 0, 0, -1, -1, -1, 0, 1, -1]
[1, -1, 0, 0, 0, -1, 0, -1, 0, 0, 1, 0, -1, 1, 0, 1, 0, 0, -1, -1, -1, 0]
[-1, 1, -1, 0, -2, -1, 0, -1, -2, -2, 4, 1, 2, 2, 1, 1, -1, 0, -2, -1, 1, 0]
[0, 0, 0, 0, 0, -1, 0, -1, -1, -1, 2, 0, 0, 2, 1, 2, -1, 1, -2, -2, 0, 0]
[0, 0, -1, 0, -2, -1, 0, -1, -1, -1, 3, 1, 1, 1, 0, 0, 0, -1, -1, 0, 0, 0]
[0, 0, 0, 0, -1, -1, 0, -1, 0, 0, 2, 0, 0, 2, 0, 2, -1, 1, -2, -2, 0, 0]
[0, 0, -1, 0, -1, -1, 0, -1, -2, -2, 3, 1, 1, 1, 1, 0, 0, -1, -1, 0, 0, 0]
[0, 0, 0, 0, -1, -1, 0, -1, -1, -1, 2, 1, 1, 1, 1, 1, 0, 0, -2, -1, 0, 1]
[0, 0, -1, 0, -1, -1, 0, -1, -1, -1, 3, 0, 0, 2, 0, 1, -1, 0, -1, -1, 0, -1]
[1, -1, 0, 0, 0, -1, 0, -1, 0, 0, 1, 1, 0, 0, 0, 0, 0, -1, -1, 0, 0, 0]
[-1, 1, -1, 0, -2, -1, 0, -1, -2, -2, 4, 0, 1, 3, 1, 2, -1, 1, -2, -2, 0, 0]
[0, 0, 0, 0, 0, -1, 0, -1, -1, -1, 2, 1, 1, 1, 1, 1, -1, 0, -2, -1, 1, 0]
[0, 0, -1, 0, -2, -1, 0, -1, -1, -1, 3, 0, 0, 2, 0, 1, 0, 0, -1, -1, -1, 0]
[1, -1, 0, 0, 0, -1, 0, -1, 0, 0, 1, 0, 0, 1, 0, 1, -1, 0, -1, -1, 1, -1]
[-1, 1, -1, 0, -2, -1, 0, -1, -2, -2, 4, 1, 1, 2, 1, 1, 0, 0, -2, -1, -1, 1]
[0, 0, 0, 0, 0, -1, 0, -1, 0, 0, 2, 1, 0, 1, 0, 1, -1, 0, -2, -1, 0, 0]
[0, 0, -1, 0, -2, -1, 0, -1, -2, -2, 3, 0, 1, 2, 1, 1, 0, 0, -1, -1, 0, 0]
[0, 0, 0, 0, -2, -2, 0, -1, -1, 0, 3, 1, 1, 2, 1, 2, -1, 1, -3, -2, 0, 1]
[0, 0, -1, 0, 0, 0, 0, -1, -1, -2, 2, 0, 0, 1, 0, 0, 0, -1, 0, 0, 0, -1]
[0, 0, 0, 0, -1, -1, 0, -1, -1, -1, 2, 0, 1, 2, 1, 2, -1, 1, -2, -2, 1, 0]
[0, 0, -1, 0, -1, -1, 0, -1, -1, -1, 3, 1, 0, 1, 0, 0, 0, -1, -1, 0, -1, 0]
[1, -1, -1, 0, -1, -1, 0, -1, -1, -1, 2, 0, 0, 1, 0, 0, 0, -1, 0, 0, 0, -1]
[-1, 1, 0, 0, -1, -1, 0, -1, -1, -1, 3, 1, 1, 2, 1, 2, -1, 1, -3, -2, 0, 1]
[0, 0, 0, 0, -1, -1, 0, -1, -1, -1, 3, 1, 1, 2, 1, 2, -1, 1, -2, -2, 0, 0]
[0, 0, -1, 0, -1, -1, 0, -1, -1, -1, 2, 0, 0, 1, 0, 0, 0, -1, -1, 0, 0, 0]
[1, -1, 0, 0, -1, -1, 0, -1, 0, 0, 1, 0, 0, 1, 0, 1, 0, 0, -1, -1, 0, 0]
[-1, 1, -1, 0, -1, -1, 0, -1, -2, -2, 4, 1, 1, 2, 1, 1, -1, 0, -2, -1, 0, 0]
[0, 0, 0, 0, 0, 0, 0, -1, 0, -1, 2, 1, 0, 1, 0, 1, 0, 0, -1, -1, -1, 0]
[0, 0, -1, 0, -2, -2, 0, -1, -2, -1, 3, 0, 1, 2, 1, 1, -1, 0, -2, -1, 1, 0]
[0, 0, 0, 0, -1, -1, 0, -1, 0, 0, 2, 1, 0, 1, 0, 1, 0, 0, -2, -1, -1, 1]
[0, 0, -1, 0, -1, -1, 0, -1, -2, -2, 3, 0, 1, 2, 1, 1, -1, 0, -1, -1, 1, -1]
[1, -1, 0, 0, -1, -1, 0, -1, 0, 0, 2, 1, 0, 1, 0, 1, 0, 0, -1, -1, -1, 0]
[-1, 1, -1, 0, -1, -1, 0, -1, -2, -2, 3, 0, 1, 2, 1, 1, -1, 0, -2, -1, 1, 0]
[0, 0, 0, 0, 0, 0, 0, -1, 0, -1, 1, 0, 0, 1, 0, 1, 0, 0, -1, -1, 0, 0]
[0, 0, -1, 0, -2, -2, 0, -1, -2, -1, 4, 1, 1, 2, 1, 1, -1, 0, -2, -1, 0, 0]
[1, -1, 0, 0, 0, 0, 0, -1, 0, -1, 1, 0, 0, 1, 0, 1, 0, 0, 0, -1, 0, -1]
[-1, 1, -1, 0, -2, -2, 0, -1, -2, -1, 4, 1, 1, 2, 1, 1, -1, 0, -3, -1, 0, 1]

################
# DISCRIMINANT #
################

The discriminant has 3 components of degree 1, 2 components of degree 2, and 2 components of degree 4:
2*Z[4] + Z[5]
2*Z[4] - Z[5]
32*Z[0]^2*Z[4]^2 + 32*Z[0]^2*Z[4]*Z[5] + 8*Z[0]^2*Z[5]^2 + 16*Z[0]*Z[2]*Z[4]^2 + 16*Z[0]*Z[2]*Z[4]*Z[5] + 4*Z[0]*Z[2]*Z[5]^2 - 48*Z[0]*Z[3]^2*Z[4] - 24*Z[0]*Z[3]^2*Z[5] - 4*Z[1]^2*Z[4]^2 - 4*Z[1]^2*Z[4]*Z[5] - Z[1]^2*Z[5]^2 - 8*Z[2]*Z[3]^2*Z[4] - 4*Z[2]*Z[3]^2*Z[5] + 16*Z[3]^4
4*Z[0]^2 - 4*Z[0]*Z[2] + 4*Z[1]^2 + Z[2]^2
8*Z[0]^2 + 4*Z[0]*Z[2] - Z[1]^2
8*Z[0]^2*Z[4]^2 + 4*Z[0]*Z[2]*Z[4]^2 - 6*Z[0]*Z[3]^2*Z[4] - Z[1]^2*Z[4]^2 - Z[2]*Z[3]^2*Z[4] + Z[3]^4
Z[4]

#############
# MONODROMY #
#############

Generators of the monodromy group on the second homology group:
[[0, 0, 0, -1, 1, 0, 0, 0, -1, 0, 1, -1, 1, -2, -2, -1, -2, -1, 1, -3, -1, 1], [1, 1, -1, 0, 0, 0, 1, -1, -1, 1, -1, 0, 0, 0, 0, 0, 0, 0, 0, -1, 0, 0], [0, -1, 2, 0, -1, 1, -1, 1, 1, 0, 2, -1, -1, -1, 1, 0, 0, 1, -1, 2, 0, -1], [0, 0, 0, 1, -1, 1, 0, 0, 1, 0, 0, 1, -2, 1, 2, 1, 1, 1, -1, 3, 1, -1], [0, -1, 2, 0, -1, 1, 0, 2, 1, 0, 1, 1, 0, 2, 1, 1, 2, 2, -1, 5, 1, -1], [1, 0, 2, 0, -1, 1, 0, 1, 0, 0, 1, 0, -1, 0, 1, 0, 0, 2, -1, 3, 0, -1], [1, 0, 0, 0, -1, 1, 1, 0, 0, 0, 0, 1, -1, 0, 1, 0, 0, 2, -1, 2, 0, -1], [0, 0, 1, -1, 0, 0, -1, 0, -1, 0, 1, -2, 0, -3, -1, -1, -2, 0, 0, -2, -1, 0], [0, -1, 2, -1, 0, 0, -1, 1, -1, 0, 2, -2, 0, -3, -1, -1, -2, 0, 0, -1, -1, 0], [-1, -1, 1, 0, 0, 0, -2, 1, 0, 0, 1, -1, 0, -1, 0, 0, 0, -1, 0, 0, 0, 0], [0, 1, -3, 1, 1, -1, 1, -2, 0, 0, -3, 2, 1, 3, 0, 1, 2, -2, 1, -2, 1, 1], [-1, -1, 0, 0, 0, 0, -1, 0, 0, 0, 0, -1, 0, 0, 0, 0, 0, -1, 0, -1, 0, 0], [-1, 0, -1, 0, 0, -1, 0, -1, 0, 0, -1, 0, 0, 0, 0, 0, 0, -1, 1, -2, 0, 1], [0, 1, -1, 0, 1, -1, 0, -2, 0, 0, -1, 0, 1, 0, -1, 0, 0, -2, 1, -3, 0, 1], [-1, 0, -1, 1, 0, -1, 0, 0, 1, 0, -1, 1, 0, 2, 0, 1, 2, 0, 0, 1, 1, 0], [-1, 0, 0, 0, 1, -1, -1, -1, 0, 0, 0, -1, 1, -1, -2, 1, 1, -2, 0, -2, 0, 0], [1, 0, 0, 0, -1, 1, 1, 1, 0, 0, 0, 1, -1, 1, 1, 0, 0, 2, -1, 3, 0, -1], [0, 0, -1, 1, 0, 0, 0, 0, 1, 0, -1, 1, 0, 2, 0, 1, 2, 0, -1, 2, 1, 0], [0, -1, 1, -1, 0, 0, 1, 2, 0, -1, 1, 0, 0, -1, 0, -1, -2, 2, 0, 1, -1, 0], [0, 0, 0, 0, 0, 0, 1, 1, 0, 0, 0, 1, 0, 1, 1, 0, 0, 1, 1, 1, 0, 0], [0, 0, 0, 0, 0, 0, 0, 0, 0, 0, 0, 0, 0, 0, 0, -1, 0, 0, 0, -1, 0, 1], [0, 1, -1, 1, 0, 0, 0, -1, 0, 1, -1, 1, 0, 2, 0, 1, 2, -1, 1, 0, 1, 0]]
[[1, 0, 0, 0, 0, 0, 0, 0, 0, 0, 0, 0, 0, 0, 0, 0, 0, 0, 0, 0, 0, 0], [0, 1, 0, 0, 0, 0, 0, 0, 0, 0, 0, 0, 0, 0, 0, 0, 0, 0, 0, 0, 0, 0], [0, 0, 1, 0, 0, 0, 0, 0, 0, 0, 0, 0, 0, 0, 0, 0, 0, 0, 0, 0, 0, 0], [0, 0, 0, 1, 0, 0, 0, 0, 0, 0, 0, 0, 0, 0, 0, 0, 0, 0, 0, 0, 0, 0], [0, 0, 0, 0, 1, 0, 0, 0, 0, 0, 0, 0, 0, 0, 0, 0, 0, 0, 0, 0, 0, 0], [0, 0, 0, 0, 0, 1, 0, 0, 0, 0, 0, 0, 0, 0, 0, 0, 0, 0, 0, 0, 0, 0], [0, 0, 0, 0, 0, 0, 1, 0, 0, 0, 0, 0, 0, 0, 0, 0, 0, 0, 0, 0, 0, 0], [0, 0, 0, 0, 0, 0, 0, 1, 0, 0, 0, 0, 0, 0, 0, 0, 0, 0, 0, 0, 0, 0], [0, 0, 0, 0, 0, 0, 0, 0, 1, 0, 0, 0, 0, 0, 0, 0, 0, 0, 0, 0, 0, 0], [0, 0, 0, 0, 0, 0, 0, 0, 0, 1, 0, 0, 0, 0, 0, 0, 0, 0, 0, 0, 0, 0], [0, 0, 0, 0, 0, 0, 0, 0, 0, 0, 1, 0, 0, 0, 0, 0, 0, 0, 0, 0, 0, 0], [0, 0, 0, 0, 0, 0, 0, 0, 0, 0, 0, 1, 0, 0, 0, 0, 0, 0, 0, 0, 0, 0], [0, 0, 0, 0, 0, 0, 0, 0, 0, 0, 0, 0, 1, 0, 0, 0, 0, 0, 0, 0, 0, 0], [0, 0, 0, 0, 0, 0, 0, 0, 0, 0, 0, 0, 0, 1, 0, 0, 0, 0, 0, 0, 0, 0], [0, 0, 0, 0, 0, 0, 0, 0, 0, 0, 0, 0, 0, 0, 1, 0, 0, 0, 0, 0, 0, 0], [0, 0, 0, 0, 0, 0, 0, 0, 0, 0, 0, 0, 0, 0, 0, 1, 0, 0, 0, 0, 0, 0], [0, 0, 0, 0, 0, 0, 0, 0, 0, 0, 0, 0, 0, 0, 0, 0, 1, 0, 0, 0, 0, 0], [0, 0, 0, 0, 0, 0, 0, 0, 0, 0, 0, 0, 0, 0, 0, 0, 0, 1, 0, 0, 0, 0], [0, 0, 0, 0, 0, 0, 0, 0, 0, 0, 0, 0, 0, 0, 0, 0, 0, 0, 1, 0, 0, 0], [0, 0, 0, 0, 0, 0, 0, 0, 0, 0, 0, 0, 0, 0, 0, 0, 0, 0, 0, 1, 0, 0], [0, 0, 0, 0, 0, 0, 0, 0, 0, 0, 0, 0, 0, 0, 0, 0, 0, 0, 0, 0, 1, 0], [0, 0, 0, 0, 0, 0, 0, 0, 0, 0, 0, 0, 0, 0, 0, 0, 0, 0, 0, 0, 0, 1]]
[[1, 0, 0, 0, 0, 0, 0, 0, 0, 0, 0, 0, 0, 0, 0, 0, 0, 0, 0, 0, 0, 0], [0, 1, 0, 0, -1, 1, 0, -3, -2, 0, 0, -2, 0, -5, 0, -2, -5, -2, 2, -6, -2, 2], [0, 0, 1, 0, 2, -2, 0, 4, 2, 0, 0, 2, 0, 6, 0, 2, 6, 2, -2, 6, 2, -2], [0, 0, 0, 1, 1, -1, 0, 2, 1, 0, 0, 1, 0, 3, 0, 1, 3, 1, -1, 3, 1, -1], [0, 0, 0, 0, 1, 0, 0, 2, 2, 0, 0, 2, 0, 4, 0, 2, 4, 2, -2, 6, 2, -2], [0, 0, 0, 0, 1, 0, 0, 2, 1, 0, 0, 1, 0, 3, 0, 1, 3, 1, -1, 3, 1, -1], [0, 0, 0, 0, 0, 0, 1, 0, 0, 0, 0, 0, 0, 0, 0, 0, 0, 0, 0, 0, 0, 0], [0, 0, 0, 0, 1, -1, 0, 2, 0, 0, 0, 0, 0, 1, 0, 0, 1, 0, 0, 0, 0, 0], [0, 0, 0, 0, 2, -2, 0, 3, 2, 0, 0, 1, 0, 4, 0, 1, 4, 1, -1, 3, 1, -1], [0, 0, 0, 0, 1, -1, 0, 2, 1, 1, 0, 1, 0, 3, 0, 1, 3, 1, -1, 3, 1, -1], [0, 0, 0, 0, -2, 2, 0, -4, -2, 0, 1, -2, 0, -6, 0, -2, -6, -2, 2, -6, -2, 2], [0, 0, 0, 0, 1, -1, 0, 1, 0, 0, 0, 1, 0, 1, 0, 0, 1, 0, 0, 0, 0, 0], [0, 0, 0, 0, 0, 0, 0, -1, -1, 0, 0, -1, 1, -2, 0, -1, -2, -1, 1, -3, -1, 1], [0, 0, 0, 0, -1, 1, 0, -2, -1, 0, 0, -1, 0, -2, 0, -1, -3, -1, 1, -3, -1, 1], [0, 0, 0, 0, -1, 1, 0, -1, 0, 0, 0, 0, 0, -1, 1, 0, -1, 0, 0, 0, 0, 0], [0, 0, 0, 0, 0, 0, 0, 0, 0, 0, 0, 0, 0, 0, 0, 1, 0, 0, 0, 0, 0, 0], [0, 0, 0, 0, -1, 1, 0, -1, 0, 0, 0, 0, 0, -1, 0, 0, 0, 0, 0, 0, 0, 0], [0, 0, 0, 0, -1, 1, 0, -1, 0, 0, 0, 0, 0, -1, 0, 0, -1, 1, 0, 0, 0, 0], [0, 0, 0, 0, 1, -1, 0, 2, 1, 0, 0, 1, 0, 3, 0, 1, 3, 1, 0, 3, 1, -1], [0, 0, 0, 0, 0, 0, 0, 0, 0, 0, 0, 0, 0, 0, 0, 0, 0, 0, 0, 1, 0, 0], [0, 0, 0, 0, 1, -1, 0, 1, 0, 0, 0, 0, 0, 1, 0, 0, 1, 0, 0, 0, 1, 0], [0, 0, 0, 0, -1, 1, 0, -1, 0, 0, 0, 0, 0, -1, 0, 0, -1, 0, 0, 0, 0, 1]]
[[0, -1, 1, 0, 1, -2, -1, 4, 2, -2, 2, -1, 0, 1, -1, 1, 3, 2, -1, 3, 1, -1], [0, 2, -2, 0, -1, 2, 2, -6, -3, 3, -3, 1, 0, -1, 1, -2, -5, -3, 3, -6, -2, 2], [-1, -3, 2, 0, 1, -3, -1, 7, 4, -4, 3, -1, 0, 1, -1, 1, 4, 5, -3, 6, 1, -2], [0, 0, 0, 1, 0, 0, 0, 0, 0, 0, 0, 0, 0, 0, 0, 0, 0, 0, 0, 0, 0, 0], [0, -1, 0, 0, -1, 2, 0, 1, 1, 0, 0, 2, 0, 2, 1, 1, 2, 2, -1, 4, 1, -1], [0, -2, 0, 0, 0, 0, 0, 3, 2, -2, 1, 0, 0, 0, 0, 0, 1, 3, -2, 3, 0, -1], [1, 0, 0, 0, -1, 2, 1, -1, -1, 1, 0, 0, 0, -1, 1, -1, -2, 0, 0, -1, -1, 0], [-1, -2, 1, 0, 1, -3, -1, 5, 3, -3, 2, -2, 0, 0, -1, 0, 2, 3, -2, 3, 0, -1], [-1, -3, 2, 0, 2, -4, -2, 9, 5, -5, 4, -2, 0, 1, -1, 1, 5, 5, -3, 6, 1, -2], [-1, -1, 1, 0, 1, -2, -1, 4, 2, -2, 1, 0, 0, 2, 0, 1, 3, 2, -1, 4, 1, -1], [1, 4, -2, 0, -1, 3, 2, -10, -5, 5, -4, 2, 0, -1, 1, -1, -5, -7, 4, -8, -1, 3], [-1, 0, 1, 0, 1, -2, -1, 1, 1, -1, 1, -1, 0, 0, -1, 0, 1, 0, 0, 0, 0, 0], [0, 1, 0, 0, 1, -1, 0, -1, -1, 1, 0, -1, 1, -1, -1, 0, 0, -2, 1, -3, 0, 1], [0, 1, -1, 0, 0, 0, 1, -3, -1, 1, -2, 1, 0, 1, 0, 0, -1, -2, 1, -2, 0, 1], [0, 2, -1, 0, -1, 2, 1, -5, -2, 3, -2, 1, 0, 0, 1, 0, -2, -3, 2, -3, 0, 1], [-1, 0, 0, 0, 0, -1, 0, -1, 1, -1, -1, 0, 0, 1, 0, 1, 0, 0, 0, 1, 0, 0], [1, 1, -1, 0, -1, 3, 1, -3, -2, 2, -1, 1, 0, -1, 1, -1, -3, -1, 1, -2, -1, 0], [0, 2, -1, 0, -1, 2, 1, -5, -2, 2, -3, 2, 0, 1, 1, 0, -2, -2, 2, -2, 0, 1], [1, -2, 2, 0, 1, -2, -2, 7, 3, -3, 4, -2, 0, -1, -1, 1, 4, 4, -3, 5, 1, -2], [1, 0, 0, 0, 0, 1, 0, 1, -1, 1, 1, 0, 0, -1, 0, 0, 0, 0, 0, 0, 0, 0], [0, -1, 1, 0, 0, -1, -1, 2, 1, -1, 1, -1, 0, 0, 0, 0, 2, 1, -1, 1, 1, 0], [0, 1, -1, 0, 0, 1, 1, -2, -1, 1, -1, 1, 0, 0, 0, 0, -2, -1, 1, -1, 0, 1]]
[[1, 0, 0, 0, 0, 0, 0, 0, 0, 0, 0, 0, 0, 0, 0, 0, 0, 0, 0, 0, 0, 0], [0, 1, 0, 0, 0, 0, 0, 0, 0, 0, 0, 0, 0, 0, 0, 0, 0, 0, 0, 0, 0, 0], [0, 0, 1, 0, 0, 0, 0, 0, 0, 0, 0, 0, 0, 0, 0, 0, 0, 0, 0, 0, 0, 0], [0, 0, 0, 1, 0, 0, 0, 0, 0, 0, 0, 0, 0, 0, 0, 0, 0, 0, 0, 0, 0, 0], [0, 0, 0, 0, 1, 0, 0, 0, 0, 0, 0, 0, 0, 0, 0, 0, 0, 0, 0, 0, 0, 0], [0, 0, 0, 0, 0, 1, 0, 0, 0, 0, 0, 0, 0, 0, 0, 0, 0, 0, 0, 0, 0, 0], [0, 0, 0, 0, 0, 0, 1, 0, 0, 0, 0, 0, 0, 0, 0, 0, 0, 0, 0, 0, 0, 0], [0, 0, 0, 0, 0, 0, 0, 1, 0, 0, 0, 0, 0, 0, 0, 0, 0, 0, 0, 0, 0, 0], [0, 0, 0, 0, 0, 0, 0, 0, 1, 0, 0, 0, 0, 0, 0, 0, 0, 0, 0, 0, 0, 0], [0, 0, 0, 0, 0, 0, 0, 0, 0, 1, 0, 0, 0, 0, 0, 0, 0, 0, 0, 0, 0, 0], [0, 0, 0, 0, 0, 0, 0, 0, 0, 0, 1, 0, 0, 0, 0, 0, 0, 0, 0, 0, 0, 0], [0, 0, 0, 0, 0, 0, 0, 0, 0, 0, 0, 1, 0, 0, 0, 0, 0, 0, 0, 0, 0, 0], [0, 0, 0, 0, 0, 0, 0, 0, 0, 0, 0, 0, 1, 0, 0, 0, 0, 0, 0, 0, 0, 0], [0, 0, 0, 0, 0, 0, 0, 0, 0, 0, 0, 0, 0, 1, 0, 0, 0, 0, 0, 0, 0, 0], [0, 0, 0, 0, 0, 0, 0, 0, 0, 0, 0, 0, 0, 0, 1, 0, 0, 0, 0, 0, 0, 0], [0, 0, 0, 0, 0, 0, 0, 0, 0, 0, 0, 0, 0, 0, 0, 1, 0, 0, 0, 0, 0, 0], [0, 0, 0, 0, 0, 0, 0, 0, 0, 0, 0, 0, 0, 0, 0, 0, 1, 0, 0, 0, 0, 0], [0, 0, 0, 0, 0, 0, 0, 0, 0, 0, 0, 0, 0, 0, 0, 0, 0, 1, 0, 0, 0, 0], [0, 0, 0, 0, 0, 0, 0, 0, 0, 0, 0, 0, 0, 0, 0, 0, 0, 0, 1, 0, 0, 0], [0, 0, 0, 0, 0, 0, 0, 0, 0, 0, 0, 0, 0, 0, 0, 0, 0, 0, 0, 1, 0, 0], [0, 0, 0, 0, 0, 0, 0, 0, 0, 0, 0, 0, 0, 0, 0, 0, 0, 0, 0, 0, 1, 0], [0, 0, 0, 0, 0, 0, 0, 0, 0, 0, 0, 0, 0, 0, 0, 0, 0, 0, 0, 0, 0, 1]]
[[0, -1, 1, -1, 0, -1, -2, 2, 0, -2, 2, -3, 1, -5, -2, 0, 0, 0, -2, -1, -1, 0], [1, 1, 0, 0, 0, 1, 1, -1, -1, 1, -1, 1, 0, 2, 1, 0, 0, 0, 1, 0, 0, 0], [0, 0, 1, 0, 0, 0, -1, 1, -1, 0, 1, -1, 0, -2, 0, 0, 0, -1, 0, -1, 0, 0], [0, 0, 0, 1, 0, 0, 0, 0, 0, 0, 0, 0, 0, 0, 0, 0, 0, 0, 0, 0, 0, 0], [0, 1, -1, 1, 0, 1, 1, -1, 1, 2, -1, 3, -1, 4, 2, 0, 1, 0, 1, 2, 2, 0], [0, 0, 0, 0, 0, 0, 0, 1, 0, 0, 1, -1, 0, -2, 0, 0, 0, 0, 0, -1, 0, 0], [0, 0, 0, 0, 0, 0, 1, 0, 0, 0, 0, 0, 0, 0, 0, 0, 0, 0, 0, 0, 0, 0], [0, -1, 1, -1, 0, 0, -1, 2, -1, -1, 1, -2, 1, -3, -1, 0, 0, 0, -1, -1, -1, 0], [0, -1, 1, -1, 0, 0, -2, 2, -1, -1, 2, -3, 1, -5, -1, 0, 0, -1, -1, -2, -1, 0], [0, 0, 0, 0, 0, 1, -1, 0, -1, 1, 0, 0, 0, 0, 0, 0, 0, -1, 0, 0, 0, 0], [0, 1, -1, 1, 0, 0, 1, -3, 1, 1, -2, 2, -1, 5, 1, 0, 0, 0, 1, 1, 1, 0], [0, 0, 0, 0, 0, 0, -1, -1, -1, 0, -1, 0, 0, 0, 0, 0, 0, -1, 0, -1, 0, 0], [0, 0, 0, 0, 1, -1, 0, 0, 0, -1, 0, -1, 1, -1, -1, 0, -1, 0, 0, -1, -1, 0], [0, 0, 0, 0, 0, 0, 0, 0, 0, 0, 0, 0, 0, 1, 0, 0, 0, 0, 0, 0, 0, 0], [0, 1, -1, 1, 0, 1, 1, -2, 1, 1, -2, 3, -1, 5, 2, 0, 0, 0, 1, 2, 1, 0], [0, 0, 0, 0, -1, 2, -1, -1, -1, 1, -1, 1, -1, 2, 2, -1, -1, -1, 0, 0, 0, 0], [0, 1, -1, 1, 0, 0, 1, -1, 1, 1, -1, 2, -1, 3, 1, 0, 1, 0, 1, 1, 1, 0], [0, 1, -1, 1, 0, 1, 0, -1, 0, 1, -1, 2, -1, 3, 1, 0, 0, 0, 1, 1, 1, 0], [-1, -1, 1, -1, 0, -2, -1, 2, 1, -2, 2, -3, 1, -5, -2, 0, 0, 1, -1, -1, -1, 0], [0, 0, 0, 0, 0, -1, 1, 0, 1, 0, 0, 0, 0, 0, 0, 0, 0, 1, 0, 1, 0, 0], [0, -1, 1, -1, 1, -1, 0, 2, 0, -2, 2, -2, 1, -4, -2, 0, -1, 1, -1, -1, -1, 0], [1, 0, 0, 0, -1, 1, 0, 0, 0, 0, 0, 0, -1, 0, 1, 0, -1, 1, -1, 2, 0, -1]]
[[1, 0, 0, 0, 0, 0, 0, 0, 0, 0, 0, 0, 0, 0, 0, 0, 0, 0, 0, 0, 0, 0], [0, 1, 0, 1, -1, 1, 0, -1, 0, 0, 0, 0, -1, -1, 1, 0, -1, 0, 0, 0, 0, 0], [0, 0, 1, -2, 1, -1, 0, 1, 0, 0, 0, 0, 1, 1, -1, 0, 1, 0, 0, 0, 0, 0], [0, 0, 0, -1, 0, 0, 0, 0, 0, 0, 0, 0, 0, 0, 0, 0, 0, 0, 0, 0, 0, 0], [0, 0, 0, 0, 2, -1, 0, 1, 0, 0, 0, 0, 1, 1, -1, 0, 1, 0, 0, 0, 0, 0], [0, 0, 0, -1, 1, 0, 0, 1, 0, 0, 0, 0, 1, 1, -1, 0, 1, 0, 0, 0, 0, 0], [0, 0, 0, -1, 0, 0, 1, 0, 0, 0, 0, 0, 0, 0, 0, 0, 0, 0, 0, 0, 0, 0], [0, 0, 0, -1, 0, 0, 0, 1, 0, 0, 0, 0, 0, 0, 0, 0, 0, 0, 0, 0, 0, 0], [0, 0, 0, -1, 1, -1, 0, 1, 1, 0, 0, 0, 1, 1, -1, 0, 1, 0, 0, 0, 0, 0], [0, 0, 0, 0, 0, 0, 0, 0, 0, 1, 0, 0, 0, 0, 0, 0, 0, 0, 0, 0, 0, 0], [0, 0, 0, 2, -1, 1, 0, -1, 0, 0, 1, 0, -1, -1, 1, 0, -1, 0, 0, 0, 0, 0], [0, 0, 0, 0, 0, 0, 0, 0, 0, 0, 0, 1, 0, 0, 0, 0, 0, 0, 0, 0, 0, 0], [0, 0, 0, 0, -1, 1, 0, -1, 0, 0, 0, 0, 0, -1, 1, 0, -1, 0, 0, 0, 0, 0], [0, 0, 0, 1, -1, 1, 0, -1, 0, 0, 0, 0, -1, 0, 1, 0, -1, 0, 0, 0, 0, 0], [0, 0, 0, 1, 0, 0, 0, 0, 0, 0, 0, 0, 0, 0, 1, 0, 0, 0, 0, 0, 0, 0], [0, 0, 0, 1, 0, 0, 0, 0, 0, 0, 0, 0, 0, 0, 0, 1, 0, 0, 0, 0, 0, 0], [0, 0, 0, 0, 0, 0, 0, 0, 0, 0, 0, 0, 0, 0, 0, 0, 1, 0, 0, 0, 0, 0], [0, 0, 0, 1, 0, 0, 0, 0, 0, 0, 0, 0, 0, 0, 0, 0, 0, 1, 0, 0, 0, 0], [0, 0, 0, -1, 1, -1, 0, 1, 0, 0, 0, 0, 1, 1, -1, 0, 1, 0, 1, 0, 0, 0], [0, 0, 0, 0, 0, 0, 0, 0, 0, 0, 0, 0, 0, 0, 0, 0, 0, 0, 0, 1, 0, 0], [0, 0, 0, -1, 1, -1, 0, 1, 0, 0, 0, 0, 1, 1, -1, 0, 1, 0, 0, 0, 1, 0], [0, 0, 0, 1, 0, 0, 0, 0, 0, 0, 0, 0, 0, 0, 0, 0, 0, 0, 0, 0, 0, 1]]
[[1, 0, 0, 0, 0, 0, 0, 0, 0, 0, 0, 0, 0, 0, 0, 0, 0, 0, 0, 0, 0, 0], [0, 1, 0, 0, 0, 0, 0, 0, 0, 0, 0, 0, 0, 0, 0, 0, 0, 0, 0, 0, 0, 0], [0, 0, 1, 0, 0, 0, 0, 0, 0, 0, 0, 0, 0, 0, 0, 0, 0, 0, 0, 0, 0, 0], [0, 0, 0, 1, 0, 0, 0, 0, 0, 0, 0, 0, 0, 0, 0, 0, 0, 0, 0, 0, 0, 0], [0, 0, 0, 0, 1, 0, 0, 0, 0, 0, 0, 0, 0, 0, 0, 0, 0, 0, 0, 0, 0, 0], [0, 0, 0, 0, 0, 1, 0, 0, 0, 0, 0, 0, 0, 0, 0, 0, 0, 0, 0, 0, 0, 0], [0, 0, 0, 0, 0, 0, 1, 0, 0, 0, 0, 0, 0, 0, 0, 0, 0, 0, 0, 0, 0, 0], [0, 0, 0, 0, 0, 0, 0, 1, 0, 0, 0, 0, 0, 0, 0, 0, 0, 0, 0, 0, 0, 0], [0, 0, 0, 0, 0, 0, 0, 0, 1, 0, 0, 0, 0, 0, 0, 0, 0, 0, 0, 0, 0, 0], [0, 0, 0, 0, 0, 0, 0, 0, 0, 1, 0, 0, 0, 0, 0, 0, 0, 0, 0, 0, 0, 0], [0, 0, 0, 0, 0, 0, 0, 0, 0, 0, 1, 0, 0, 0, 0, 0, 0, 0, 0, 0, 0, 0], [0, 0, 0, 0, 0, 0, 0, 0, 0, 0, 0, 1, 0, 0, 0, 0, 0, 0, 0, 0, 0, 0], [0, 0, 0, 0, 0, 0, 0, 0, 0, 0, 0, 0, 1, 0, 0, 0, 0, 0, 0, 0, 0, 0], [0, 0, 0, 0, 0, 0, 0, 0, 0, 0, 0, 0, 0, 1, 0, 0, 0, 0, 0, 0, 0, 0], [0, 0, 0, 0, 0, 0, 0, 0, 0, 0, 0, 0, 0, 0, 1, 0, 0, 0, 0, 0, 0, 0], [0, 0, 0, 0, 0, 0, 0, 0, 0, 0, 0, 0, 0, 0, 0, 1, 0, 0, 0, 0, 0, 0], [0, 0, 0, 0, 0, 0, 0, 0, 0, 0, 0, 0, 0, 0, 0, 0, 1, 0, 0, 0, 0, 0], [0, 0, 0, 0, 0, 0, 0, 0, 0, 0, 0, 0, 0, 0, 0, 0, 0, 1, 0, 0, 0, 0], [0, 0, 0, 0, 0, 0, 0, 0, 0, 0, 0, 0, 0, 0, 0, 0, 0, 0, 1, 0, 0, 0], [0, 0, 0, 0, 0, 0, 0, 0, 0, 0, 0, 0, 0, 0, 0, 0, 0, 0, 0, 1, 0, 0], [0, 0, 0, 0, 0, 0, 0, 0, 0, 0, 0, 0, 0, 0, 0, 0, 0, 0, 0, 0, 1, 0], [0, 0, 0, 0, 0, 0, 0, 0, 0, 0, 0, 0, 0, 0, 0, 0, 0, 0, 0, 0, 0, 1]]
[[1, 0, 0, -1, 1, -1, 1, 1, 0, -1, 0, 0, 1, 0, -1, 0, 0, 1, 0, 0, 0, 0], [-1, 0, -1, 1, -1, 1, 0, -2, 0, 1, -1, 1, -1, 0, 1, 0, -1, -1, 0, 0, 0, 0], [1, -1, 0, -1, 1, -2, 0, 3, 2, -3, 1, -1, 1, -1, -2, 0, 1, 3, -2, 2, 0, 0], [1, 0, 0, -1, 0, 0, 0, 1, 0, -1, 1, -1, 0, -2, -1, 0, 0, 1, -1, 0, 0, 0], [-1, 0, 0, 2, 0, 0, -1, 0, 1, 0, -1, 1, -1, 3, 2, 0, 1, 0, 1, 1, 0, 0], [1, 0, 0, 0, 1, -1, -1, 2, 1, -2, 1, -1, 1, -1, -2, 0, 1, 2, -1, 1, 0, 0], [1, 0, 0, 0, 0, 0, -1, 1, 0, -1, 1, -1, 0, -2, -1, 0, 0, 1, -1, 0, 0, 0], [1, 0, 0, -1, 1, -2, 0, 2, 1, -2, 1, -1, 1, -2, -2, 0, 0, 2, -1, 1, 0, 0], [1, 0, 0, -1, 2, -3, 0, 3, 2, -3, 1, -1, 2, -1, -3, 0, 1, 3, -1, 1, 0, 0], [-1, 0, 0, 0, 0, -1, 1, 0, 1, 0, -1, 1, 0, 2, 1, 0, 0, 1, 1, 1, 0, 0], [-2, 0, 0, 1, -2, 3, 1, -4, -2, 4, -1, 2, -2, 2, 3, 0, -1, -4, 2, -2, 0, 0], [0, 0, 0, 0, 0, 0, 1, 0, 1, 0, 0, 1, 0, 1, 1, 0, 0, 0, 0, 1, 0, 0], [0, 0, 0, -1, -1, 1, 0, -1, -1, 1, 0, 0, 0, -1, 0, 0, 0, -1, 0, -1, 0, 0], [-1, 0, 0, 0, -1, 1, 1, -3, -1, 2, -1, 1, -1, 1, 1, 0, -1, -2, 1, -1, 0, 0], [-1, 0, 0, 1, -1, 1, 0, -2, -1, 2, -1, 1, -1, 1, 2, 0, 0, -2, 1, -1, 0, 0], [-1, 0, 0, 0, 0, -1, 2, -2, 0, 1, -1, 1, 0, 1, 0, 1, 0, -1, 1, 0, 0, 0], [0, 0, 0, 1, 0, 1, -1, 0, 0, 0, 0, 0, 0, 0, 1, 0, 0, 0, 0, 0, 0, 0], [-1, 0, 0, 1, -1, 1, 1, -2, 0, 2, -1, 1, -1, 2, 2, 0, 0, -1, 1, 0, 0, 0], [2, 0, 0, -1, 2, -1, -1, 4, 0, -2, 2, -2, 2, -2, -3, 0, 1, 2, -1, 0, 0, 0], [0, 0, 0, 0, 0, 1, -1, 1, -1, 0, 0, 0, 0, 0, 0, 0, 0, 0, 0, 0, 0, 0], [1, 0, 0, 0, 0, -1, -1, 2, 1, -1, 1, -1, 0, 0, -1, 0, 2, 1, -1, 1, 1, 0], [-1, 0, 0, 0, 0, 0, 1, -1, -1, 1, -1, 1, 0, 1, 0, 0, 0, -1, 1, -1, 0, 1]]
[[1, 1, 0, 0, 0, 0, -1, 0, -1, 0, 0, -1, 0, -1, 0, 0, 0, -1, 0, -1, 0, 0], [0, 0, 0, 0, 0, 0, 1, 0, 1, 0, 0, 1, 0, 1, 0, 0, 0, 1, 0, 1, 0, 0], [1, 0, 1, -1, -1, 1, -1, 1, -1, -1, 1, -2, 0, -4, 0, 0, -1, 1, -2, 0, -1, -1], [1, 0, 0, -1, -1, 1, 0, 0, -1, -1, 1, -2, 0, -5, -1, 1, -1, 1, -2, 0, -1, -1], [-1, -1, 0, 1, 0, 0, 0, 1, 0, 1, -1, 2, -1, 4, 2, -1, 1, 0, 1, 1, 1, 1], [1, -1, 0, -1, -1, 1, 0, 2, -1, -1, 1, -2, 0, -4, -1, 0, -1, 2, -3, 1, -1, -1], [1, -1, 0, -1, -1, 1, 1, 1, 0, -1, 1, -1, 0, -3, 0, 0, -1, 2, -2, 1, -1, -1], [1, 0, 1, -1, -1, 1, -1, 1, 0, -1, 1, -2, 0, -3, 0, 0, -1, 1, -2, 1, -1, -1], [1, 0, 1, -1, -1, 1, -1, 2, -1, -1, 1, -2, 0, -3, 0, 0, -1, 1, -2, 1, -1, -1], [0, 1, 1, 0, 0, 1, -1, 0, -1, 1, 0, 0, 0, 1, 1, 0, 0, -1, 1, 0, 0, 0], [-2, 1, -1, 2, 2, -2, 1, -3, 2, 2, -1, 3, 0, 6, 0, 0, 2, -3, 4, -2, 2, 2], [0, 1, 1, 0, 0, 0, -1, -1, 0, 0, 0, 0, 0, 0, 0, 0, 0, -1, 0, 0, 0, 0], [0, 0, 0, -1, 0, 0, 1, -1, 0, 0, 0, 0, 1, -1, -1, 1, 0, 0, 0, 0, 0, 0], [-1, 1, -1, 1, 1, -1, 0, -2, 1, 1, -1, 1, 0, 3, 0, 0, 1, -2, 2, -2, 1, 1], [-1, 0, 0, 1, 1, -1, 1, -1, 1, 1, -1, 2, 0, 4, 1, 0, 1, -1, 2, 0, 1, 1], [-1, 2, 0, 2, 1, -1, -2, -2, 1, 1, -1, 0, 0, 3, 1, 0, 1, -3, 2, -2, 1, 1], [0, -1, 0, 0, 0, 0, 1, 1, 0, 0, 0, 1, -1, 1, 1, -1, -1, 1, 0, 1, 0, 0], [-1, 1, 0, 1, 1, -1, 0, -1, 0, 1, -1, 1, 0, 3, 0, 0, 1, -1, 2, -1, 1, 1], [1, -1, 0, -1, -1, 0, 0, 2, -1, -1, 1, -2, 0, -4, -1, 0, -1, 2, -2, 1, -1, -1], [0, -1, -1, 0, 0, 0, 1, 1, 0, 0, 0, 1, 0, 0, 0, 0, 0, 1, 0, 1, 0, 0], [1, -1, 1, -1, -1, 1, 0, 1, 0, -1, 1, -1, 1, -2, -1, 1, 1, 2, -2, 2, 0, -1], [0, 1, -1, 1, 2, -1, 0, 0, 0, 0, 0, 0, 1, 0, -1, 0, 0, -1, 1, -2, 0, 1]]
[[1, 0, 0, 0, 0, 0, 0, 0, 0, 0, 0, 0, 0, 0, 0, 0, 0, 0, 0, 0, 0, 0], [0, 1, 0, 0, 0, 0, 0, 0, 0, 0, 0, 0, 0, 0, 0, 0, 0, 0, 0, 0, 0, 0], [0, 0, 1, 0, 0, 0, 0, 0, 0, 0, 0, 0, 0, 0, 0, 0, 0, 0, 0, 0, 0, 0], [0, 0, 0, 1, 0, 0, 0, 0, 0, 0, 0, 0, 0, 0, 0, 0, 0, 0, 0, 0, 0, 0], [0, 0, 0, 0, 1, 0, 0, 0, 0, 0, 0, 0, 0, 0, 0, 0, 0, 0, 0, 0, 0, 0], [0, 0, 0, 0, 0, 1, 0, 0, 0, 0, 0, 0, 0, 0, 0, 0, 0, 0, 0, 0, 0, 0], [0, 0, 0, 0, 0, 0, 1, 0, 0, 0, 0, 0, 0, 0, 0, 0, 0, 0, 0, 0, 0, 0], [0, 0, 0, 0, 0, 0, 0, 1, 0, 0, 0, 0, 0, 0, 0, 0, 0, 0, 0, 0, 0, 0], [0, 0, 0, 0, 0, 0, 0, 0, 1, 0, 0, 0, 0, 0, 0, 0, 0, 0, 0, 0, 0, 0], [0, 0, 0, 0, 0, 0, 0, 0, 0, 1, 0, 0, 0, 0, 0, 0, 0, 0, 0, 0, 0, 0], [0, 0, 0, 0, 0, 0, 0, 0, 0, 0, 1, 0, 0, 0, 0, 0, 0, 0, 0, 0, 0, 0], [0, 0, 0, 0, 0, 0, 0, 0, 0, 0, 0, 1, 0, 0, 0, 0, 0, 0, 0, 0, 0, 0], [0, 0, 0, 0, 0, 0, 0, 0, 0, 0, 0, 0, 1, 0, 0, 0, 0, 0, 0, 0, 0, 0], [0, 0, 0, 0, 0, 0, 0, 0, 0, 0, 0, 0, 0, 1, 0, 0, 0, 0, 0, 0, 0, 0], [0, 0, 0, 0, 0, 0, 0, 0, 0, 0, 0, 0, 0, 0, 1, 0, 0, 0, 0, 0, 0, 0], [0, 0, 0, 0, 0, 0, 0, 0, 0, 0, 0, 0, 0, 0, 0, 1, 0, 0, 0, 0, 0, 0], [0, 0, 0, 0, 0, 0, 0, 0, 0, 0, 0, 0, 0, 0, 0, 0, 1, 0, 0, 0, 0, 0], [0, 0, 0, 0, 0, 0, 0, 0, 0, 0, 0, 0, 0, 0, 0, 0, 0, 1, 0, 0, 0, 0], [0, 0, 0, 0, 0, 0, 0, 0, 0, 0, 0, 0, 0, 0, 0, 0, 0, 0, 1, 0, 0, 0], [0, 0, 0, 0, 0, 0, 0, 0, 0, 0, 0, 0, 0, 0, 0, 0, 0, 0, 0, 1, 0, 0], [0, 0, 0, 0, 0, 0, 0, 0, 0, 0, 0, 0, 0, 0, 0, 0, 0, 0, 0, 0, 1, 0], [0, 0, 0, 0, 0, 0, 0, 0, 0, 0, 0, 0, 0, 0, 0, 0, 0, 0, 0, 0, 0, 1]]
[[1, 0, 0, 0, 0, 0, 0, 0, 0, 0, 0, 0, 0, 0, 0, 0, 0, 0, 0, 0, 0, 0], [0, 0, 0, 0, -1, 1, 0, 0, 0, 0, 0, 0, 0, 0, 0, 1, 1, 1, -1, 2, 0, -1], [0, 0, 1, 0, 0, 0, 0, 0, 0, 0, 0, 0, 0, 1, 0, 0, 0, 0, 1, 0, 0, 0], [0, 0, 0, 1, 0, 0, 0, 0, 0, 0, 0, 0, 0, 0, 0, 0, 0, 0, 0, 0, 0, 0], [0, 0, 0, 0, 1, 0, 0, 1, 0, 0, 0, 0, -1, 1, 1, -1, -1, 0, 0, 0, 0, 0], [0, 0, 0, 0, 0, 1, 0, 0, 0, 0, 0, 0, 0, 0, 0, 0, 0, 0, 0, 0, 0, 0], [0, 1, 0, 1, 0, 0, -1, -1, 0, 0, 0, -1, 0, -1, 0, 0, 0, -1, 0, -1, 0, 0], [0, 0, 0, 0, 0, 0, 0, 0, 0, 0, 0, 0, 1, 0, -1, 1, 1, 0, 1, 0, 0, 0], [0, 0, 0, 0, 0, 0, 0, 0, 1, 0, 0, 0, 0, 1, 0, 0, 0, 0, 1, 0, 0, 0], [0, 0, 0, 0, 1, -1, 1, 1, 1, 0, 0, 1, 0, 2, 0, 0, 0, 1, 1, 1, 0, 0], [0, 0, 0, 0, 0, 0, 0, 0, 0, 0, 1, 0, 0, -1, 0, 0, 0, 0, -1, 0, 0, 0], [0, 0, 0, 0, 0, 0, 1, 0, 0, 1, 0, 1, 0, 2, 0, 1, 1, 0, 1, 1, 1, 0], [0, 0, 0, 0, 0, 0, 0, 0, 0, 0, 0, 0, 1, 0, 0, 0, 0, 0, 0, 0, 0, 0], [0, 0, 0, 0, 0, 0, 0, 0, 0, 0, 0, 1, 0, 1, 0, 0, 1, 0, 0, 0, 0, 0], [0, 0, 0, 0, 0, 0, 0, 0, 0, 0, 0, 0, 0, 0, 1, 0, 0, 0, 0, 0, 0, 0], [0, 0, 0, 0, 0, 0, 0, 0, 0, 0, 0, 1, 0, 1, 0, 1, 1, 0, 1, 0, 0, 0], [0, 0, 0, 0, 0, 0, 0, 0, 0, 0, 0, -1, 0, -1, 0, 0, 0, 0, -1, 0, 0, 0], [0, 0, 0, 0, 0, 0, 1, 1, 0, 0, 0, 1, -1, 1, 1, 0, 0, 1, 0, 1, 0, 0], [0, 0, 0, 0, 0, 0, -1, 0, 0, 0, 0, -1, 0, -1, 0, -1, -1, -1, 0, -1, 0, 1], [0, 0, 0, 0, 0, 0, -1, 0, 0, 0, 0, -1, 0, -1, 0, -1, -1, 0, -1, 0, 0, 0], [0, 0, 0, 0, 0, 0, 0, 0, 0, -1, 0, 0, 0, -1, 0, 0, -1, 0, 0, 0, 0, 0], [0, 0, 0, 0, 0, 0, 0, 0, 0, 0, 0, 0, 0, 0, 0, 0, 0, 1, 0, 0, 0, 0]]
[[1, 0, 0, 0, 0, 0, 0, 0, 0, 0, 0, 0, 0, 0, 0, 0, 0, 0, 0, 0, 0, 0], [0, 1, 0, 0, 0, 0, 0, 0, 0, 0, 0, 0, 0, 0, 0, 0, 0, 0, 0, 0, 0, 0], [0, 0, 1, 0, 0, 0, 0, 0, 0, 0, 0, 0, 0, 0, 0, 0, 0, 0, 0, 0, 0, 0], [0, 0, 0, 1, 0, 0, 0, 0, 0, 0, 0, 0, 0, 0, 0, 0, 0, 0, 0, 0, 0, 0], [0, 0, 0, 0, 1, 0, 0, 0, 0, 0, 0, 0, 0, 0, 0, 0, 0, 0, 0, 0, 0, 0], [0, 0, 0, 0, 0, 1, 0, 0, 0, 0, 0, 0, 0, 0, 0, 0, 0, 0, 0, 0, 0, 0], [0, 0, 0, 0, 0, 0, 1, 0, 0, 0, 0, 0, 0, 0, 0, 0, 0, 0, 0, 0, 0, 0], [0, 0, 0, 0, 0, 0, 0, 1, 0, 0, 0, 0, 0, 0, 0, 0, 0, 0, 0, 0, 0, 0], [0, 0, 0, 0, 0, 0, 0, 0, 1, 0, 0, 0, 0, 0, 0, 0, 0, 0, 0, 0, 0, 0], [0, 0, 0, 0, 0, 0, 0, 0, 0, 1, 0, 0, 0, 0, 0, 0, 0, 0, 0, 0, 0, 0], [0, 0, 0, 0, 0, 0, 0, 0, 0, 0, 1, 0, 0, 0, 0, 0, 0, 0, 0, 0, 0, 0], [0, 0, 0, 0, 0, 0, 0, 0, 0, 0, 0, 1, 0, 0, 0, 0, 0, 0, 0, 0, 0, 0], [0, 0, 0, 0, 0, 0, 0, 0, 0, 0, 0, 0, 1, 0, 0, 0, 0, 0, 0, 0, 0, 0], [0, 0, 0, 0, 0, 0, 0, 0, 0, 0, 0, 0, 0, 1, 0, 0, 0, 0, 0, 0, 0, 0], [0, 0, 0, 0, 0, 0, 0, 0, 0, 0, 0, 0, 0, 0, 1, 0, 0, 0, 0, 0, 0, 0], [0, 0, 0, 0, 0, 0, 0, 0, 0, 0, 0, 0, 0, 0, 0, 1, 0, 0, 0, 0, 0, 0], [0, 0, 0, 0, 0, 0, 0, 0, 0, 0, 0, 0, 0, 0, 0, 0, 1, 0, 0, 0, 0, 0], [0, 0, 0, 0, 0, 0, 0, 0, 0, 0, 0, 0, 0, 0, 0, 0, 0, 1, 0, 0, 0, 0], [0, 0, 0, 0, 0, 0, 0, 0, 0, 0, 0, 0, 0, 0, 0, 0, 0, 0, 1, 0, 0, 0], [0, 0, 0, 0, 0, 0, 0, 0, 0, 0, 0, 0, 0, 0, 0, 0, 0, 0, 0, 1, 0, 0], [0, 0, 0, 0, 0, 0, 0, 0, 0, 0, 0, 0, 0, 0, 0, 0, 0, 0, 0, 0, 1, 0], [0, 0, 0, 0, 0, 0, 0, 0, 0, 0, 0, 0, 0, 0, 0, 0, 0, 0, 0, 0, 0, 1]]
[[0, -1, 0, -1, 0, 0, 1, 0, 0, 0, 0, 0, 1, 0, -1, 0, 0, 1, 0, 0, 0, 0], [-1, 0, 0, 1, 0, 0, -1, 0, 0, 0, 0, 0, -1, 0, 1, 0, 0, -1, 0, 0, 0, 0], [2, 1, -2, -2, 2, -1, 2, 0, -2, 0, 0, -1, 3, -2, -5, -1, -1, 0, 1, -4, -1, 2], [4, 2, -2, -3, 2, 0, 2, 0, -4, 0, 0, -2, 4, -4, -6, -2, -2, 0, 0, -6, -2, 2], [-2, 0, 1, 3, -1, 0, -1, 0, 4, 0, 0, 2, -3, 4, 4, 2, 2, 1, 0, 6, 2, -2], [3, 2, -2, -2, 2, 0, 2, 0, -2, 0, 0, -1, 3, -2, -4, -1, -1, 0, 1, -4, -1, 2], [3, 2, -2, -2, 2, 0, 1, 0, -3, 0, 0, -2, 3, -3, -5, -1, -1, -1, 0, -5, -1, 2], [1, 0, -2, -2, 2, -1, 2, 1, -2, 0, 0, -1, 3, -2, -4, -1, -1, 0, 1, -4, -1, 2], [1, 0, -2, -2, 2, -1, 2, 0, -1, 0, 0, -1, 3, -2, -4, -1, -1, 0, 1, -4, -1, 2], [-3, -2, 0, 2, -1, -1, 0, 0, 3, 0, -1, 2, -2, 3, 3, 1, 1, 1, 0, 4, 1, -1], [-3, -2, 3, 3, -3, 1, -3, 0, 3, -1, 0, 2, -5, 3, 7, 1, 1, 0, -2, 6, 1, -3], [-2, -1, 0, 1, 0, -1, 0, 0, 1, 0, 0, 1, -1, 1, 1, 0, 0, 0, 1, 0, 0, 0], [0, 0, 0, 0, 0, 0, -1, 0, -1, 0, 0, -1, 0, -1, 0, -1, -1, -1, 0, -2, -1, 0], [-2, -2, 2, 2, -2, 1, -1, 0, 2, 0, 0, 2, -3, 3, 5, 1, 1, 0, -1, 5, 1, -2], [-2, -1, 1, 2, -2, 1, -2, 0, 2, 0, 0, 1, -3, 2, 4, 1, 1, 0, -1, 4, 1, -2], [-2, -3, 1, 0, -2, 1, 1, 0, 1, 0, 0, 2, -2, 1, 3, 1, 0, 1, -1, 4, 0, -2], [0, 1, 0, 1, 0, 0, -1, 0, 1, 0, 0, 0, 0, 1, 0, 1, 2, 0, 0, 1, 1, 0], [-1, -1, 1, 2, -2, 1, -1, 0, 2, 0, 0, 2, -3, 2, 4, 1, 1, 1, -1, 5, 1, -2], [3, 2, -1, -3, 2, 0, 1, 0, -3, 0, 0, -2, 4, -3, -5, -1, -1, 0, 1, -5, -1, 2], [0, 1, 1, 0, 0, 0, -1, 0, 0, 0, 0, -1, 0, 0, 0, 0, 0, 0, 0, 0, 0, 0], [3, 2, -2, -2, 2, -1, 1, 0, -3, 0, 0, -2, 2, -3, -4, -2, -2, -1, 1, -6, -1, 2], [-1, -1, 1, 0, -2, 1, 0, 0, 1, 0, 0, 1, -2, 1, 2, 0, 0, 1, -1, 3, 0, -1]]
[[0, -1, 0, 1, 0, -1, 0, 1, 2, -1, 0, 1, -1, 2, 1, 0, 1, 1, 0, 2, 1, 0], [0, 1, 0, 0, 0, 0, 0, 0, 0, 0, 0, 0, 0, 0, 0, 0, 0, 0, 0, 0, 0, 0], [0, 0, -1, -2, 0, 0, 2, -2, -2, 0, -2, 0, 2, -2, -2, 0, -2, 0, 0, -2, -2, 0], [2, 2, -2, -3, 0, 2, 2, -4, -6, 2, -2, -2, 4, -6, -4, 0, -4, -2, 0, -6, -4, 0], [0, 0, 0, 0, 1, 0, 0, 0, 0, 0, 0, 0, 0, 0, 0, 0, 0, 0, 0, 0, 0, 0], [1, 1, -2, -3, 0, 2, 2, -3, -4, 1, -2, -1, 3, -4, -3, 0, -3, -1, 0, -4, -3, 0], [2, 2, -1, -3, 0, 2, 2, -3, -5, 2, -1, -2, 3, -5, -3, 0, -3, -2, 0, -5, -3, 0], [-1, -1, -1, 0, 0, -1, 1, 1, 1, -1, -1, 1, 0, 1, 0, 0, 0, 1, 0, 1, 0, 0], [-1, -1, -1, 0, 0, -1, 1, 0, 2, -1, -1, 1, 0, 1, 0, 0, 0, 1, 0, 1, 0, 0], [-2, -2, 0, 2, 0, -2, 0, 2, 4, -1, 0, 2, -2, 4, 2, 0, 2, 2, 0, 4, 2, 0], [0, 0, 2, 2, 0, 0, -2, 2, 2, 0, 3, 0, -2, 2, 2, 0, 2, 0, 0, 2, 2, 0], [-1, -1, 0, 1, 0, -1, 0, 1, 2, -1, 0, 2, -1, 2, 1, 0, 1, 1, 0, 2, 1, 0], [0, 0, 1, 1, 0, 0, -1, 1, 1, 0, 1, 0, 0, 1, 1, 0, 1, 0, 0, 1, 1, 0], [-1, -1, 1, 2, 0, -1, -1, 2, 3, -1, 1, 1, -2, 4, 2, 0, 2, 1, 0, 3, 2, 0], [0, 0, 1, 1, 0, 0, -1, 1, 1, 0, 1, 0, -1, 1, 2, 0, 1, 0, 0, 1, 1, 0], [-2, -2, 0, 2, 0, -2, 0, 2, 4, -2, 0, 2, -2, 4, 2, 1, 2, 2, 0, 4, 2, 0], [1, 1, 0, -1, 0, 1, 0, -1, -2, 1, 0, -1, 1, -2, -1, 0, 0, -1, 0, -2, -1, 0], [0, 0, 0, 0, 0, 0, 0, 0, 0, 0, 0, 0, 0, 0, 0, 0, 0, 1, 0, 0, 0, 0], [1, 1, 0, -1, 0, 1, 0, -1, -2, 1, 0, -1, 1, -2, -1, 0, -1, -1, 1, -2, -1, 0], [1, 1, 1, 0, 0, 1, -1, 0, -1, 1, 1, -1, 0, -1, 0, 0, 0, -1, 0, 0, 0, 0], [1, 1, -1, -2, 0, 1, 1, -2, -3, 1, -1, -1, 2, -3, -2, 0, -2, -1, 0, -3, -1, 0], [0, 0, 0, 0, 0, 0, 0, 0, 0, 0, 0, 0, 0, 0, 0, 0, 0, 0, 0, 0, 0, 1]]
[[1, 0, 0, 0, 0, 0, 0, 0, 0, 0, 0, 0, 0, 0, 0, 0, 0, 0, 0, 0, 0, 0], [0, 1, 0, 0, 0, 0, 0, 0, 0, 0, 0, 0, 0, 0, 0, 0, 0, 0, 0, 0, 0, 0], [0, 0, 1, 0, 0, 0, 0, 0, 0, 0, 0, 0, 0, 0, 0, 0, 0, 0, 0, 0, 0, 0], [0, 0, 0, 1, 0, 0, 0, 0, 0, 0, 0, 0, 0, 0, 0, 0, 0, 0, 0, 0, 0, 0], [0, 0, 0, 0, 1, 0, 0, 0, 0, 0, 0, 0, 0, 0, 0, 0, 0, 0, 0, 0, 0, 0], [0, 0, 0, 0, 0, 1, 0, 0, 0, 0, 0, 0, 0, 0, 0, 0, 0, 0, 0, 0, 0, 0], [0, 0, 0, 0, 0, 0, 1, 0, 0, 0, 0, 0, 0, 0, 0, 0, 0, 0, 0, 0, 0, 0], [0, 0, 0, 0, 0, 0, 0, 1, 0, 0, 0, 0, 0, 0, 0, 0, 0, 0, 0, 0, 0, 0], [0, 0, 0, 0, 0, 0, 0, 0, 1, 0, 0, 0, 0, 0, 0, 0, 0, 0, 0, 0, 0, 0], [0, 0, 0, 0, 0, 0, 0, 0, 0, 1, 0, 0, 0, 0, 0, 0, 0, 0, 0, 0, 0, 0], [0, 0, 0, 0, 0, 0, 0, 0, 0, 0, 1, 0, 0, 0, 0, 0, 0, 0, 0, 0, 0, 0], [0, 0, 0, 0, 0, 0, 0, 0, 0, 0, 0, 1, 0, 0, 0, 0, 0, 0, 0, 0, 0, 0], [0, 0, 0, 0, 0, 0, 0, 0, 0, 0, 0, 0, 1, 0, 0, 0, 0, 0, 0, 0, 0, 0], [0, 0, 0, 0, 0, 0, 0, 0, 0, 0, 0, 0, 0, 1, 0, 0, 0, 0, 0, 0, 0, 0], [0, 0, 0, 0, 0, 0, 0, 0, 0, 0, 0, 0, 0, 0, 1, 0, 0, 0, 0, 0, 0, 0], [0, 0, 0, 0, 0, 0, 0, 0, 0, 0, 0, 0, 0, 0, 0, 1, 0, 0, 0, 0, 0, 0], [0, 0, 0, 0, 0, 0, 0, 0, 0, 0, 0, 0, 0, 0, 0, 0, 1, 0, 0, 0, 0, 0], [0, 0, 0, 0, 0, 0, 0, 0, 0, 0, 0, 0, 0, 0, 0, 0, 0, 1, 0, 0, 0, 0], [0, 0, 0, 0, 0, 0, 0, 0, 0, 0, 0, 0, 0, 0, 0, 0, 0, 0, 1, 0, 0, 0], [0, 0, 0, 0, 0, 0, 0, 0, 0, 0, 0, 0, 0, 0, 0, 0, 0, 0, 0, 1, 0, 0], [0, 0, 0, 0, 0, 0, 0, 0, 0, 0, 0, 0, 0, 0, 0, 0, 0, 0, 0, 0, 1, 0], [0, 0, 0, 0, 0, 0, 0, 0, 0, 0, 0, 0, 0, 0, 0, 0, 0, 0, 0, 0, 0, 1]]
[[1, -1, 0, 0, 0, 0, 0, 1, 1, -1, 0, 1, 0, 2, 0, -1, 1, 1, 0, 1, 1, 1], [0, 1, 0, 0, 0, 0, 0, 0, 0, 0, 0, 0, 0, 0, 0, 0, 0, 0, 0, 0, 0, 0], [-1, -1, 0, -1, -1, 1, 1, -1, -1, 0, -1, 1, 0, -1, 1, 1, -1, 0, 0, 1, -1, -1], [-1, 0, 0, -1, -2, 2, 0, -3, -2, 1, -1, -1, 0, -4, 1, 2, -2, -1, -1, 0, -2, -2], [-1, 0, 0, -1, 0, 1, 1, -2, -3, 2, -1, -1, 2, -4, 0, 3, -1, -1, -1, 0, -3, -3], [-1, 0, 0, -1, -1, 1, 1, -2, -2, 1, -1, 0, 1, -3, 0, 2, -1, 0, 0, 0, -2, -2], [0, 1, 1, -1, -1, 1, 0, -2, -2, 1, 0, -1, 0, -3, 0, 1, -1, -1, 0, -1, -1, -1], [0, -1, 0, 0, 0, -1, 0, 2, 2, -2, 0, 2, -1, 3, 0, -2, 1, 2, 1, 1, 2, 2], [0, -1, 0, 0, 0, 0, 0, 1, 1, -1, 0, 2, 0, 2, 0, -1, 1, 1, 1, 1, 1, 1], [-1, -1, -1, 0, 0, 0, 0, 0, 0, 0, -1, 1, 0, 1, 0, 0, 0, 0, 0, 1, 0, 0], [0, 1, 0, 1, 1, -1, -1, 0, 1, 0, 1, -2, 0, 0, -1, 0, 0, -1, -1, -1, 0, 0], [-1, -1, -1, 0, 0, 0, 0, 0, 1, -1, -1, 1, 0, 1, 0, 0, 0, 0, -1, 1, 0, 0], [1, 1, 0, 1, 1, -1, -1, 1, 2, -1, 1, 0, -1, 2, 0, -2, 0, 0, 1, -1, 2, 2], [0, 0, 0, 0, 0, 0, 0, 0, 0, 0, 0, 0, 0, 1, 0, 0, 0, 0, 0, 0, 0, 0], [0, 1, 0, 1, 1, -1, -1, 0, 0, 0, 0, -1, 0, 0, 0, 0, 0, -1, 0, -1, 0, 0], [0, -2, 0, 0, 0, 0, 0, 2, 1, -2, 0, 1, 0, 2, 0, -1, 0, 2, -1, 2, 0, 0], [0, 1, 0, 0, 0, 0, 0, -1, -1, 1, 0, -1, 0, -2, 0, 1, 0, -1, 0, -1, -1, -1], [-1, 0, -1, 0, 0, 1, 0, -1, -2, 1, -1, -1, 1, -2, 0, 2, -1, -1, -1, 0, -2, -2], [1, 0, 1, 0, 0, 0, 0, 1, 1, 0, 1, 0, 0, 1, 0, -1, 1, 1, 1, 0, 1, 1], [1, 1, 1, 0, 0, 0, 0, 0, 0, 1, 1, -1, 0, -1, 0, 0, 0, 0, 0, 0, 0, 0], [0, 0, 0, 0, 0, 0, 0, 0, 0, 0, 0, 0, 0, 0, 0, 0, 0, 0, 0, 0, 1, 0], [0, 0, 0, 0, 0, 0, 0, 0, -1, 0, 0, -1, 0, -2, 0, 0, -2, 0, -1, 0, -2, -1]]
[[3, 1, 0, -1, 0, 1, 1, 0, -1, 0, 0, 0, 1, 0, -1, -1, 0, 1, 0, -1, 0, 1], [-1, 0, 0, 0, 0, 0, 0, 0, 0, 0, 0, 0, 0, 0, 0, 1, 0, 0, 0, 1, 0, -1], [0, 0, 0, 0, 0, 1, 1, -1, -1, 1, -1, 1, 1, 1, 0, 1, 0, 0, 1, 0, 0, 0], [-2, 0, 0, 1, -1, 1, 0, -3, -1, 2, -2, 1, 0, 1, 2, 1, -1, -2, 1, 0, -1, -1], [-2, -2, 1, 2, 1, -3, -2, 4, 4, -2, 2, -1, -2, 1, 1, 1, 3, 1, -1, 3, 2, 0], [-1, 0, -1, 1, 0, 1, 0, -1, 0, 1, -1, 1, 0, 1, 1, 1, 0, -1, 1, 0, 0, 0], [-2, 1, -1, 1, 0, 0, 0, -3, -1, 2, -2, 1, 0, 1, 1, 1, 0, -3, 2, -2, 0, 0], [2, 1, -1, -1, 0, 2, 2, -1, -2, 1, -1, 1, 2, 0, -1, 0, -1, 1, 1, -1, -1, 0], [2, 1, -1, -1, 0, 2, 2, -1, -1, 1, -1, 1, 2, 1, -1, 0, 0, 1, 1, -1, 0, 1], [1, -1, 1, -1, 0, 0, 1, 2, 1, -1, 1, 0, 1, 0, -1, 0, 1, 3, -1, 2, 0, 0], [-1, -1, 2, 0, 0, -2, -2, 2, 2, -2, 3, -2, -2, -2, 0, -1, 0, 0, -2, 1, 0, -1], [1, -1, 1, -1, -1, 1, 1, 1, 0, 0, 1, 0, 0, 0, 0, 0, 0, 2, -1, 2, 0, -1], [1, 1, -1, -1, 0, 1, 1, -2, -2, 1, -1, 0, 1, -1, -1, -1, -2, -1, 0, -2, -1, 0], [1, 0, 1, 0, 1, -1, -1, 2, 1, -2, 2, -1, 0, -1, -1, -1, 0, 1, -1, 0, 0, 0], [-1, -1, 1, 0, 0, -1, -1, 1, 1, -1, 1, -1, -1, -1, 1, 0, 0, 0, -1, 1, 0, -1], [2, 0, 2, -1, 0, 1, 0, 1, 0, -1, 2, -1, 1, -2, 0, 0, -1, 2, -1, 1, -1, -1], [-2, -1, 0, 1, 0, -1, -1, 1, 1, 0, 0, 0, -1, 1, 1, 1, 2, -1, 0, 1, 1, 0], [-1, -2, 2, 0, 0, -1, -1, 3, 2, -2, 2, -1, -1, -1, 1, 0, 0, 2, -2, 3, 0, -1], [1, 2, -2, 0, 0, 1, 1, -2, -2, 2, -2, 1, 0, 1, 0, -1, -1, -2, 2, -3, 0, 2], [-1, 1, -1, 1, 0, -1, -1, -1, 0, 1, -1, 0, -1, 1, 0, 0, 1, -2, 1, -1, 1, 1], [0, 0, -1, 0, 0, 0, 1, -1, 0, 0, -1, 1, 0, 0, 0, 0, -1, 0, 0, 0, 0, 0], [0, 0, 1, 0, 0, 0, -1, 0, 0, 0, 1, -1, 0, -1, 0, 0, 0, 0, 0, 0, 0, 0]]
[[1, 0, 0, 0, 0, 0, 0, 0, 0, 0, 0, 0, 0, 0, 0, 0, 0, 0, 0, 0, 0, 0], [0, 1, 0, 0, 0, 0, 0, 0, 0, 0, 0, 0, 0, 0, 0, 0, 0, 0, 0, 0, 0, 0], [0, 0, 1, 0, 0, 0, 0, 0, 0, 0, 0, 0, 0, 0, 0, 0, 0, 0, 0, 0, 0, 0], [0, 0, 0, 1, 0, 0, 0, 0, 0, 0, 0, 0, 0, 0, 0, 0, 0, 0, 0, 0, 0, 0], [0, 0, 0, 0, 1, 0, 0, 0, 0, 0, 0, 0, 0, 0, 0, 0, 0, 0, 0, 0, 0, 0], [0, 0, 0, 0, 0, 1, 0, 0, 0, 0, 0, 0, 0, 0, 0, 0, 0, 0, 0, 0, 0, 0], [0, 0, 0, 0, 0, 0, 1, 0, 0, 0, 0, 0, 0, 0, 0, 0, 0, 0, 0, 0, 0, 0], [0, 0, 0, 0, 0, 0, 0, 1, 0, 0, 0, 0, 0, 0, 0, 0, 0, 0, 0, 0, 0, 0], [0, 0, 0, 0, 0, 0, 0, 0, 1, 0, 0, 0, 0, 0, 0, 0, 0, 0, 0, 0, 0, 0], [0, 0, 0, 0, 0, 0, 0, 0, 0, 1, 0, 0, 0, 0, 0, 0, 0, 0, 0, 0, 0, 0], [0, 0, 0, 0, 0, 0, 0, 0, 0, 0, 1, 0, 0, 0, 0, 0, 0, 0, 0, 0, 0, 0], [0, 0, 0, 0, 0, 0, 0, 0, 0, 0, 0, 1, 0, 0, 0, 0, 0, 0, 0, 0, 0, 0], [0, 0, 0, 0, 0, 0, 0, 0, 0, 0, 0, 0, 1, 0, 0, 0, 0, 0, 0, 0, 0, 0], [0, 0, 0, 0, 0, 0, 0, 0, 0, 0, 0, 0, 0, 1, 0, 0, 0, 0, 0, 0, 0, 0], [0, 0, 0, 0, 0, 0, 0, 0, 0, 0, 0, 0, 0, 0, 1, 0, 0, 0, 0, 0, 0, 0], [0, 0, 0, 0, 0, 0, 0, 0, 0, 0, 0, 0, 0, 0, 0, 1, 0, 0, 0, 0, 0, 0], [0, 0, 0, 0, 0, 0, 0, 0, 0, 0, 0, 0, 0, 0, 0, 0, 1, 0, 0, 0, 0, 0], [0, 0, 0, 0, 0, 0, 0, 0, 0, 0, 0, 0, 0, 0, 0, 0, 0, 1, 0, 0, 0, 0], [0, 0, 0, 0, 0, 0, 0, 0, 0, 0, 0, 0, 0, 0, 0, 0, 0, 0, 1, 0, 0, 0], [0, 0, 0, 0, 0, 0, 0, 0, 0, 0, 0, 0, 0, 0, 0, 0, 0, 0, 0, 1, 0, 0], [0, 0, 0, 0, 0, 0, 0, 0, 0, 0, 0, 0, 0, 0, 0, 0, 0, 0, 0, 0, 1, 0], [0, 0, 0, 0, 0, 0, 0, 0, 0, 0, 0, 0, 0, 0, 0, 0, 0, 0, 0, 0, 0, 1]]
[[1, 0, 0, 0, 0, 0, 0, 0, 0, 0, 0, 0, 0, 0, 0, 0, 0, 0, 0, 0, 0, 0], [0, 1, 0, 0, 0, 0, 0, 0, 0, 0, 0, 0, 0, 0, 0, 0, 0, 0, 0, 0, 0, 0], [0, 0, 1, 0, 0, 0, 0, 0, 0, 0, 0, 0, 0, 0, 0, 0, 0, 0, 0, 0, 0, 0], [0, 0, 0, 1, 0, 0, 0, 0, 0, 0, 0, 0, 0, 0, 0, 0, 0, 0, 0, 0, 0, 0], [0, 0, 0, 0, 1, 0, 0, 0, 0, 0, 0, 0, 0, 0, 0, 0, 0, 0, 0, 0, 0, 0], [0, 0, 0, 0, 0, 1, 0, 0, 0, 0, 0, 0, 0, 0, 0, 0, 0, 0, 0, 0, 0, 0], [0, 0, 0, 0, 0, 0, 1, 0, 0, 0, 0, 0, 0, 0, 0, 0, 0, 0, 0, 0, 0, 0], [0, 0, 0, 0, 0, 0, 0, 1, 0, 0, 0, 0, 0, 0, 0, 0, 0, 0, 0, 0, 0, 0], [0, 0, 0, 0, 0, 0, 0, 0, 1, 0, 0, 0, 0, 0, 0, 0, 0, 0, 0, 0, 0, 0], [0, 0, 0, 0, 0, 0, 0, 0, 0, 1, 0, 0, 0, 0, 0, 0, 0, 0, 0, 0, 0, 0], [0, 0, 0, 0, 0, 0, 0, 0, 0, 0, 1, 0, 0, 0, 0, 0, 0, 0, 0, 0, 0, 0], [0, 0, 0, 0, 0, 0, 0, 0, 0, 0, 0, 1, 0, 0, 0, 0, 0, 0, 0, 0, 0, 0], [0, 0, 0, 0, 0, 0, 0, 0, 0, 0, 0, 0, 1, 0, 0, 0, 0, 0, 0, 0, 0, 0], [0, 0, 0, 0, 0, 0, 0, 0, 0, 0, 0, 0, 0, 1, 0, 0, 0, 0, 0, 0, 0, 0], [0, 0, 0, 0, 0, 0, 0, 0, 0, 0, 0, 0, 0, 0, 1, 0, 0, 0, 0, 0, 0, 0], [0, 0, 0, 0, 0, 0, 0, 0, 0, 0, 0, 0, 0, 0, 0, 1, 0, 0, 0, 0, 0, 0], [0, 0, 0, 0, 0, 0, 0, 0, 0, 0, 0, 0, 0, 0, 0, 0, 1, 0, 0, 0, 0, 0], [0, 0, 0, 0, 0, 0, 0, 0, 0, 0, 0, 0, 0, 0, 0, 0, 0, 1, 0, 0, 0, 0], [0, 0, 0, 0, 0, 0, 0, 0, 0, 0, 0, 0, 0, 0, 0, 0, 0, 0, 1, 0, 0, 0], [0, 0, 0, 0, 0, 0, 0, 0, 0, 0, 0, 0, 0, 0, 0, 0, 0, 0, 0, 1, 0, 0], [0, 0, 0, 0, 0, 0, 0, 0, 0, 0, 0, 0, 0, 0, 0, 0, 0, 0, 0, 0, 1, 0], [0, 0, 0, 0, 0, 0, 0, 0, 0, 0, 0, 0, 0, 0, 0, 0, 0, 0, 0, 0, 0, 1]]
[[1, 1, 0, 0, 0, 0, -1, 0, -1, 0, 0, -1, 0, -1, 0, 0, 0, -1, 0, -1, 0, 0], [0, 0, 0, 0, 0, 0, 1, 0, 1, 0, 0, 1, 0, 1, 0, 0, 0, 1, 0, 1, 0, 0], [1, 0, 1, -1, -1, 1, -1, 1, -1, -1, 1, -2, 0, -4, 0, 0, -1, 1, -2, 0, -1, -1], [1, 0, 0, -1, -1, 1, 0, 0, -1, -1, 1, -2, 0, -5, -1, 1, -1, 1, -2, 0, -1, -1], [-1, -1, 0, 1, 0, 0, 0, 1, 0, 1, -1, 2, -1, 4, 2, -1, 1, 0, 1, 1, 1, 1], [1, -1, 0, -1, -1, 1, 0, 2, -1, -1, 1, -2, 0, -4, -1, 0, -1, 2, -3, 1, -1, -1], [1, -1, 0, -1, -1, 1, 1, 1, 0, -1, 1, -1, 0, -3, 0, 0, -1, 2, -2, 1, -1, -1], [1, 0, 1, -1, -1, 1, -1, 1, 0, -1, 1, -2, 0, -3, 0, 0, -1, 1, -2, 1, -1, -1], [1, 0, 1, -1, -1, 1, -1, 2, -1, -1, 1, -2, 0, -3, 0, 0, -1, 1, -2, 1, -1, -1], [0, 1, 1, 0, 0, 1, -1, 0, -1, 1, 0, 0, 0, 1, 1, 0, 0, -1, 1, 0, 0, 0], [-2, 1, -1, 2, 2, -2, 1, -3, 2, 2, -1, 3, 0, 6, 0, 0, 2, -3, 4, -2, 2, 2], [0, 1, 1, 0, 0, 0, -1, -1, 0, 0, 0, 0, 0, 0, 0, 0, 0, -1, 0, 0, 0, 0], [0, 0, 0, -1, 0, 0, 1, -1, 0, 0, 0, 0, 1, -1, -1, 1, 0, 0, 0, 0, 0, 0], [-1, 1, -1, 1, 1, -1, 0, -2, 1, 1, -1, 1, 0, 3, 0, 0, 1, -2, 2, -2, 1, 1], [-1, 0, 0, 1, 1, -1, 1, -1, 1, 1, -1, 2, 0, 4, 1, 0, 1, -1, 2, 0, 1, 1], [-1, 2, 0, 2, 1, -1, -2, -2, 1, 1, -1, 0, 0, 3, 1, 0, 1, -3, 2, -2, 1, 1], [0, -1, 0, 0, 0, 0, 1, 1, 0, 0, 0, 1, -1, 1, 1, -1, -1, 1, 0, 1, 0, 0], [-1, 1, 0, 1, 1, -1, 0, -1, 0, 1, -1, 1, 0, 3, 0, 0, 1, -1, 2, -1, 1, 1], [1, -1, 0, -1, -1, 0, 0, 2, -1, -1, 1, -2, 0, -4, -1, 0, -1, 2, -2, 1, -1, -1], [0, -1, -1, 0, 0, 0, 1, 1, 0, 0, 0, 1, 0, 0, 0, 0, 0, 1, 0, 1, 0, 0], [1, -1, 1, -1, -1, 1, 0, 1, 0, -1, 1, -1, 1, -2, -1, 1, 1, 2, -2, 2, 0, -1], [0, 1, -1, 1, 2, -1, 0, 0, 0, 0, 0, 0, 1, 0, -1, 0, 0, -1, 1, -2, 0, 1]]
[[0, 1, 0, 0, 1, -1, 0, 0, 0, 0, 0, 0, 0, 0, 0, -1, -1, -1, 1, -2, 0, 1], [0, -1, 0, 0, 0, 0, 0, 0, 0, 0, 0, 0, 0, 0, 0, 0, 0, 0, 0, 0, 0, 0], [3, 2, -1, 0, 0, 1, 0, 0, -2, 0, 0, -2, 1, -4, -2, 1, 0, 1, -3, 0, -1, -1], [4, 2, -2, -1, 0, 2, 2, 0, -4, 0, 0, -2, 2, -6, -4, 2, 0, 2, -4, 0, -2, -2], [-2, 0, 0, 2, -1, 0, -2, 0, 3, 0, -1, 2, -2, 5, 3, 0, 2, 0, 1, 3, 2, 0], [3, 2, -2, 0, 0, 2, 0, 0, -2, 0, 0, -2, 1, -4, -2, 1, 0, 1, -3, 0, -1, -1], [2, 0, -2, 0, 0, 1, 1, 1, -1, -1, 0, -1, 1, -3, -2, 1, 0, 2, -3, 1, -1, -1], [2, 1, 0, 0, 1, 0, 0, 1, -1, 0, 1, -2, 1, -3, -1, 0, -1, 0, -1, -1, -1, 0], [2, 2, -1, 0, 1, 0, 0, 0, -1, 0, 0, -2, 1, -3, -1, 0, -1, 0, -1, -2, -1, 0], [0, 1, 1, 0, 0, 0, 0, 0, 0, 1, 0, 0, 0, 1, 1, 0, 0, 0, 1, 0, 0, 0], [-4, -3, 2, 0, -1, -1, 0, -1, 2, 1, 0, 3, -2, 6, 3, -1, 1, -2, 4, 0, 2, 1], [1, 1, 1, 0, 0, 0, 0, -1, -1, 1, 0, 0, 0, 0, 1, 0, 0, -1, 1, -1, 0, 0], [0, -1, 0, -1, 0, 0, 1, 0, -1, 0, 0, 0, 1, -1, -1, 0, 0, 0, 0, -1, -1, 0], [-2, -1, 1, 0, 0, -1, 0, -1, 1, 1, 0, 1, -1, 3, 1, -1, 0, -2, 2, -1, 1, 1], [-2, -2, 1, 0, -1, 0, 0, 0, 2, 0, 0, 2, -1, 3, 2, 0, 1, 0, 1, 2, 1, 0], [-1, 1, 1, 0, 0, -1, 0, -2, 0, 2, 0, 0, -1, 1, 1, 0, 0, -3, 2, -2, 1, 1], [-1, -1, 0, 1, 0, 0, -1, 1, 2, -1, 0, 1, 0, 2, 1, 0, 1, 1, 0, 2, 1, 0], [-1, 0, 1, 0, -1, 0, 0, -1, 1, 1, 0, 1, -1, 2, 1, 0, 1, 0, 1, 1, 1, 0], [1, 1, -2, 0, 1, 0, 0, 1, -1, -1, 0, -1, 1, -3, -2, 0, -1, 1, -1, -1, -1, 0], [-1, -1, -1, 0, 0, 0, 0, 1, 0, -1, -1, 1, 0, 1, 0, 0, 0, 1, 0, 1, 0, 0], [1, 0, 0, 0, 0, 0, 0, 1, 0, -1, 1, -1, 0, -2, -1, 0, 0, 1, -1, 0, -1, 0], [0, 0, 0, -1, -1, 1, 1, -1, -1, 1, -1, 1, 0, 1, 0, 1, 1, 0, 0, 1, 1, 0]]
[[0, 0, 0, 1, 0, -1, -1, 0, 1, 0, 0, 0, -1, 1, 1, -1, 0, -1, 1, -1, 1, 1], [0, 0, 1, 0, 0, 0, 0, 1, 1, -1, 1, 0, 0, 0, 0, 0, 0, 1, 0, 1, 0, 0], [1, 2, -1, -1, 0, 1, 1, -2, -3, 2, -2, 0, 1, -1, -1, 1, 0, -1, -1, -1, -1, -1], [2, 2, -2, -1, 0, 2, 2, -2, -4, 2, -2, 0, 2, -2, -2, 2, 0, 0, -2, 0, -2, -2], [0, 1, -1, 0, 1, 0, 0, -1, -1, 1, -1, 0, 0, 0, 0, 0, 0, -1, 0, -1, 0, 0], [1, 2, -2, -1, 0, 2, 1, -2, -3, 2, -2, 0, 1, -1, -1, 1, 0, -1, -1, -1, -1, -1], [1, 1, -1, -1, 0, 1, 2, -1, -2, 1, -1, 0, 1, -1, -1, 1, 0, 0, -1, 0, -1, -1], [0, 0, 0, 0, 0, 0, 0, 1, 0, 0, 0, 0, 0, 0, 0, 0, 0, 0, 0, 0, 0, 0], [0, 1, -1, 0, 0, 0, 0, -1, 0, 1, -1, 0, 0, 0, 0, 0, 0, -1, 0, -1, 0, 0], [0, 0, 0, 0, 0, 0, 0, 0, 0, 1, 0, 0, 0, 0, 0, 0, 0, 0, 0, 0, 0, 0], [-1, -2, 2, 1, 0, -1, -1, 2, 3, -2, 3, 0, -1, 1, 1, -1, 0, 1, 1, 1, 1, 1], [0, 0, 0, 0, 0, 0, 0, 0, 0, 0, 0, 1, 0, 0, 0, 0, 0, 0, 0, 0, 0, 0], [0, -1, 1, 0, 0, 0, 0, 1, 1, -1, 1, 0, 1, 0, 0, 0, 0, 1, 0, 1, 0, 0], [-1, -1, 1, 1, 0, -1, -1, 1, 2, -1, 1, 0, -1, 2, 1, -1, 0, 0, 1, 0, 1, 1], [0, -1, 1, 0, 0, 0, 0, 1, 1, -1, 1, 0, 0, 0, 1, 0, 0, 1, 0, 1, 0, 0], [-1, 0, 0, 1, 0, -1, -1, 0, 1, 0, 0, 0, -1, 1, 1, 0, 0, -1, 1, -1, 1, 1], [0, 0, 0, 0, 0, 0, 0, 0, 0, 0, 0, 0, 0, 0, 0, 0, 1, 0, 0, 0, 0, 0], [0, 0, 0, 0, 0, 0, 0, 0, 0, 0, 0, 0, 0, 0, 0, 0, 0, 1, 0, 0, 0, 0], [0, 1, -1, 0, 0, 0, 0, -1, -1, 1, -1, 0, 0, 0, 0, 0, 0, -1, 1, -1, 0, 0], [0, 0, 0, 0, 0, 0, 0, 0, 0, 0, 0, 0, 0, 0, 0, 0, 0, 0, 0, 1, 0, 0], [1, 0, 0, -1, 0, 1, 1, 0, -1, 0, 0, 0, 1, -1, -1, 1, 0, 1, -1, 1, 0, -1], [0, 0, 0, 0, 0, 0, 0, 0, 0, 0, 0, 0, 0, 0, 0, 0, 0, 0, 0, 0, 0, 1]]
[[1, 0, 0, 0, 0, 0, 0, 0, 0, 0, 0, 0, 0, 0, 0, 0, 0, 0, 0, 0, 0, 0], [0, 1, 0, 0, 0, 0, 0, 0, 0, 0, 0, 0, 0, 0, 0, 0, 0, 0, 0, 0, 0, 0], [0, 0, 1, 0, 0, 0, 0, 0, 0, 0, 0, 0, 0, 0, 0, 0, 0, 0, 0, 0, 0, 0], [0, 0, 0, 1, 0, 0, 0, 0, 0, 0, 0, 0, 0, 0, 0, 0, 0, 0, 0, 0, 0, 0], [0, 0, 0, 0, 1, 0, 0, 0, 0, 0, 0, 0, 0, 0, 0, 0, 0, 0, 0, 0, 0, 0], [0, 0, 0, 0, 0, 1, 0, 0, 0, 0, 0, 0, 0, 0, 0, 0, 0, 0, 0, 0, 0, 0], [0, 0, 0, 0, 0, 0, 1, 0, 0, 0, 0, 0, 0, 0, 0, 0, 0, 0, 0, 0, 0, 0], [0, 0, 0, 0, 0, 0, 0, 1, 0, 0, 0, 0, 0, 0, 0, 0, 0, 0, 0, 0, 0, 0], [0, 0, 0, 0, 0, 0, 0, 0, 1, 0, 0, 0, 0, 0, 0, 0, 0, 0, 0, 0, 0, 0], [0, 0, 0, 0, 0, 0, 0, 0, 0, 1, 0, 0, 0, 0, 0, 0, 0, 0, 0, 0, 0, 0], [0, 0, 0, 0, 0, 0, 0, 0, 0, 0, 1, 0, 0, 0, 0, 0, 0, 0, 0, 0, 0, 0], [0, 0, 0, 0, 0, 0, 0, 0, 0, 0, 0, 1, 0, 0, 0, 0, 0, 0, 0, 0, 0, 0], [0, 0, 0, 0, 0, 0, 0, 0, 0, 0, 0, 0, 1, 0, 0, 0, 0, 0, 0, 0, 0, 0], [0, 0, 0, 0, 0, 0, 0, 0, 0, 0, 0, 0, 0, 1, 0, 0, 0, 0, 0, 0, 0, 0], [0, 0, 0, 0, 0, 0, 0, 0, 0, 0, 0, 0, 0, 0, 1, 0, 0, 0, 0, 0, 0, 0], [0, 0, 0, 0, 0, 0, 0, 0, 0, 0, 0, 0, 0, 0, 0, 1, 0, 0, 0, 0, 0, 0], [0, 0, 0, 0, 0, 0, 0, 0, 0, 0, 0, 0, 0, 0, 0, 0, 1, 0, 0, 0, 0, 0], [0, 0, 0, 0, 0, 0, 0, 0, 0, 0, 0, 0, 0, 0, 0, 0, 0, 1, 0, 0, 0, 0], [0, 0, 0, 0, 0, 0, 0, 0, 0, 0, 0, 0, 0, 0, 0, 0, 0, 0, 1, 0, 0, 0], [0, 0, 0, 0, 0, 0, 0, 0, 0, 0, 0, 0, 0, 0, 0, 0, 0, 0, 0, 1, 0, 0], [0, 0, 0, 0, 0, 0, 0, 0, 0, 0, 0, 0, 0, 0, 0, 0, 0, 0, 0, 0, 1, 0], [0, 0, 0, 0, 0, 0, 0, 0, 0, 0, 0, 0, 0, 0, 0, 0, 0, 0, 0, 0, 0, 1]]

#################
# GALOIS GROUPS #
#################

Generators of the monodromy group on the generic Picard lattice:
[[0, 0, 0, 0, 1, 0, 0, 1, 0, 0, 1, 0, 0, -1, 0, 0], [1, 1, -1, 0, 0, 0, 1, 0, -1, 1, -1, 0, 0, 0, 0, 1], [0, -1, 2, -1, 0, 0, -1, 1, 1, 0, 2, -1, 0, 0, -1, 0], [0, 0, 0, -1, 0, 0, 0, 0, 0, 0, 0, 0, 0, 0, 0, 0], [0, -1, 2, -1, -1, 1, 0, -1, 0, 0, 1, 0, 1, 0, 0, -1], [0, -1, 3, -1, 0, -1, -1, 1, 1, -1, 2, -1, 0, 0, -1, 0], [0, -1, 1, -1, 0, -1, 0, 1, 1, -1, 1, 0, 0, 0, -1, 1], [0, 0, 1, -1, 1, -1, -1, 2, 0, 0, 1, -1, 0, -1, -1, 1], [0, -1, 2, -1, 1, -1, -1, 2, 0, 0, 2, -1, 0, -1, -1, 0], [0, 0, 0, 0, 0, 1, -1, 0, -1, 1, 0, 0, 0, 0, 0, -1], [1, 2, -4, 2, -1, 2, 2, -3, -2, 1, -4, 2, 0, 1, 2, 0], [-1, -1, 0, 0, 0, 0, -1, 1, 0, 0, 0, -1, 0, 0, 0, 0], [0, 1, -2, 1, -1, 1, 1, -2, -1, 1, -2, 1, -1, 1, 1, 0], [0, 1, -2, 1, -1, 1, 1, -2, -1, 1, -2, 1, 0, 0, 1, 0], [1, 2, -2, 1, 0, 2, 1, -2, -2, 2, -2, 1, 0, -1, 1, 0], [-2, -1, 0, 1, -1, 0, -1, -2, 1, 0, -1, 0, 0, 1, 1, -2]]
[[1, 0, 0, 0, 0, 0, 0, 0, 0, 0, 0, 0, 0, 0, 0, 0], [0, 1, 0, 0, 0, 0, 0, 0, 0, 0, 0, 0, 0, 0, 0, 0], [0, 0, 1, 0, 0, 0, 0, 0, 0, 0, 0, 0, 0, 0, 0, 0], [0, 0, 0, 1, 0, 0, 0, 0, 0, 0, 0, 0, 0, 0, 0, 0], [0, 0, 0, 0, 1, 0, 0, 0, 0, 0, 0, 0, 0, 0, 0, 0], [0, 0, 0, 0, 0, 1, 0, 0, 0, 0, 0, 0, 0, 0, 0, 0], [0, 0, 0, 0, 0, 0, 1, 0, 0, 0, 0, 0, 0, 0, 0, 0], [0, 0, 0, 0, 0, 0, 0, 1, 0, 0, 0, 0, 0, 0, 0, 0], [0, 0, 0, 0, 0, 0, 0, 0, 1, 0, 0, 0, 0, 0, 0, 0], [0, 0, 0, 0, 0, 0, 0, 0, 0, 1, 0, 0, 0, 0, 0, 0], [0, 0, 0, 0, 0, 0, 0, 0, 0, 0, 1, 0, 0, 0, 0, 0], [0, 0, 0, 0, 0, 0, 0, 0, 0, 0, 0, 1, 0, 0, 0, 0], [0, 0, 0, 0, 0, 0, 0, 0, 0, 0, 0, 0, 1, 0, 0, 0], [0, 0, 0, 0, 0, 0, 0, 0, 0, 0, 0, 0, 0, 1, 0, 0], [0, 0, 0, 0, 0, 0, 0, 0, 0, 0, 0, 0, 0, 0, 1, 0], [0, 0, 0, 0, 0, 0, 0, 0, 0, 0, 0, 0, 0, 0, 0, 1]]
[[1, 0, 0, 0, 0, 0, 0, 0, 0, 0, 0, 0, 0, 0, 0, 0], [0, 1, 0, 1, 0, 0, 0, 0, 0, 0, 0, 0, -1, 1, 0, 0], [0, 0, 1, 0, 0, 0, 0, 0, 0, 0, 0, 0, 0, 0, 0, 0], [0, 0, 0, 1, 0, 0, 0, 0, 0, 0, 0, 0, 0, 0, 0, 0], [0, 0, 0, -2, 1, 0, 0, 0, 0, 0, 0, 0, 2, -2, 0, 0], [0, 0, 0, 0, 0, 1, 0, 0, 0, 0, 0, 0, 0, 0, 0, 0], [0, 0, 0, 0, 0, 0, 1, 0, 0, 0, 0, 0, 0, 0, 0, 0], [0, 0, 0, 1, 0, 0, 0, 1, 0, 0, 0, 0, -1, 1, 0, 0], [0, 0, 0, 1, 0, 0, 0, 0, 1, 0, 0, 0, -1, 1, 0, 0], [0, 0, 0, 0, 0, 0, 0, 0, 0, 1, 0, 0, 0, 0, 0, 0], [0, 0, 0, 0, 0, 0, 0, 0, 0, 0, 1, 0, 0, 0, 0, 0], [0, 0, 0, 1, 0, 0, 0, 0, 0, 0, 0, 1, -1, 1, 0, 0], [0, 0, 0, 1, 0, 0, 0, 0, 0, 0, 0, 0, 0, 1, 0, 0], [0, 0, 0, -1, 0, 0, 0, 0, 0, 0, 0, 0, 1, 0, 0, 0], [0, 0, 0, 0, 0, 0, 0, 0, 0, 0, 0, 0, 0, 0, 1, 0], [0, 0, 0, -1, 0, 0, 0, 0, 0, 0, 0, 0, 1, -1, 0, 1]]
[[2, 1, -1, 0, 0, 1, 1, 0, -1, 0, 0, 0, 0, -1, 0, 1], [-1, 0, 0, 1, 0, -1, 0, 0, 1, 0, 0, 0, -1, 1, 0, 0], [-2, -3, 2, 0, 0, -2, -1, 2, 3, -3, 2, -1, 0, 0, -1, 1], [0, 0, 0, 1, 0, 0, 0, 0, 0, 0, 0, 0, 0, 0, 0, 0], [0, -1, 0, -1, -1, 2, 0, -1, 0, 0, 0, 1, 1, 0, 0, 0], [-3, -4, 2, 0, 0, -2, -2, 2, 4, -3, 2, -1, 0, 1, -1, 0], [-1, -2, 2, 0, 0, -1, -1, 2, 2, -1, 2, -1, 0, 1, -1, 0], [-3, -3, 2, 1, 0, -3, -2, 2, 4, -3, 2, -2, -1, 1, -1, 0], [-1, -2, 1, 1, 0, -1, -1, 2, 3, -3, 2, -1, -1, 1, -1, 1], [0, 0, 0, 0, 0, 0, 0, 0, 0, -1, 0, 0, 0, 0, 0, 0], [2, 4, -2, 0, 0, 2, 2, -4, -4, 4, -3, 2, 0, 0, 2, -2], [0, 1, 0, 1, 0, 0, 0, -1, 0, 0, 0, 0, -1, 0, 0, 0], [2, 3, -2, 1, 0, 2, 2, -2, -3, 3, -2, 1, 0, 0, 1, 0], [2, 3, -2, -1, 0, 2, 2, -2, -3, 3, -2, 1, 1, -1, 1, 0], [-2, -1, 1, 0, 0, -2, -1, -1, 2, -2, 0, -1, 0, 0, 1, -1], [1, 2, -1, -1, 0, 1, 1, -2, -2, 1, -2, 1, 1, -1, 1, 0]]
[[1, 0, 0, 0, 0, 0, 0, 0, 0, 0, 0, 0, 0, 0, 0, 0], [0, 1, 0, 0, 0, 0, 0, 0, 0, 0, 0, 0, 0, 0, 0, 0], [0, 0, 1, 0, 0, 0, 0, 0, 0, 0, 0, 0, 0, 0, 0, 0], [0, 0, 0, 1, 0, 0, 0, 0, 0, 0, 0, 0, 0, 0, 0, 0], [0, 0, 0, 0, 1, 0, 0, 0, 0, 0, 0, 0, 0, 0, 0, 0], [0, 0, 0, 0, 0, 1, 0, 0, 0, 0, 0, 0, 0, 0, 0, 0], [0, 0, 0, 0, 0, 0, 1, 0, 0, 0, 0, 0, 0, 0, 0, 0], [0, 0, 0, 0, 0, 0, 0, 1, 0, 0, 0, 0, 0, 0, 0, 0], [0, 0, 0, 0, 0, 0, 0, 0, 1, 0, 0, 0, 0, 0, 0, 0], [0, 0, 0, 0, 0, 0, 0, 0, 0, 1, 0, 0, 0, 0, 0, 0], [0, 0, 0, 0, 0, 0, 0, 0, 0, 0, 1, 0, 0, 0, 0, 0], [0, 0, 0, 0, 0, 0, 0, 0, 0, 0, 0, 1, 0, 0, 0, 0], [0, 0, 0, 0, 0, 0, 0, 0, 0, 0, 0, 0, 1, 0, 0, 0], [0, 0, 0, 0, 0, 0, 0, 0, 0, 0, 0, 0, 0, 1, 0, 0], [0, 0, 0, 0, 0, 0, 0, 0, 0, 0, 0, 0, 0, 0, 1, 0], [0, 0, 0, 0, 0, 0, 0, 0, 0, 0, 0, 0, 0, 0, 0, 1]]
[[-2, -1, 1, 1, -1, 0, -2, -1, 1, 0, 0, 0, -1, 2, 0, -2], [2, 1, 0, 0, 0, 1, 1, 0, -1, 0, 0, 0, 0, 0, 0, 1], [2, 2, -1, 0, 0, 2, 1, 0, -3, 2, -1, 1, 0, 0, 0, 0], [0, 0, 0, 1, 0, 0, 0, 0, 0, 0, 0, 0, 0, 0, 0, 0], [2, 2, -2, -2, 1, 1, 2, 0, -2, 2, -1, 1, 2, -2, 0, 1], [2, 2, -2, 0, 0, 2, 2, 0, -2, 2, -1, 1, 0, 0, 0, 1], [0, 0, 0, 0, 0, 0, 1, 0, 0, 0, 0, 0, 0, 0, 0, 0], [-1, -1, 1, 1, -1, 1, -1, 0, 0, 0, 0, 0, -1, 2, 0, -1], [1, 1, -1, 1, -1, 3, 0, -1, -2, 2, -1, 1, -1, 2, 0, -1], [0, 0, 0, 0, 0, 1, -1, 0, -1, 1, 0, 0, 0, 0, 0, -1], [-1, -1, 1, -1, 1, -3, -1, 1, 2, -2, 1, -2, 1, -2, 0, 1], [0, 0, 0, 0, 0, 0, -1, 0, -1, 0, -1, 0, 0, 0, 0, 0], [-1, -1, 1, 1, 1, -2, -1, 1, 2, -2, 1, -1, 0, 0, 0, 0], [-1, -1, 1, -1, 1, -2, -1, 1, 2, -2, 1, -1, 1, -1, 0, 0], [-3, -3, 3, -1, 0, -2, -4, 3, 2, -2, 2, -2, 0, 1, -1, -1], [1, 1, -1, -1, 1, 0, 0, 1, -1, 0, 0, 0, 1, -2, 0, 1]]
[[1, 0, 0, 0, 0, 0, 0, 0, 0, 0, 0, 0, 0, 0, 0, 0], [0, 1, 0, 0, 0, 0, 0, 0, 0, 0, 0, 0, 0, 0, 0, 0], [0, 0, 1, -1, 0, 0, 0, 0, 0, 0, 0, 0, 0, 0, 0, 0], [0, 0, 0, -1, 0, 0, 0, 0, 0, 0, 0, 0, 0, 0, 0, 0], [0, 0, 0, 1, 1, 0, 0, 0, 0, 0, 0, 0, 0, 0, 0, 0], [0, 0, 0, 0, 0, 1, 0, 0, 0, 0, 0, 0, 0, 0, 0, 0], [0, 0, 0, -1, 0, 0, 1, 0, 0, 0, 0, 0, 0, 0, 0, 0], [0, 0, 0, -1, 0, 0, 0, 1, 0, 0, 0, 0, 0, 0, 0, 0], [0, 0, 0, 0, 0, 0, 0, 0, 1, 0, 0, 0, 0, 0, 0, 0], [0, 0, 0, 0, 0, 0, 0, 0, 0, 1, 0, 0, 0, 0, 0, 0], [0, 0, 0, 1, 0, 0, 0, 0, 0, 0, 1, 0, 0, 0, 0, 0], [0, 0, 0, 0, 0, 0, 0, 0, 0, 0, 0, 1, 0, 0, 0, 0], [0, 0, 0, -1, 0, 0, 0, 0, 0, 0, 0, 0, 1, 0, 0, 0], [0, 0, 0, 1, 0, 0, 0, 0, 0, 0, 0, 0, 0, 1, 0, 0], [0, 0, 0, 1, 0, 0, 0, 0, 0, 0, 0, 0, 0, 0, 1, 0], [0, 0, 0, 1, 0, 0, 0, 0, 0, 0, 0, 0, 0, 0, 0, 1]]
[[1, 0, 0, 0, 0, 0, 0, 0, 0, 0, 0, 0, 0, 0, 0, 0], [0, 1, 0, 0, 0, 0, 0, 0, 0, 0, 0, 0, 0, 0, 0, 0], [0, 0, 1, 0, 0, 0, 0, 0, 0, 0, 0, 0, 0, 0, 0, 0], [0, 0, 0, 1, 0, 0, 0, 0, 0, 0, 0, 0, 0, 0, 0, 0], [0, 0, 0, 0, 1, 0, 0, 0, 0, 0, 0, 0, 0, 0, 0, 0], [0, 0, 0, 0, 0, 1, 0, 0, 0, 0, 0, 0, 0, 0, 0, 0], [0, 0, 0, 0, 0, 0, 1, 0, 0, 0, 0, 0, 0, 0, 0, 0], [0, 0, 0, 0, 0, 0, 0, 1, 0, 0, 0, 0, 0, 0, 0, 0], [0, 0, 0, 0, 0, 0, 0, 0, 1, 0, 0, 0, 0, 0, 0, 0], [0, 0, 0, 0, 0, 0, 0, 0, 0, 1, 0, 0, 0, 0, 0, 0], [0, 0, 0, 0, 0, 0, 0, 0, 0, 0, 1, 0, 0, 0, 0, 0], [0, 0, 0, 0, 0, 0, 0, 0, 0, 0, 0, 1, 0, 0, 0, 0], [0, 0, 0, 0, 0, 0, 0, 0, 0, 0, 0, 0, 1, 0, 0, 0], [0, 0, 0, 0, 0, 0, 0, 0, 0, 0, 0, 0, 0, 1, 0, 0], [0, 0, 0, 0, 0, 0, 0, 0, 0, 0, 0, 0, 0, 0, 1, 0], [0, 0, 0, 0, 0, 0, 0, 0, 0, 0, 0, 0, 0, 0, 0, 1]]
[[1, 0, 0, -1, 1, -1, 1, 1, 0, -1, 0, 0, 1, -1, 0, 1], [-2, -1, 0, 0, 0, -1, -1, 0, 1, 0, 0, 0, 0, 0, 0, -1], [-3, -3, 2, 0, 0, -3, -2, 0, 4, -3, 1, -1, 0, 1, 0, -1], [0, 0, 0, -1, 0, 0, 0, 0, 0, 0, 0, 0, 0, 0, 0, 0], [0, 0, 0, 3, -1, 1, -1, -1, 1, -1, 0, 0, -2, 2, 0, 0], [0, 0, 0, 1, 0, 0, -1, -1, 1, -1, 0, 0, 0, 0, 0, 0], [0, 0, 0, 0, 0, 0, -1, 0, 0, 0, 0, 0, 0, 0, 0, 0], [0, 0, 0, -1, 1, -2, 0, 0, 1, -1, 0, 0, 1, -1, 0, 0], [0, 0, 0, 0, 1, -2, 0, 0, 2, -2, 0, 0, 1, -1, 0, 1], [0, 0, 0, 0, 0, -1, 1, 0, 1, -1, 0, 0, 0, 0, 0, 1], [1, 1, -1, 0, -1, 3, 2, 0, -3, 3, 0, 1, -1, 0, 0, 0], [-1, -1, 1, 0, 0, -1, 0, 0, 2, -1, 1, 0, 0, 1, 0, -1], [1, 1, -1, -1, -1, 2, 1, -1, -2, 2, -1, 1, 0, 0, 0, 0], [1, 1, -1, 1, -1, 2, 1, -1, -2, 2, -1, 1, -1, 1, 0, 0], [1, 1, -1, 0, 0, 0, 3, -2, -1, 1, -1, 1, 0, -1, 1, 0], [0, 0, 0, 1, -1, 1, 1, -1, 0, 1, 0, 0, -1, 1, 0, 0]]
[[2, 2, -1, 0, 0, 1, 0, 0, -2, 1, -1, 0, 0, 0, 0, 0], [-1, -1, 1, 0, 0, -1, 0, 0, 2, -1, 1, 0, 0, 0, 0, 0], [-1, -1, 2, -1, 0, -1, -2, 2, 1, -1, 1, -1, 0, 1, -1, 0], [0, 0, 0, -1, 0, 0, 0, 0, 0, 0, 0, 0, 0, 0, 0, 0], [-2, -2, 1, 1, -1, 0, -1, 0, 0, 0, 0, 0, -1, 2, 0, -1], [-4, -4, 3, -1, 0, -3, -3, 3, 3, -2, 2, -2, 0, 1, -1, -1], [-2, -3, 2, -1, 0, -2, -1, 2, 3, -2, 2, -1, 0, 1, -1, 0], [-2, -2, 3, -1, 0, -2, -3, 2, 3, -2, 2, -2, 0, 1, -1, -1], [-2, -2, 3, -1, 0, -2, -3, 3, 2, -2, 2, -2, 0, 1, -1, -1], [2, 2, 0, 0, 0, 2, 0, 0, -2, 1, 0, 0, 0, 0, 0, 0], [4, 5, -5, 2, 0, 4, 5, -5, -4, 4, -3, 3, 0, -2, 2, 1], [0, 1, 1, 0, 0, 0, -1, -1, 0, 0, 0, 0, 0, 0, 0, -1], [1, 1, -1, -1, 0, 1, 2, -2, -1, 1, -1, 1, 1, -1, 1, 0], [1, 1, -1, 1, 0, 1, 2, -2, -1, 1, -1, 1, 0, 0, 1, 0], [2, 4, -2, 2, 0, 2, 0, -2, -2, 2, -2, 0, 0, 0, 1, 0], [2, 3, -2, 1, 0, 2, 2, -2, -3, 2, -2, 1, 0, -1, 1, 1]]
[[1, 0, 0, 0, 0, 0, 0, 0, 0, 0, 0, 0, 0, 0, 0, 0], [0, 1, 0, 0, 0, 0, 0, 0, 0, 0, 0, 0, 0, 0, 0, 0], [0, 0, 1, 0, 0, 0, 0, 0, 0, 0, 0, 0, 0, 0, 0, 0], [0, 0, 0, 1, 0, 0, 0, 0, 0, 0, 0, 0, 0, 0, 0, 0], [0, 0, 0, 0, 1, 0, 0, 0, 0, 0, 0, 0, 0, 0, 0, 0], [0, 0, 0, 0, 0, 1, 0, 0, 0, 0, 0, 0, 0, 0, 0, 0], [0, 0, 0, 0, 0, 0, 1, 0, 0, 0, 0, 0, 0, 0, 0, 0], [0, 0, 0, 0, 0, 0, 0, 1, 0, 0, 0, 0, 0, 0, 0, 0], [0, 0, 0, 0, 0, 0, 0, 0, 1, 0, 0, 0, 0, 0, 0, 0], [0, 0, 0, 0, 0, 0, 0, 0, 0, 1, 0, 0, 0, 0, 0, 0], [0, 0, 0, 0, 0, 0, 0, 0, 0, 0, 1, 0, 0, 0, 0, 0], [0, 0, 0, 0, 0, 0, 0, 0, 0, 0, 0, 1, 0, 0, 0, 0], [0, 0, 0, 0, 0, 0, 0, 0, 0, 0, 0, 0, 1, 0, 0, 0], [0, 0, 0, 0, 0, 0, 0, 0, 0, 0, 0, 0, 0, 1, 0, 0], [0, 0, 0, 0, 0, 0, 0, 0, 0, 0, 0, 0, 0, 0, 1, 0], [0, 0, 0, 0, 0, 0, 0, 0, 0, 0, 0, 0, 0, 0, 0, 1]]
[[1, 0, 0, 0, 0, 0, 0, 0, 0, 0, 0, 0, 0, 0, 0, 0], [0, 0, 0, 0, -1, 1, 0, -1, 0, 0, 0, 0, 0, 0, 0, 0], [2, 1, 0, 0, 0, 1, 1, 0, -1, 0, 0, 0, 0, -1, 0, 1], [0, 0, 0, 1, 0, 0, 0, 0, 0, 0, 0, 0, 0, 0, 0, 0], [-2, -2, 2, -1, 2, -3, -2, 4, 2, -2, 2, -2, 0, 0, -1, 0], [0, 0, 0, 0, 0, 1, 0, 0, 0, 0, 0, 0, 0, 0, 0, 0], [1, 2, -1, 1, 0, 1, 0, -1, -1, 1, -1, 0, 0, 0, 0, 0], [4, 3, -3, 1, -1, 4, 3, -3, -3, 2, -2, 2, 0, -1, 1, 1], [2, 1, -1, 0, 0, 1, 1, 0, 0, 0, 0, 0, 0, -1, 0, 1], [1, 0, 0, 0, 1, -1, 1, 1, 1, -1, 1, 0, 0, -1, 0, 1], [-2, -1, 1, 0, 0, -1, -1, 0, 1, 0, 1, 0, 0, 1, 0, -1], [3, 2, -2, -1, 0, 2, 3, -1, -3, 2, -1, 1, 1, -2, 1, 1], [0, 0, 0, 0, 0, 0, 0, 0, 0, 0, 0, 0, 1, 0, 0, 0], [0, 0, 0, 0, 0, 0, 0, 0, 0, 0, 0, 0, 0, 1, 0, 0], [3, 2, -2, 1, -1, 3, 2, -2, -2, 1, -1, 2, -1, 0, 1, 1], [-1, -1, 1, 0, 0, -1, 0, 1, 1, -1, 1, 0, -1, 1, 0, 0]]
[[1, 0, 0, 0, 0, 0, 0, 0, 0, 0, 0, 0, 0, 0, 0, 0], [0, 1, 0, 0, 0, 0, 0, 0, 0, 0, 0, 0, 0, 0, 0, 0], [0, 0, 1, 0, 0, 0, 0, 0, 0, 0, 0, 0, 0, 0, 0, 0], [0, 0, 0, 1, 0, 0, 0, 0, 0, 0, 0, 0, 0, 0, 0, 0], [0, 0, 0, 0, 1, 0, 0, 0, 0, 0, 0, 0, 0, 0, 0, 0], [0, 0, 0, 0, 0, 1, 0, 0, 0, 0, 0, 0, 0, 0, 0, 0], [0, 0, 0, 0, 0, 0, 1, 0, 0, 0, 0, 0, 0, 0, 0, 0], [0, 0, 0, 0, 0, 0, 0, 1, 0, 0, 0, 0, 0, 0, 0, 0], [0, 0, 0, 0, 0, 0, 0, 0, 1, 0, 0, 0, 0, 0, 0, 0], [0, 0, 0, 0, 0, 0, 0, 0, 0, 1, 0, 0, 0, 0, 0, 0], [0, 0, 0, 0, 0, 0, 0, 0, 0, 0, 1, 0, 0, 0, 0, 0], [0, 0, 0, 0, 0, 0, 0, 0, 0, 0, 0, 1, 0, 0, 0, 0], [0, 0, 0, 0, 0, 0, 0, 0, 0, 0, 0, 0, 1, 0, 0, 0], [0, 0, 0, 0, 0, 0, 0, 0, 0, 0, 0, 0, 0, 1, 0, 0], [0, 0, 0, 0, 0, 0, 0, 0, 0, 0, 0, 0, 0, 0, 1, 0], [0, 0, 0, 0, 0, 0, 0, 0, 0, 0, 0, 0, 0, 0, 0, 1]]
[[0, -1, 0, -1, 0, 0, 1, 0, 0, 0, 0, 0, 1, -1, 0, 1], [-1, 0, 0, 1, 0, 0, -1, 0, 0, 0, 0, 0, -1, 1, 0, -1], [1, 1, -2, 1, 0, 1, 2, -2, -1, 1, -1, 1, 0, -1, 1, 0], [0, 0, 0, 1, 0, 0, 0, 0, 0, 0, 0, 0, 0, 0, 0, 0], [2, 2, -1, -1, 1, 0, 1, 0, 0, 0, 0, 0, 1, -2, 0, 1], [2, 2, -2, 1, 0, 2, 2, -2, -1, 1, -1, 1, 0, 0, 1, 0], [0, 1, -1, 1, 0, 1, 0, -1, -1, 1, -1, 0, 0, 0, 1, -1], [0, 0, -2, 1, 0, 1, 2, -1, -1, 1, -1, 1, 0, 0, 1, 0], [0, 0, -2, 1, 0, 1, 2, -2, 0, 1, -1, 1, 0, 0, 1, 0], [-2, -2, 0, 0, 0, -2, 0, 0, 2, -1, 0, 0, 0, 0, 0, 0], [-4, -4, 5, -1, 0, -4, -5, 4, 4, -4, 3, -2, -1, 2, -2, -1], [0, 0, -1, 1, 0, 0, 1, 0, 0, 0, 0, 1, -1, 0, 0, 1], [-1, -1, 1, 1, 0, -1, -2, 2, 1, -1, 1, -1, -1, 1, -1, 0], [-1, -1, 1, -1, 0, -1, -2, 2, 1, -1, 1, -1, 0, 0, -1, 0], [-2, -4, 2, -2, 0, -2, 0, 2, 2, -2, 2, 0, 0, 0, -1, 0], [0, -1, 1, -1, 0, -1, -1, 1, 1, -1, 1, 0, 0, 0, -1, 0]]
[[0, -1, 0, 0, 0, -1, 0, 0, 1, -1, 0, 0, 0, 0, 0, 0], [0, 1, 0, 0, 0, 0, 0, 0, 0, 0, 0, 0, 0, 0, 0, 0], [-2, -2, 1, 0, 0, -2, 0, 0, 2, -2, 0, 0, 0, 0, 0, 0], [0, 0, 0, 1, 0, 0, 0, 0, 0, 0, 0, 0, 0, 0, 0, 0], [0, 0, 0, 0, 1, 0, 0, 0, 0, 0, 0, 0, 0, 0, 0, 0], [-1, -1, 0, 0, 0, 0, 0, 0, 1, -1, 0, 0, 0, 0, 0, 0], [1, 1, 0, 0, 0, 1, 1, 0, -1, 1, 0, 0, 0, 0, 0, 0], [-2, -2, 0, 0, 0, -2, 0, 1, 2, -2, 0, 0, 0, 0, 0, 0], [-2, -2, 0, 0, 0, -2, 0, 0, 3, -2, 0, 0, 0, 0, 0, 0], [-2, -2, 0, 0, 0, -2, 0, 0, 2, -1, 0, 0, 0, 0, 0, 0], [2, 2, 0, 0, 0, 2, 0, 0, -2, 2, 1, 0, 0, 0, 0, 0], [-1, -1, 0, 0, 0, -1, 0, 0, 1, -1, 0, 1, 0, 0, 0, 0], [1, 1, 0, 0, 0, 1, 0, 0, -1, 1, 0, 0, 1, 0, 0, 0], [1, 1, 0, 0, 0, 1, 0, 0, -1, 1, 0, 0, 0, 1, 0, 0], [-2, -2, 0, 0, 0, -2, 0, 0, 2, -2, 0, 0, 0, 0, 1, 0], [0, 0, 0, 0, 0, 0, 0, 0, 0, 0, 0, 0, 0, 0, 0, 1]]
[[1, 0, 0, 0, 0, 0, 0, 0, 0, 0, 0, 0, 0, 0, 0, 0], [0, 1, 0, 0, 0, 0, 0, 0, 0, 0, 0, 0, 0, 0, 0, 0], [0, 0, 1, 0, 0, 0, 0, 0, 0, 0, 0, 0, 0, 0, 0, 0], [0, 0, 0, 1, 0, 0, 0, 0, 0, 0, 0, 0, 0, 0, 0, 0], [0, 0, 0, 0, 1, 0, 0, 0, 0, 0, 0, 0, 0, 0, 0, 0], [0, 0, 0, 0, 0, 1, 0, 0, 0, 0, 0, 0, 0, 0, 0, 0], [0, 0, 0, 0, 0, 0, 1, 0, 0, 0, 0, 0, 0, 0, 0, 0], [0, 0, 0, 0, 0, 0, 0, 1, 0, 0, 0, 0, 0, 0, 0, 0], [0, 0, 0, 0, 0, 0, 0, 0, 1, 0, 0, 0, 0, 0, 0, 0], [0, 0, 0, 0, 0, 0, 0, 0, 0, 1, 0, 0, 0, 0, 0, 0], [0, 0, 0, 0, 0, 0, 0, 0, 0, 0, 1, 0, 0, 0, 0, 0], [0, 0, 0, 0, 0, 0, 0, 0, 0, 0, 0, 1, 0, 0, 0, 0], [0, 0, 0, 0, 0, 0, 0, 0, 0, 0, 0, 0, 1, 0, 0, 0], [0, 0, 0, 0, 0, 0, 0, 0, 0, 0, 0, 0, 0, 1, 0, 0], [0, 0, 0, 0, 0, 0, 0, 0, 0, 0, 0, 0, 0, 0, 1, 0], [0, 0, 0, 0, 0, 0, 0, 0, 0, 0, 0, 0, 0, 0, 0, 1]]
[[-1, -2, 1, 0, -1, 0, -1, -1, 1, -1, 0, 0, 0, 1, 0, -1], [0, 1, 0, 0, 0, 0, 0, 0, 0, 0, 0, 0, 0, 0, 0, 0], [0, -1, 0, -1, 0, 0, 1, 0, 0, -1, 0, 1, 0, 0, 0, 0], [0, 0, 0, -1, 0, 0, 0, 0, 0, 0, 0, 0, 0, 0, 0, 0], [2, 1, -1, 1, 1, 1, 2, 0, -1, 1, 0, 1, 0, 0, 0, 1], [3, 2, -2, 0, 0, 2, 3, -1, -2, 1, -1, 2, 0, -1, 0, 2], [3, 3, -1, -1, 0, 2, 2, -1, -3, 2, -1, 1, 0, -1, 0, 1], [-1, -1, 0, -1, -1, 0, 0, -1, 0, -1, -1, 1, 0, 0, 0, 0], [1, 0, -1, 0, -1, 2, 1, -2, -1, 0, -1, 2, 0, 0, 0, 0], [-2, -2, 0, 0, 0, -1, -1, 0, 1, -1, 0, 0, 0, 0, 0, -1], [-3, -1, 2, 1, 1, -3, -3, 2, 3, -1, 2, -3, 0, 0, 0, -1], [-5, -4, 2, 0, 0, -3, -3, 1, 4, -3, 1, -1, 0, 1, 0, -2], [0, 1, 0, -1, 1, -1, -1, 1, 0, 0, 0, -1, 1, -1, 0, 0], [0, 1, 0, 1, 1, -1, -1, 1, 0, 0, 0, -1, 0, 0, 0, 0], [-5, -6, 4, 0, 0, -4, -4, 3, 5, -5, 3, -2, 0, 1, -1, -1], [-1, -1, 0, 1, 1, -1, -1, 2, 1, -1, 1, -1, 0, 0, 0, 0]]
[[1, 0, 1, 0, -1, 1, 0, -1, 0, 0, 0, 0, 0, 1, 0, 0], [1, 1, -1, -1, 1, 0, 1, 1, -1, 0, 0, 0, 1, -2, 0, 1], [2, 1, -1, 0, 0, 2, 2, -1, -2, 1, -1, 1, 1, -1, 1, 1], [0, 0, 0, 1, 0, 0, 0, 0, 0, 0, 0, 0, 0, 0, 0, 0], [-1, 0, -1, 1, 0, 0, 0, -1, 0, 1, -1, 0, -1, 1, 1, -1], [1, 1, -2, 1, 0, 2, 1, -1, -1, 1, -1, 1, 0, 0, 1, 0], [3, 4, -4, 1, 0, 3, 3, -2, -4, 3, -3, 2, 0, -1, 1, 1], [3, 1, -1, 0, 0, 2, 2, 0, -1, 0, 0, 1, 1, -1, 0, 2], [2, 1, -1, 0, -1, 3, 2, -2, -1, 1, -1, 1, 1, 0, 1, 1], [-1, -2, 2, 0, -1, 0, 0, -1, 2, -1, 1, 0, 0, 1, 0, 0], [-3, -2, 3, -1, 1, -4, -3, 3, 3, -2, 3, -2, -1, 0, -2, -1], [0, -2, 2, -2, 0, -1, 0, 2, 1, -1, 2, -1, 1, -1, -1, 1], [-1, -1, 1, -1, 1, -2, -1, 2, 1, -1, 1, -1, 1, -1, -1, 0], [-1, -1, 1, -1, 1, -2, -1, 2, 1, -1, 1, -1, 0, 0, -1, 0], [1, -1, 3, -1, 1, -1, -1, 2, 2, -2, 3, -1, 1, 0, -1, 1], [-4, -4, 4, -1, 1, -4, -3, 3, 4, -3, 3, -2, 0, 1, -1, -1]]
[[1, 0, 0, 0, 0, 0, 0, 0, 0, 0, 0, 0, 0, 0, 0, 0], [0, 1, 0, 0, 0, 0, 0, 0, 0, 0, 0, 0, 0, 0, 0, 0], [0, 0, 1, 0, 0, 0, 0, 0, 0, 0, 0, 0, 0, 0, 0, 0], [0, 0, 0, 1, 0, 0, 0, 0, 0, 0, 0, 0, 0, 0, 0, 0], [0, 0, 0, 0, 1, 0, 0, 0, 0, 0, 0, 0, 0, 0, 0, 0], [0, 0, 0, 0, 0, 1, 0, 0, 0, 0, 0, 0, 0, 0, 0, 0], [0, 0, 0, 0, 0, 0, 1, 0, 0, 0, 0, 0, 0, 0, 0, 0], [0, 0, 0, 0, 0, 0, 0, 1, 0, 0, 0, 0, 0, 0, 0, 0], [0, 0, 0, 0, 0, 0, 0, 0, 1, 0, 0, 0, 0, 0, 0, 0], [0, 0, 0, 0, 0, 0, 0, 0, 0, 1, 0, 0, 0, 0, 0, 0], [0, 0, 0, 0, 0, 0, 0, 0, 0, 0, 1, 0, 0, 0, 0, 0], [0, 0, 0, 0, 0, 0, 0, 0, 0, 0, 0, 1, 0, 0, 0, 0], [0, 0, 0, 0, 0, 0, 0, 0, 0, 0, 0, 0, 1, 0, 0, 0], [0, 0, 0, 0, 0, 0, 0, 0, 0, 0, 0, 0, 0, 1, 0, 0], [0, 0, 0, 0, 0, 0, 0, 0, 0, 0, 0, 0, 0, 0, 1, 0], [0, 0, 0, 0, 0, 0, 0, 0, 0, 0, 0, 0, 0, 0, 0, 1]]
[[1, 0, 0, 0, 0, 0, 0, 0, 0, 0, 0, 0, 0, 0, 0, 0], [0, 1, 0, 0, 0, 0, 0, 0, 0, 0, 0, 0, 0, 0, 0, 0], [0, 0, 1, 0, 0, 0, 0, 0, 0, 0, 0, 0, 0, 0, 0, 0], [0, 0, 0, 1, 0, 0, 0, 0, 0, 0, 0, 0, 0, 0, 0, 0], [0, 0, 0, 0, 1, 0, 0, 0, 0, 0, 0, 0, 0, 0, 0, 0], [0, 0, 0, 0, 0, 1, 0, 0, 0, 0, 0, 0, 0, 0, 0, 0], [0, 0, 0, 0, 0, 0, 1, 0, 0, 0, 0, 0, 0, 0, 0, 0], [0, 0, 0, 0, 0, 0, 0, 1, 0, 0, 0, 0, 0, 0, 0, 0], [0, 0, 0, 0, 0, 0, 0, 0, 1, 0, 0, 0, 0, 0, 0, 0], [0, 0, 0, 0, 0, 0, 0, 0, 0, 1, 0, 0, 0, 0, 0, 0], [0, 0, 0, 0, 0, 0, 0, 0, 0, 0, 1, 0, 0, 0, 0, 0], [0, 0, 0, 0, 0, 0, 0, 0, 0, 0, 0, 1, 0, 0, 0, 0], [0, 0, 0, 0, 0, 0, 0, 0, 0, 0, 0, 0, 1, 0, 0, 0], [0, 0, 0, 0, 0, 0, 0, 0, 0, 0, 0, 0, 0, 1, 0, 0], [0, 0, 0, 0, 0, 0, 0, 0, 0, 0, 0, 0, 0, 0, 1, 0], [0, 0, 0, 0, 0, 0, 0, 0, 0, 0, 0, 0, 0, 0, 0, 1]]
[[2, 2, -1, 0, 0, 1, 0, 0, -2, 1, -1, 0, 0, 0, 0, 0], [-1, -1, 1, 0, 0, -1, 0, 0, 2, -1, 1, 0, 0, 0, 0, 0], [-1, -1, 2, -1, 0, -1, -2, 2, 1, -1, 1, -1, 0, 1, -1, 0], [0, 0, 0, -1, 0, 0, 0, 0, 0, 0, 0, 0, 0, 0, 0, 0], [-2, -2, 1, 1, -1, 0, -1, 0, 0, 0, 0, 0, -1, 2, 0, -1], [-4, -4, 3, -1, 0, -3, -3, 3, 3, -2, 2, -2, 0, 1, -1, -1], [-2, -3, 2, -1, 0, -2, -1, 2, 3, -2, 2, -1, 0, 1, -1, 0], [-2, -2, 3, -1, 0, -2, -3, 2, 3, -2, 2, -2, 0, 1, -1, -1], [-2, -2, 3, -1, 0, -2, -3, 3, 2, -2, 2, -2, 0, 1, -1, -1], [2, 2, 0, 0, 0, 2, 0, 0, -2, 1, 0, 0, 0, 0, 0, 0], [4, 5, -5, 2, 0, 4, 5, -5, -4, 4, -3, 3, 0, -2, 2, 1], [0, 1, 1, 0, 0, 0, -1, -1, 0, 0, 0, 0, 0, 0, 0, -1], [1, 1, -1, -1, 0, 1, 2, -2, -1, 1, -1, 1, 1, -1, 1, 0], [1, 1, -1, 1, 0, 1, 2, -2, -1, 1, -1, 1, 0, 0, 1, 0], [2, 4, -2, 2, 0, 2, 0, -2, -2, 2, -2, 0, 0, 0, 1, 0], [2, 3, -2, 1, 0, 2, 2, -2, -3, 2, -2, 1, 0, -1, 1, 1]]
[[0, 1, 0, 0, 1, -1, 0, 1, 0, 0, 0, 0, 0, 0, 0, 0], [0, -1, 0, 0, 0, 0, 0, 0, 0, 0, 0, 0, 0, 0, 0, 0], [-1, 0, 1, 1, 0, -1, -2, 0, 1, 0, 0, -1, 0, 1, 0, -1], [0, 0, 0, 1, 0, 0, 0, 0, 0, 0, 0, 0, 0, 0, 0, 0], [0, 1, -1, 0, -1, 1, -1, -1, 0, 0, -1, 0, 0, 0, 0, 0], [-1, 0, 0, 1, 0, 0, -2, 0, 1, 0, 0, -1, 0, 1, 0, -1], [-3, -3, 1, 1, 0, -2, -2, 1, 3, -2, 1, -1, 0, 1, 0, -1], [0, 0, 1, 1, 1, -1, -1, 1, 1, 0, 1, -1, 0, 1, 0, -1], [0, 1, 0, 1, 1, -1, -1, 1, 1, 0, 0, -1, 0, 1, 0, 0], [2, 2, 0, 0, 0, 1, 1, 0, -1, 1, 0, 0, 0, 0, 0, 1], [3, 1, -2, -2, -1, 3, 4, -1, -4, 2, -1, 2, 0, -2, 0, 2], [4, 3, -1, 0, 0, 2, 2, -1, -3, 2, -1, 1, 0, 0, 0, 1], [0, -1, 0, 1, -1, 1, 1, -1, 0, 0, 0, 1, -1, 1, 0, 0], [0, -1, 0, -1, -1, 1, 1, -1, 0, 0, 0, 1, 0, 0, 0, 0], [3, 4, -2, -1, 0, 2, 3, -2, -4, 4, -2, 1, 0, -1, 1, 0], [2, 2, -1, -1, -1, 2, 2, -2, -2, 2, -1, 1, 0, -1, 0, 1]]
[[1, 1, -1, 0, 0, 0, 0, 0, -1, 1, -1, 0, 0, 0, 0, 0], [0, 0, 1, 0, 0, 0, 0, 0, 1, -1, 1, 0, 0, 0, 0, 0], [0, 1, 0, 0, 0, 0, 0, 0, -1, 1, -1, 0, 0, 0, 0, 0], [0, 0, 0, 1, 0, 0, 0, 0, 0, 0, 0, 0, 0, 0, 0, 0], [0, 1, -1, 0, 1, 0, 0, 0, -1, 1, -1, 0, 0, 0, 0, 0], [0, 1, -1, 0, 0, 1, 0, 0, -1, 1, -1, 0, 0, 0, 0, 0], [0, 0, 0, 0, 0, 0, 1, 0, 0, 0, 0, 0, 0, 0, 0, 0], [0, 0, 0, 0, 0, 0, 0, 1, 0, 0, 0, 0, 0, 0, 0, 0], [0, 1, -1, 0, 0, 0, 0, 0, 0, 1, -1, 0, 0, 0, 0, 0], [0, 0, 0, 0, 0, 0, 0, 0, 0, 1, 0, 0, 0, 0, 0, 0], [0, -1, 1, 0, 0, 0, 0, 0, 1, -1, 2, 0, 0, 0, 0, 0], [0, 0, 0, 0, 0, 0, 0, 0, 0, 0, 0, 1, 0, 0, 0, 0], [0, -1, 1, 0, 0, 0, 0, 0, 1, -1, 1, 0, 1, 0, 0, 0], [0, -1, 1, 0, 0, 0, 0, 0, 1, -1, 1, 0, 0, 1, 0, 0], [0, 1, -1, 0, 0, 0, 0, 0, -1, 1, -1, 0, 0, 0, 1, 0], [0, 0, 0, 0, 0, 0, 0, 0, 0, 0, 0, 0, 0, 0, 0, 1]]
[[1, 0, 0, 0, 0, 0, 0, 0, 0, 0, 0, 0, 0, 0, 0, 0], [0, 1, 0, 0, 0, 0, 0, 0, 0, 0, 0, 0, 0, 0, 0, 0], [0, 0, 1, 0, 0, 0, 0, 0, 0, 0, 0, 0, 0, 0, 0, 0], [0, 0, 0, 1, 0, 0, 0, 0, 0, 0, 0, 0, 0, 0, 0, 0], [0, 0, 0, 0, 1, 0, 0, 0, 0, 0, 0, 0, 0, 0, 0, 0], [0, 0, 0, 0, 0, 1, 0, 0, 0, 0, 0, 0, 0, 0, 0, 0], [0, 0, 0, 0, 0, 0, 1, 0, 0, 0, 0, 0, 0, 0, 0, 0], [0, 0, 0, 0, 0, 0, 0, 1, 0, 0, 0, 0, 0, 0, 0, 0], [0, 0, 0, 0, 0, 0, 0, 0, 1, 0, 0, 0, 0, 0, 0, 0], [0, 0, 0, 0, 0, 0, 0, 0, 0, 1, 0, 0, 0, 0, 0, 0], [0, 0, 0, 0, 0, 0, 0, 0, 0, 0, 1, 0, 0, 0, 0, 0], [0, 0, 0, 0, 0, 0, 0, 0, 0, 0, 0, 1, 0, 0, 0, 0], [0, 0, 0, 0, 0, 0, 0, 0, 0, 0, 0, 0, 1, 0, 0, 0], [0, 0, 0, 0, 0, 0, 0, 0, 0, 0, 0, 0, 0, 1, 0, 0], [0, 0, 0, 0, 0, 0, 0, 0, 0, 0, 0, 0, 0, 0, 1, 0], [0, 0, 0, 0, 0, 0, 0, 0, 0, 0, 0, 0, 0, 0, 0, 1]]

Generators of monodromy action on conics:
(121,134)(122,133)(131,144)(132,143)(159,171)(160,172)(165,178)(166,177)(187,211)(188,212)(193,217)(194,218)(199,276)(200,275)(201,284)(202,283)(203,288)(204,287)(205,280)(206,279)
(113,115)(114,116)(149,151)(150,152)(185,196)(186,195)(209,220)(210,219)(221,255)(222,256)(223,253)(224,254)(225,251)(226,252)(227,250)(228,249)(229,247)(230,248)(231,245)(232,246)
(41,80)(42,79)(43,78)(44,77)(81,112)(82,111)(83,110)(84,109)(85,108)(86,107)(87,106)(88,105)(89,104)(90,103)(91,102)(92,101)(93,100)(94,99)(95,98)(96,97)(117,120)(118,119)(123,126)(124,125)(139,142)(140,141)(145,148)(146,147)(153,155)(154,156)(161,164)(162,163)(173,176)(174,175)(181,183)(182,184)(203,205)(204,206)(229,248)(230,247)(231,246)(232,245)(233,235)(234,236)(237,257)(238,258)(239,260)(240,259)(241,262)(242,261)(243,264)(244,263)(265,267)(266,268)(271,274)(272,273)(277,281)(278,282)(279,287)(280,288)
(5,16)(6,15)(7,13)(8,14)(9,20)(10,19)(11,17)(12,18)(21,32)(22,31)(23,29)(24,30)(25,36)(26,35)(27,34)(28,33)(45,56)(46,55)(47,53)(48,54)(49,60)(50,59)(51,58)(52,57)(61,72)(62,71)(63,70)(64,69)(65,76)(66,75)(67,73)(68,74)(81,91)(82,92)(83,89)(84,90)(85,95)(86,96)(87,93)(88,94)(97,107)(98,108)(99,105)(100,106)(101,111)(102,112)(103,109)(104,110)(113,152)(114,151)(115,150)(116,149)(121,144)(122,143)(123,142)(124,141)(125,140)(126,139)(131,134)(132,133)(153,182)(154,181)(155,184)(156,183)(157,170)(158,169)(159,165)(160,166)(161,163)(162,164)(167,180)(168,179)(171,178)(172,177)(173,175)(174,176)(185,220)(186,219)(187,218)(188,217)(193,212)(194,211)(195,210)(196,209)(197,270)(198,269)(199,202)(200,201)(203,280)(204,279)(205,288)(206,287)(207,286)(208,285)(221,224)(222,223)(225,250)(226,249)(227,251)(228,252)(229,245)(230,246)(231,247)(232,248)(233,266)(234,265)(235,268)(236,267)(237,258)(238,257)(239,259)(240,260)(253,256)(254,255)(271,278)(272,277)(273,281)(274,282)(275,284)(276,283)
(3,37)(4,38)(13,17,28,23)(14,18,27,24)(15,19,26,22)(16,20,25,21)(41,203)(42,204)(43,205)(44,206)(45,128,49,157)(46,127,50,158)(47,129,52,168)(48,130,51,167)(53,208,64,189)(54,207,63,190)(55,198,62,191)(56,197,61,192)(57,214,68,285)(58,213,67,286)(59,216,66,269)(60,215,65,270)(69,179,74,138)(70,180,73,137)(71,169,75,136)(72,170,76,135)(77,287)(78,288)(79,279)(80,280)(81,131,87,160)(82,132,88,159)(83,121,85,165)(84,122,86,166)(89,199,97,188)(90,200,98,187)(91,201,99,193)(92,202,100,194)(93,218,101,283)(94,217,102,284)(95,211,103,275)(96,212,104,276)(105,171,111,143)(106,172,112,144)(107,177,109,133)(108,178,110,134)(117,123,161,153)(118,124,162,154)(119,125,163,156)(120,126,164,155)(139,145,181,173)(140,146,182,174)(141,147,184,175)(142,148,183,176)(149,220,152,210)(150,219,151,209)(223,252,254,225)(224,251,253,226)(231,246)(232,245)(233,239,282,241)(234,240,281,242)(235,260,278,262)(236,259,277,261)(237,265,263,271)(238,266,264,272)(243,273,258,268)(244,274,257,267)
(1,38)(2,37)(3,40)(4,39)(5,35)(6,36)(7,34)(8,33)(9,31)(10,32)(11,30)(12,29)(13,27)(14,28)(15,25)(16,26)(17,24)(18,23)(19,21)(20,22)(123,126)(124,125)(127,135)(128,136)(129,137)(130,138)(139,142)(140,141)(153,155)(154,156)(157,169)(158,170)(167,179)(168,180)(181,183)(182,184)(189,213)(190,214)(191,215)(192,216)(197,269)(198,270)(203,287)(204,288)(205,279)(206,280)(207,285)(208,286)(229,231)(230,232)(233,235)(234,236)(245,247)(246,248)(265,267)(266,268)(271,274)(272,273)(277,281)(278,282)
(1,40)(2,39)(3,38)(4,37)(5,35)(6,36)(7,34)(8,33)(9,31)(10,32)(11,30)(12,29)(13,27)(14,28)(15,25)(16,26)(17,24)(18,23)(19,21)(20,22)
