
#########################################################
# DATA FOR CRYSTALLOGRAPHIC QUARTIC SURFACE FAMILY 31.3 #
#########################################################

##################
# GROUP & FAMILY #
##################

Generators of crystallographic group:
[[0, 0, 1, -1], [0, 0, 0, -1], [0, 1, 0, -1], [1, 0, 0, -1]]
[[1, 0, 0, 0], [0, 0, 1, 0], [0, 0, 0, 1], [0, 1, 0, 0]]
[[0, 0, 1, 0], [0, 0, 0, 1], [1, 0, 0, 0], [0, 1, 0, 0]]
[[0, 0, 0, 1], [0, 0, 1, 0], [0, 1, 0, 0], [1, 0, 0, 0]]

Invariant polynomials:
x^4 - x^3*y - x*y^3 + y^4 - x^3*z + x^2*y*z + x*y^2*z - y^3*z + x*y*z^2 - x*z^3 - y*z^3 + z^4 - x^3*w + x^2*y*w + x*y^2*w - y^3*w + x^2*z*w - 3*x*y*z*w + y^2*z*w + x*z^2*w + y*z^2*w - z^3*w + x*y*w^2 + x*z*w^2 + y*z*w^2 - x*w^3 - y*w^3 - z*w^3 + w^4
3*x^2*y^2 - 2*x^2*y*z - 2*x*y^2*z + 3*x^2*z^2 - 2*x*y*z^2 + 3*y^2*z^2 - 2*x^2*y*w - 2*x*y^2*w - 2*x^2*z*w + 6*x*y*z*w - 2*y^2*z*w - 2*x*z^2*w - 2*y*z^2*w + 3*x^2*w^2 - 2*x*y*w^2 + 3*y^2*w^2 - 2*x*z*w^2 - 2*y*z*w^2 + 3*z^2*w^2

Equivalent crystallographic groups:
31.4
31.5
31.6
31.7

############
# HOMOLOGY #
############

Intersection product:
[[-2, -1, 1, -1, 1, 0, -1, -2, -2, -1, 0, -1, 1, 0, 0, -2, -2, -1, -1, -2, -1, 0], [-1, -2, 0, -1, 0, 0, -1, -2, -2, -1, 0, -1, 0, 0, 0, -1, -1, -1, -1, -2, -1, 0], [1, 0, -2, 1, -1, 0, 0, 1, 1, 1, 0, 1, -1, 0, 0, 2, 2, 1, 0, 1, 1, 0], [-1, -1, 1, -2, 0, 0, 0, -3, -2, 0, 2, -2, 0, -2, -1, 0, -2, 0, -2, -3, 0, -1], [1, 0, -1, 0, -2, 0, 0, 0, 0, 1, 1, 0, -1, -1, -1, 2, 2, 1, 0, 0, 1, 0], [0, 0, 0, 0, 0, -2, 0, 2, 1, 0, -2, 1, 0, 1, 0, 0, 1, 0, 1, 1, 0, 0], [-1, -1, 0, 0, 0, 0, -2, -1, -2, -1, 0, -1, 0, 0, 0, -1, 0, -1, 0, -1, -1, 1], [-2, -2, 1, -3, 0, 2, -1, -8, -6, -1, 5, -5, 0, -4, -2, -1, -4, -1, -4, -6, -1, -1], [-2, -2, 1, -2, 0, 1, -2, -6, -6, -1, 3, -4, 0, -3, -2, -1, -2, -1, -2, -5, -1, 0], [-1, -1, 1, 0, 1, 0, -1, -1, -1, -2, 0, -1, 0, 0, 0, -1, -1, -1, 0, -1, -1, 0], [0, 0, 0, 2, 1, -2, 0, 5, 3, 0, -6, 3, 1, 4, 2, -1, 2, -1, 3, 4, -1, 1], [-1, -1, 1, -2, 0, 1, -1, -5, -4, -1, 3, -4, 0, -3, -2, 0, -2, 0, -2, -4, 0, -1], [1, 0, -1, 0, -1, 0, 0, 0, 0, 0, 1, 0, -2, -1, -1, 2, 2, 1, 0, 0, 1, 0], [0, 0, 0, -2, -1, 1, 0, -4, -3, 0, 4, -3, -1, -4, -2, 1, -1, 1, -2, -3, 1, -1], [0, 0, 0, -1, -1, 0, 0, -2, -2, 0, 2, -2, -1, -2, -2, 0, 0, 0, 0, -1, 0, 0], [-2, -1, 2, 0, 2, 0, -1, -1, -1, -1, -1, 0, 2, 1, 0, -4, -3, -2, 0, -1, -2, 0], [-2, -1, 2, -2, 2, 1, 0, -4, -2, -1, 2, -2, 2, -1, 0, -3, -6, -1, -3, -4, -1, -2], [-1, -1, 1, 0, 1, 0, -1, -1, -1, -1, -1, 0, 1, 1, 0, -2, -1, -2, 0, -1, -1, 0], [-1, -1, 0, -2, 0, 1, 0, -4, -2, 0, 3, -2, 0, -2, 0, 0, -3, 0, -4, -4, 0, -1], [-2, -2, 1, -3, 0, 1, -1, -6, -5, -1, 4, -4, 0, -3, -1, -1, -4, -1, -4, -6, -1, -1], [-1, -1, 1, 0, 1, 0, -1, -1, -1, -1, -1, 0, 1, 1, 0, -2, -1, -1, 0, -1, -2, 0], [0, 0, 0, -1, 0, 0, 1, -1, 0, 0, 1, -1, 0, -1, 0, 0, -2, 0, -1, -1, 0, -2]]

Basis of the generic Picard lattice:
[1, 0, 0, 0, 0, 0, 0, 0, 0, 0, 0, 0, 0, 0, 0, 0, 0, 0, 0, 0, 0, -1]
[0, 1, 0, 0, 0, 0, 0, 0, 0, 0, 0, 0, 0, 0, 0, 0, 0, 0, 2, -2, 1, 1]
[0, 0, 1, 0, 0, 0, 0, 0, 0, 0, 0, 0, 0, 0, 0, 0, 0, 0, 1, 0, 0, 0]
[0, 0, 0, 1, 0, 0, 0, 0, 0, 0, 0, 0, 0, 0, 0, 0, 0, 0, 0, 0, -1, 0]
[0, 0, 0, 0, 1, 0, 0, 0, 0, 0, 0, 0, 0, 0, 0, 0, 0, 0, 2, 0, 0, -1]
[0, 0, 0, 0, 0, 1, 0, 0, 0, 0, 0, 0, 0, 0, 0, 0, 0, 0, 2, 0, 0, -1]
[0, 0, 0, 0, 0, 0, 1, 0, 0, 0, 0, 0, 0, 0, 0, 0, 0, 0, 1, -2, 1, 2]
[0, 0, 0, 0, 0, 0, 0, 1, 0, 0, 0, 0, 0, 0, 0, 0, 0, 0, 2, -3, 1, 2]
[0, 0, 0, 0, 0, 0, 0, 0, 1, 0, 0, 0, 0, 0, 0, 0, 0, 0, 2, -2, 0, 1]
[0, 0, 0, 0, 0, 0, 0, 0, 0, 1, 0, 0, 0, 0, 0, 0, 0, 0, 2, -2, 0, 2]
[0, 0, 0, 0, 0, 0, 0, 0, 0, 0, 1, 0, 0, 0, 0, 0, 0, 0, 2, -2, 1, 2]
[0, 0, 0, 0, 0, 0, 0, 0, 0, 0, 0, 1, 0, 0, 0, 0, 0, 0, 2, 0, -1, -1]
[0, 0, 0, 0, 0, 0, 0, 0, 0, 0, 0, 0, 1, 0, 0, 0, 0, 0, 0, 2, -1, -2]
[0, 0, 0, 0, 0, 0, 0, 0, 0, 0, 0, 0, 0, 1, 0, 0, 0, 0, 2, 0, 0, -2]
[0, 0, 0, 0, 0, 0, 0, 0, 0, 0, 0, 0, 0, 0, 1, 0, 0, 0, 2, -2, 2, 1]
[0, 0, 0, 0, 0, 0, 0, 0, 0, 0, 0, 0, 0, 0, 0, 1, 0, 0, 0, -2, 0, 3]
[0, 0, 0, 0, 0, 0, 0, 0, 0, 0, 0, 0, 0, 0, 0, 0, 1, 0, 2, -2, 0, 1]
[0, 0, 0, 0, 0, 0, 0, 0, 0, 0, 0, 0, 0, 0, 0, 0, 0, 1, 1, 0, -1, 0]
[0, 0, 0, 0, 0, 0, 0, 0, 0, 0, 0, 0, 0, 0, 0, 0, 0, 0, 3, -2, 1, 1]

Class of hyperplane section:
[0, 0, 0, -1, 0, 1, 0, 2, -2, -1, 0, 1, 1, 0, -2, 2, -1, -1, -2, 2, -1, 0]

Action of the group on homology:
[[0, 0, -1, 1, 0, 0, 0, 1, 1, 1, 0, 1, 0, 0, 0, 1, 1, 1, 0, 1, 1, 0], [0, -1, 1, -1, 1, 0, -1, -1, -1, -2, -2, 0, 2, 2, 1, -3, -2, -1, 0, -1, -2, 0], [1, 0, -2, 1, -1, 0, 0, 1, 0, 1, 1, 0, -3, -1, 0, 4, 4, 1, 0, 1, 2, 2], [1, 0, -2, 0, -2, 0, 1, 0, 0, 2, 2, -1, -3, -2, 0, 5, 3, 1, -1, 0, 3, 1], [-1, 0, 0, 1, 0, 0, -1, 0, 0, 1, 0, 1, 1, 0, -1, -1, 0, 0, 0, 0, 0, 0], [-1, 0, 2, 0, 2, 0, 0, 0, 0, -1, -2, 1, 3, 2, 0, -4, -3, -1, 1, 0, -2, -1], [1, 1, -1, 0, -1, 0, 1, 1, 1, 1, 0, 0, -1, 0, 1, 2, 1, 0, 0, 1, 1, 0], [-1, 0, 1, 0, 1, 0, 0, 0, 0, 0, -1, 1, 2, 1, 0, -2, -2, 0, 0, 0, -1, -1], [-1, 0, 1, 0, 1, 0, 0, -1, 0, 0, 0, 0, 1, 0, -1, -2, -2, 0, 0, -1, -1, -1], [0, 0, -1, 1, -1, -1, 0, 1, 0, 1, 0, 0, -2, -1, -1, 2, 3, 0, 1, 1, 1, 1], [0, 0, -1, 0, -1, 0, 0, 0, 0, 1, 1, 0, -2, -1, 0, 2, 2, 0, -1, 0, 1, 1], [0, 0, 1, 0, 1, 0, 0, 1, 1, -1, -1, 1, 2, 1, 1, -2, -2, 0, 0, 0, -1, -1], [-1, 0, 1, -1, 1, 0, 0, -1, 0, 0, 0, 0, 2, 0, 0, -2, -3, 0, -1, -1, -1, -2], [1, 0, -1, 0, -1, 0, 0, 0, 0, 0, 0, 0, -2, 0, 0, 2, 3, 0, 0, 1, 1, 2], [1, 0, -2, 0, -2, 0, 0, 0, -1, 1, 2, -1, -4, -2, 0, 4, 4, 0, 0, 0, 2, 2], [-1, 0, 2, 0, 2, 0, 0, 0, 1, -1, -1, 1, 4, 1, 0, -4, -4, 0, 0, 0, -2, -2], [0, 0, -1, 0, -1, 0, -1, 0, -1, 1, 0, 0, -2, 0, 0, 2, 3, 0, 0, 0, 1, 2], [1, 0, -1, 0, -1, 1, 0, -1, -1, 0, 1, -1, -2, -1, 0, 2, 2, 0, 0, 0, 1, 1], [-1, 0, 1, 0, 1, 0, 0, -1, 0, -1, 0, 0, 1, 0, 0, -2, -2, -1, 0, -1, -1, -1], [1, 0, -1, 0, -1, 0, 0, 1, 0, 0, 1, -1, -2, -1, 0, 2, 2, 0, 0, 1, 1, 1], [1, 0, -1, 0, -1, 0, 0, 0, 0, 0, 1, 0, -2, 0, 0, 2, 2, 0, 0, 0, 1, 1], [0, 1, 1, 0, 1, 0, 1, 0, 1, 0, 0, 0, 2, 0, 0, -2, -3, 0, 0, 0, -1, -2]]
[[0, 0, 0, 1, 0, -1, 0, 2, 2, 0, -2, 1, 0, 1, 0, 0, 1, 0, 1, 2, 0, 0], [0, 0, 1, -1, 1, 2, 0, -3, -2, -1, 1, -1, 1, 0, 0, -2, -2, -1, -1, -2, -1, 0], [2, 0, -2, 2, -2, -1, 0, 3, 2, 1, -1, 1, -2, 0, -1, 2, 3, 1, 2, 3, 1, 0], [1, 0, -2, 2, -1, -1, 0, 3, 2, 1, -1, 1, -2, 0, -1, 1, 2, 1, 2, 3, 1, 0], [0, 1, 0, 1, 0, -1, 1, 2, 2, 1, -1, 1, 0, 0, 0, 2, 2, 1, 1, 2, 1, 0], [-1, 0, 2, -2, 1, 1, 0, -3, -2, -1, 2, -1, 1, -1, 0, -1, -2, 0, -2, -3, -1, 0], [0, 0, -1, 0, 0, -1, 0, 1, 0, 0, 0, 0, -1, 0, 0, 0, 0, 0, 0, 0, 0, 0], [-1, 0, 1, -1, 1, 0, 0, -1, -1, 0, 0, 0, 1, 0, 0, -1, -1, 0, -1, -1, -1, 0], [-1, 0, 1, -1, 0, 0, 0, -2, -1, 0, 1, -1, 0, -1, 0, 1, 0, 0, -1, -2, 0, 0], [1, 0, -1, 1, -1, -1, 1, 2, 2, 1, -1, 1, -1, 0, 0, 2, 2, 1, 1, 2, 1, 0], [1, 0, -2, 1, -1, -1, 0, 2, 1, 1, -1, 0, -1, 0, 0, 2, 2, 1, 1, 2, 1, 0], [-1, 0, 2, -1, 1, 1, 0, -2, -1, -1, 1, -1, 2, 0, 0, -2, -3, -1, -1, -2, -1, -1], [-2, -1, 1, -1, 1, 0, -1, -2, -2, -1, 0, -1, 1, 0, 0, -1, -1, -1, -1, -2, -1, 0], [2, 0, -2, 1, -1, 0, 0, 2, 1, 1, -1, 1, -1, 1, 0, 1, 2, 1, 1, 2, 1, 1], [2, 0, -3, 2, -2, -1, 0, 3, 2, 1, -1, 1, -2, 0, 0, 2, 3, 1, 2, 3, 1, 0], [-2, 0, 3, -1, 1, 1, 0, -2, -1, -1, 1, -1, 2, 0, 0, -1, -2, -1, -1, -2, -1, 0], [2, 0, -3, 1, -1, -1, 0, 2, 1, 1, -1, 1, -2, 0, 0, 2, 3, 1, 1, 2, 1, 0], [1, 0, -2, 1, -1, 0, 0, 1, 1, 1, 0, 1, -1, 0, 0, 1, 1, 1, 0, 1, 1, 0], [-1, 0, 1, -1, 0, 0, 0, -2, -1, 0, 1, -1, 1, -1, 0, 0, -1, 0, -1, -2, 0, 0], [1, 0, -1, 1, -1, 0, 0, 2, 1, 0, 0, 0, -1, 0, 0, 1, 1, 0, 1, 2, 1, 0], [1, 0, -1, 1, 0, 0, -1, 1, 0, 0, -1, 1, 0, 1, 0, -1, 1, 0, 1, 1, 0, 1], [-2, 0, 2, -1, 1, 0, 0, -2, -1, -1, 1, -1, 1, 0, 0, -1, -2, -1, -1, -2, -1, 0]]
[[1, 0, 0, 0, 0, 0, 0, 0, 0, 0, 0, 0, 0, 0, 0, 0, 0, 0, 0, 0, 0, 0], [0, 0, -1, 0, 0, 0, 0, 0, 0, 0, 0, 0, 0, 0, 0, 0, 0, 0, 0, 0, 0, -1], [0, -1, 0, 0, 1, 0, -1, 0, -1, -1, -1, 0, -1, 1, 1, 0, 1, -1, 0, 0, 0, 2], [0, 0, 0, 0, 1, 0, -1, 0, -1, -1, 0, -1, -1, 0, 1, 0, 0, -1, 0, 0, 1, 2], [0, 0, 0, 0, -1, 0, 0, -1, 0, 1, 1, 0, 0, -1, -1, 1, 0, 1, -1, -1, 0, -1], [0, 0, 0, 0, -1, 0, 1, 0, 1, 0, 1, 0, 0, -1, -1, 1, 0, 1, 0, 0, 0, -2], [0, 0, 0, 0, 0, 0, -1, 1, 0, -1, -1, 0, 0, 1, 1, -1, 0, -1, 1, 1, 0, 1], [0, 0, 0, 0, -1, 0, 0, 0, 0, 0, 1, 0, 0, -1, -1, 0, 0, 0, 0, 0, 0, -1], [0, 0, 0, 0, -1, 0, 1, -1, 1, 1, 1, 0, 0, -1, -1, 1, 0, 1, -1, -1, 0, -1], [0, 0, 0, 0, 0, -1, 0, 0, 0, 0, 0, 0, -1, 0, 0, 1, 1, 0, 0, 0, 0, 1], [0, 0, 0, 0, 0, 0, -1, 0, -1, 0, 0, 0, -1, 0, 0, 0, 1, 0, 0, 0, 0, 2], [0, 0, 0, 0, 0, 0, 1, 1, 1, 1, 0, 1, 1, 0, 0, 0, -1, 1, 0, 0, 0, -2], [0, 0, 0, 0, -1, 0, 0, 0, 0, 1, 0, 0, 1, -1, -1, 0, 0, 1, 0, 0, 0, -1], [0, 0, 0, 0, 1, 0, -1, 0, -1, -1, -1, 0, -1, 1, 0, -1, 1, -1, 1, 1, 0, 2], [0, 0, 0, 0, 1, 0, -1, 0, -1, -1, -1, 0, -1, 1, 2, 0, 1, -1, 0, 0, 0, 3], [0, 0, 0, 0, -1, 0, 2, 0, 1, 2, 1, 0, 1, -2, -2, 1, -1, 2, 0, 0, 0, -4], [0, 0, 0, 0, 0, 0, -2, 0, -1, -1, -1, 0, -1, 1, 1, 0, 2, -1, 0, 0, 0, 3], [0, 0, 0, 0, 1, 1, -1, -1, -1, -1, 0, 0, 0, 1, 1, -1, 0, -1, 0, 0, 0, 2], [0, 0, 0, 0, -1, 0, 1, -1, 0, 1, 1, 0, 0, -1, -1, 1, 0, 1, 0, -1, 0, -1], [0, 0, 0, 0, 1, 0, 0, 1, 0, 0, -1, 0, 0, 1, 1, 0, 0, 0, 0, 1, 0, 1], [0, 0, 0, 1, 1, 0, -1, 1, 0, -1, -2, 1, 0, 2, 1, -1, 1, -1, 1, 1, 0, 2], [0, 0, 0, 0, -1, 0, 1, 0, 1, 1, 1, 0, 1, -1, -1, 0, -1, 1, 0, 0, 0, -2]]
[[1, 1, -1, 1, -1, -1, 1, 2, 2, 2, 0, 1, -1, 0, -1, 2, 2, 1, 1, 2, 1, 0], [0, -1, 1, -2, 1, 1, -1, -2, -2, -2, 0, -1, 1, 0, 1, -2, -2, 0, -1, -2, -1, 0], [0, 1, -1, 2, -1, -2, 1, 4, 3, 2, -1, 1, -2, 1, -1, 3, 3, 1, 2, 3, 1, 0], [0, 1, -1, 2, -1, -1, 1, 3, 3, 2, 0, 1, -1, 1, -1, 2, 2, 1, 2, 3, 1, 0], [0, 0, 0, 0, 0, 1, 0, -2, -1, 1, 1, 0, 0, -1, -1, 0, 0, 0, -1, -1, 0, 0], [0, 0, 1, -1, 1, 1, 0, -1, -1, -1, 0, 0, 1, -1, 1, -1, -1, 0, -1, -1, 0, 0], [0, 0, 0, 0, 0, 1, 0, 0, 0, 0, 0, 0, 1, 1, 1, -1, -1, -1, 0, 0, 0, 0], [0, 0, 1, -1, 0, 1, 0, -1, -1, 0, 1, 0, 1, -1, 0, -1, -1, 0, -1, -1, 0, 0], [0, 0, 0, 0, 0, 0, 0, -1, 0, 0, 0, 0, 0, -1, 0, 0, 0, 0, -1, -1, 0, 0], [0, 1, 0, 1, 0, -1, 1, 1, 1, 1, 0, 0, -1, 0, -1, 1, 1, 0, 1, 1, 0, 0], [0, 0, -1, 1, -1, 0, 0, 0, 0, 1, 1, 0, -1, 0, -1, 1, 1, 0, 0, 0, 0, 0], [0, -1, 0, -1, 0, 0, -1, -1, -2, -1, 0, -1, 0, -1, 0, 0, 0, 0, 0, -1, 0, 0], [0, -1, 0, -1, 0, 1, 0, -2, -1, 0, 1, 0, 1, -1, 0, -1, -2, 0, -2, -2, 0, -1], [0, 0, 0, 0, 0, 0, 0, 0, 0, 0, 0, 0, 0, 1, 0, 0, 0, 0, 0, 0, 0, 0], [0, 1, -1, 2, -1, -1, 1, 2, 2, 1, 0, 0, -2, 1, -1, 2, 2, 0, 2, 2, 0, 0], [0, -1, 0, -2, 0, 0, 0, -2, -2, 0, 1, -1, 0, -3, 0, 1, -1, 1, -2, -2, 1, -1], [0, 0, 0, 1, 0, 1, 0, 0, 1, 0, 0, 1, 0, 2, 0, -1, 0, -1, 0, 0, -1, 0], [0, 1, 0, 1, 0, 0, 0, 1, 1, 0, 0, 0, 0, 1, 0, 0, 0, 0, 1, 1, 0, 0], [0, 0, 0, 0, 0, 0, 0, -1, -1, 0, 0, 0, 0, -1, 0, 0, 0, 0, 0, -1, 0, 0], [0, 0, -1, 1, 0, -1, 0, 2, 1, 0, -1, 0, -1, 1, 0, 1, 1, 0, 1, 2, 0, 0], [0, 0, 0, 1, 0, 0, 0, 1, 1, 0, -1, 1, 0, 2, 0, 0, 1, 0, 1, 1, 0, 1], [0, 0, 0, -1, 0, 0, 0, -1, -1, 0, 1, -1, 0, -2, 0, 0, -1, 0, -1, -1, 1, 0]]

####################
# ALGEBRAIC CURVES #
####################

There are 560 conics:
[0, 0, 1, 0, 0, 0, 0, 1, -1, -1, 0, 0, 0, 0, 0, 0, 1, 0, -2, 1, 0, -1]
[0, 0, -1, -1, 0, 1, 0, 1, -1, 0, 0, 1, 1, 0, -2, 2, -2, -1, 0, 1, -1, 1]
[0, 0, 2, 1, 0, -1, 0, 0, -2, 0, 1, 0, -1, 1, 1, -1, 1, 0, -2, 2, 1, -2]
[0, 0, -2, -2, 0, 2, 0, 2, 0, -1, -1, 1, 2, -1, -3, 3, -2, -1, 0, 0, -2, 2]
[0, 0, 1, 1, 0, 0, 1, 1, -2, -1, 1, 0, 0, 1, 0, 0, 1, 0, -2, 1, 0, -1]
[0, 0, -1, -2, 0, 1, -1, 1, 0, 0, -1, 1, 1, -1, -2, 2, -2, -1, 0, 1, -1, 1]
[0, 1, -1, -1, -1, 1, 0, 2, -1, -1, -1, 1, 1, 0, -3, 2, -2, -1, -1, 0, -1, 1]
[0, -1, 1, 0, 1, 0, 0, 0, -1, 0, 1, 0, 0, 0, 1, 0, 1, 0, -1, 2, 0, -1]
[1, 0, 0, 0, 0, 0, 0, 1, -1, 0, 0, 0, 1, 0, -1, 1, -1, 0, -1, 1, -1, 0]
[-1, 0, 0, -1, 0, 1, 0, 1, -1, -1, 0, 1, 0, 0, -1, 1, 0, -1, -1, 1, 0, 0]
[0, 0, 1, 0, 0, -1, 0, 0, -2, -1, 1, 1, 0, 1, 0, 1, 0, 0, -1, 2, 0, -1]
[0, 0, -1, -1, 0, 2, 0, 2, 0, 0, -1, 0, 1, -1, -2, 1, -1, -1, -1, 0, -1, 1]
[0, 0, 0, 0, 0, 0, 0, 1, -1, 0, 0, 0, 1, 0, -1, 1, -1, 0, -1, 1, -1, 1]
[0, 0, 0, -1, 0, 1, 0, 1, -1, -1, 0, 1, 0, 0, -1, 1, 0, -1, -1, 1, 0, -1]
[1, 0, -1, -2, 1, 2, -1, 2, 0, 0, -1, 1, 1, -1, -3, 3, -2, -2, 0, 0, -2, 1]
[-1, 0, 1, 1, -1, -1, 1, 0, -2, -1, 1, 0, 0, 1, 1, -1, 1, 1, -2, 2, 1, -1]
[1, -2, 2, 2, 0, -2, 1, 0, -2, 0, 2, -1, 0, 1, 2, -2, 2, 1, -2, 2, 1, -2]
[-1, 2, -2, -3, 0, 3, -1, 2, 0, -1, -2, 2, 1, -1, -4, 4, -3, -2, 0, 0, -2, 2]
[0, 0, 1, 1, -1, 0, 1, 1, -2, -1, 0, 0, 0, 0, 0, -1, 1, 0, -2, 1, 1, -1]
[0, 0, -1, -2, 1, 1, -1, 1, 0, 0, 0, 1, 1, 0, -2, 3, -2, -1, 0, 1, -2, 1]
[0, 1, -1, -1, 0, 1, 0, 1, -1, -1, -1, 1, 1, 0, -3, 3, -2, -1, -1, 1, -2, 1]
[0, -1, 1, 0, 0, 0, 0, 1, -1, 0, 1, 0, 0, 0, 1, -1, 1, 0, -1, 1, 1, -1]
[0, 1, -1, -1, 0, 1, -1, 1, -1, 0, -1, 1, 0, 0, -2, 2, -2, -1, -1, 1, -1, 0]
[0, -1, 1, 0, 0, 0, 1, 1, -1, -1, 1, 0, 1, 0, 0, 0, 1, 0, -1, 1, 0, 0]
[0, 0, 0, 0, 0, 0, 0, 1, -1, -1, 1, 0, 1, 0, 0, 0, 1, 0, -1, 1, 0, -1]
[0, 0, 0, -1, 0, 1, 0, 1, -1, 0, -1, 1, 0, 0, -2, 2, -2, -1, -1, 1, -1, 1]
[0, 0, 0, 0, 0, 1, 0, 1, -1, 0, -1, 0, 0, 0, -1, 1, -1, 0, -1, 1, -1, 0]
[0, 0, 0, -1, 0, 0, 0, 1, -1, -1, 1, 1, 1, 0, -1, 1, 0, -1, -1, 1, 0, 0]
[0, 0, 1, 0, -1, 1, 0, 1, -1, 0, 0, 0, 0, 1, -1, 1, -1, 0, -1, 1, -1, 0]
[0, 0, -1, -1, 1, 0, 0, 1, -1, -1, 0, 1, 1, -1, -1, 1, 0, -1, -1, 1, 0, 0]
[1, -1, 1, 0, 0, 0, -1, 0, -1, 1, 0, 0, 0, 0, 0, 1, -1, 0, -1, 2, -1, 0]
[-1, 1, -1, -1, 0, 1, 1, 2, -1, -2, 0, 1, 1, 0, -2, 1, 0, -1, -1, 0, 0, 0]
[0, 0, 1, 1, -1, 0, 1, 1, -2, -1, 0, 0, 0, 1, 0, 0, 0, 0, -2, 1, 1, -1]
[0, 0, -1, -2, 1, 1, -1, 1, 0, 0, 0, 1, 1, -1, -2, 2, -1, -1, 0, 1, -2, 1]
[0, 0, 0, 0, 0, 0, 0, 1, -1, 0, 1, 0, 0, 1, -1, 0, 0, 0, -1, 1, -1, -1]
[0, 0, 0, -1, 0, 1, 0, 1, -1, -1, -1, 1, 1, -1, -1, 2, -1, -1, -1, 1, 0, 1]
[0, 1, -1, -2, 0, 2, 0, 2, 0, -1, -1, 1, 1, -1, -3, 2, -1, -1, -1, 0, -2, 1]
[0, -1, 1, 1, 0, -1, 0, 0, -2, 0, 1, 0, 0, 1, 1, 0, 0, 0, -1, 2, 1, -1]
[0, 1, 0, -1, 0, 0, -1, 1, -1, 0, 0, 1, 0, 0, -1, 1, -1, 0, -1, 1, -1, 0]
[0, -1, 0, 0, 0, 1, 1, 1, -1, -1, 0, 0, 1, 0, -1, 1, 0, -1, -1, 1, 0, 0]
[0, 0, 0, 0, 0, 0, 0, 1, -1, -1, 0, 0, 1, 0, -1, 1, 0, -1, -2, 1, 0, 0]
[0, 0, 0, -1, 0, 1, 0, 1, -1, 0, 0, 1, 0, 0, -1, 1, -1, 0, 0, 1, -1, 0]
[0, 0, 0, 0, 0, 1, 0, 2, -1, -1, 0, 0, 1, 0, -1, 1, 0, -1, -1, 0, 0, 0]
[0, 0, 0, -1, 0, 0, 0, 0, -1, 0, 0, 1, 0, 0, -1, 1, -1, 0, -1, 2, -1, 0]
[1, -1, 1, 0, 1, 0, 0, 1, -1, 0, 1, 0, 1, 0, 0, 1, 0, -1, -1, 1, 0, 0]
[-1, 1, -1, -1, -1, 1, 0, 1, -1, -1, -1, 1, 0, 0, -2, 1, -1, 0, -1, 1, -1, 0]
[1, 0, 0, 0, 0, 0, 0, 1, -2, 0, 0, 1, 0, 0, -1, 1, -1, 0, -1, 1, -1, 0]
[-1, 0, 0, -1, 0, 1, 0, 1, 0, -1, 0, 0, 1, 0, -1, 1, 0, -1, -1, 1, 0, 0]
[1, 0, 0, 0, 0, 0, 0, 1, -2, -1, 0, 1, 1, 0, -1, 2, -1, -1, -1, 1, 0, 0]
[-1, 0, 0, -1, 0, 1, 0, 1, 0, 0, 0, 0, 0, 0, -1, 0, 0, 0, -1, 1, -1, 0]
[1, -1, 1, 0, 1, 0, 0, 1, -1, 1, 1, 0, 0, 0, 0, 0, 0, 0, -1, 1, -1, 0]
[-1, 1, -1, -1, -1, 1, 0, 1, -1, -2, -1, 1, 1, 0, -2, 2, -1, -1, -1, 1, 0, 0]
[0, 0, 0, 0, 0, 1, 0, 2, -1, 0, 0, 0, 0, 0, -1, 0, 0, 0, -1, 0, -1, 0]
[0, 0, 0, -1, 0, 0, 0, 0, -1, -1, 0, 1, 1, 0, -1, 2, -1, -1, -1, 2, 0, 0]
[0, 0, 0, 0, 0, 0, 0, 1, -1, 0, 0, 0, 0, 0, -1, 0, 0, 0, -2, 1, -1, 0]
[0, 0, 0, -1, 0, 1, 0, 1, -1, -1, 0, 1, 1, 0, -1, 2, -1, -1, 0, 1, 0, 0]
[0, 1, 0, -1, 0, 0, -1, 1, -1, -1, 0, 1, 1, 0, -1, 2, -1, -1, -1, 1, 0, 0]
[0, -1, 0, 0, 0, 1, 1, 1, -1, 0, 0, 0, 0, 0, -1, 0, 0, 0, -1, 1, -1, 0]
[0, 1, -1, -2, 0, 2, 0, 2, 0, -2, -1, 1, 2, -1, -3, 3, -1, -2, -1, 0, -1, 1]
[0, -1, 1, 1, 0, -1, 0, 0, -2, 1, 1, 0, -1, 1, 1, -1, 0, 1, -1, 2, 0, -1]
[0, 0, 0, 0, 0, 0, 0, 1, -1, -1, 1, 0, 1, 1, -1, 1, 0, -1, -1, 1, 0, -1]
[0, 0, 0, -1, 0, 1, 0, 1, -1, 0, -1, 1, 0, -1, -1, 1, -1, 0, -1, 1, -1, 1]
[0, 0, 1, 1, -1, 0, 1, 1, -2, 0, 0, 0, -1, 1, 0, -1, 0, 1, -2, 1, 0, -1]
[0, 0, -1, -2, 1, 1, -1, 1, 0, -1, 0, 1, 2, -1, -2, 3, -1, -2, 0, 1, -1, 1]
[0, 0, 2, 1, 0, -1, 0, 0, -2, 0, 1, 0, 0, 1, 1, 0, 1, 0, -2, 2, 0, -1]
[0, 0, -2, -2, 0, 2, 0, 2, 0, -1, -1, 1, 1, -1, -3, 2, -2, -1, 0, 0, -1, 1]
[0, 0, 1, 0, 0, 1, 0, 1, -1, 0, 0, 0, 0, 0, 0, 0, 1, -1, -2, 1, 0, -1]
[0, 0, -1, -1, 0, 0, 0, 1, -1, -1, 0, 1, 1, 0, -2, 2, -2, 0, 0, 1, -1, 1]
[1, 0, 2, 1, 0, -1, 0, 0, -2, 0, 1, 0, 0, 1, 1, 0, 1, 0, -2, 2, 0, -2]
[-1, 0, -2, -2, 0, 2, 0, 2, 0, -1, -1, 1, 1, -1, -3, 2, -2, -1, 0, 0, -1, 2]
[0, 1, 1, 0, -1, 0, 0, 1, -2, -1, 0, 1, 0, 1, -1, 1, 0, -1, -2, 1, 0, -1]
[0, -1, -1, -1, 1, 1, 0, 1, 0, 0, 0, 0, 1, -1, -1, 1, -1, 0, 0, 1, -1, 1]
[0, 0, 1, -1, 0, 0, -1, 0, -1, 0, 0, 1, 0, 0, 0, 1, 0, -1, -1, 2, 0, -1]
[0, 0, -1, 0, 0, 1, 1, 2, -1, -1, 0, 0, 1, 0, -2, 1, -1, 0, -1, 0, -1, 1]
[0, 0, 0, 0, 0, 0, 0, 1, -1, 0, 0, 0, 0, 0, -1, 0, -1, 0, -1, 1, 0, 0]
[0, 0, 0, -1, 0, 1, 0, 1, -1, -1, 0, 1, 1, 0, -1, 2, 0, -1, -1, 1, -1, 0]
[0, 0, 1, 0, 0, 0, 0, 0, -2, 0, 1, 1, 0, 1, 0, 1, 0, -1, -1, 2, 0, -1]
[0, 0, -1, -1, 0, 1, 0, 2, 0, -1, -1, 0, 1, -1, -2, 1, -1, 0, -1, 0, -1, 1]
[0, 1, -2, -3, 1, 2, -1, 2, 0, -1, -1, 2, 1, -1, -4, 4, -3, -2, 0, 0, -2, 2]
[0, -1, 2, 2, -1, -1, 1, 0, -2, 0, 1, -1, 0, 1, 2, -2, 2, 1, -2, 2, 1, -2]
[0, 1, -2, -2, 1, 2, -1, 2, 0, -1, -1, 1, 1, -1, -3, 3, -2, -1, 0, 0, -2, 1]
[0, -1, 2, 1, -1, -1, 1, 0, -2, 0, 1, 0, 0, 1, 1, -1, 1, 0, -2, 2, 1, -1]
[0, 0, 1, 1, -1, -1, 0, 0, -2, 0, 1, 0, 0, 1, 1, -1, 1, 0, -2, 2, 1, -2]
[0, 0, -1, -2, 1, 2, 0, 2, 0, -1, -1, 1, 1, -1, -3, 3, -2, -1, 0, 0, -2, 2]
[0, 0, 1, 1, -1, -1, 1, 0, -2, -1, 1, 0, 1, 1, 0, 0, 1, 0, -2, 2, 0, -1]
[0, 0, -1, -2, 1, 2, -1, 2, 0, 0, -1, 1, 0, -1, -2, 2, -2, -1, 0, 0, -1, 1]
[0, 1, -1, -1, 0, 2, 0, 2, -1, -1, -2, 1, 0, -1, -3, 2, -2, -1, -1, 0, -1, 1]
[0, -1, 1, 0, 0, -1, 0, 0, -1, 0, 2, 0, 1, 1, 1, 0, 1, 0, -1, 2, 0, -1]
[1, -1, 0, 0, 1, 0, 0, 1, -1, 0, 0, 0, 0, 0, -1, 1, -1, 0, -1, 1, -1, 0]
[-1, 1, 0, -1, -1, 1, 0, 1, -1, -1, 0, 1, 1, 0, -1, 1, 0, -1, -1, 1, 0, 0]
[1, -1, 1, 0, 0, 0, 0, 1, -1, 0, 1, 0, 1, 0, 0, 0, 1, -1, -1, 1, 0, -1]
[-1, 1, -1, -1, 0, 1, 0, 1, -1, -1, -1, 1, 0, 0, -2, 2, -2, 0, -1, 1, -1, 1]
[0, 0, 0, 1, 0, -1, 1, 1, -2, -1, 1, 0, 1, 1, 0, 0, 1, 0, -2, 1, 0, -1]
[0, 0, 0, -2, 0, 2, -1, 1, 0, 0, -1, 1, 0, -1, -2, 2, -2, -1, 0, 1, -1, 1]
[0, 0, 0, 0, 0, 0, 1, 1, -2, -1, 0, 1, 1, 0, -1, 1, 0, -1, -1, 1, 0, 0]
[0, 0, 0, -1, 0, 1, -1, 1, 0, 0, 0, 0, 0, 0, -1, 1, -1, 0, -1, 1, -1, 0]
[0, 1, 0, 0, 0, 0, 1, 1, -2, -1, 0, 1, 1, 0, -1, 1, 0, -1, -2, 1, 0, 0]
[0, -1, 0, -1, 0, 1, -1, 1, 0, 0, 0, 0, 0, 0, -1, 1, -1, 0, 0, 1, -1, 0]
[1, 0, 1, 0, 0, 0, -1, 1, -1, 0, 0, 0, 0, 0, -1, 1, -1, 0, -1, 1, -1, 0]
[-1, 0, -1, -1, 0, 1, 1, 1, -1, -1, 0, 1, 1, 0, -1, 1, 0, -1, -1, 1, 0, 0]
[0, 0, 0, 0, 0, 0, 1, 1, -1, -1, 0, 0, 1, 0, -1, 0, 1, -1, -2, 1, 0, -1]
[0, 0, 0, -1, 0, 1, -1, 1, -1, 0, 0, 1, 0, 0, -1, 2, -2, 0, 0, 1, -1, 1]
[0, 0, 1, 1, -1, 0, 0, 0, -2, 0, 0, 0, -1, 1, 0, 0, -1, 1, -1, 2, 0, -1]
[0, 0, -1, -2, 1, 1, 0, 2, 0, -1, 0, 1, 2, -1, -2, 2, 0, -2, -1, 0, -1, 1]
[0, 0, 0, 0, 1, 0, 0, 1, -1, 0, 1, 0, 1, 0, 0, 0, 1, -1, -1, 1, 0, -1]
[0, 0, 0, -1, -1, 1, 0, 1, -1, -1, -1, 1, 0, 0, -2, 2, -2, 0, -1, 1, -1, 1]
[1, 0, 2, 1, -1, -1, 0, 0, -2, -1, 0, 1, 0, 0, 0, 1, -1, 0, -2, 2, 0, 0]
[-1, 0, -2, -2, 1, 2, 0, 2, 0, 0, 0, 0, 1, 0, -2, 1, 0, -1, 0, 0, -1, 0]
[0, 1, -1, -1, 1, 1, 0, 2, -1, 0, 0, 0, 1, 0, -2, 1, 0, -1, -1, 0, -1, 0]
[0, -1, 1, 0, -1, 0, 0, 0, -1, -1, 0, 1, 0, 0, 0, 1, -1, 0, -1, 2, 0, 0]
[0, 0, 1, 1, -1, 0, 0, 0, -2, -1, 0, 1, 0, 0, 0, 1, -1, 0, -1, 2, 0, 0]
[0, 0, -1, -2, 1, 1, 0, 2, 0, 0, 0, 0, 1, 0, -2, 1, 0, -1, -1, 0, -1, 0]
[0, 0, 1, 1, -1, 0, 0, 0, -1, -1, 0, 0, 0, 0, 0, 0, 0, 0, -2, 2, 0, -1]
[0, 0, -1, -2, 1, 1, 0, 2, -1, 0, 0, 1, 1, 0, -2, 2, -1, -1, 0, 0, -1, 1]
[1, -1, 1, 0, 0, 0, -1, 0, -1, 0, 0, 1, 0, -1, 0, 1, -1, -1, -1, 2, 0, 0]
[-1, 1, -1, -1, 0, 1, 1, 2, -1, -1, 0, 0, 1, 1, -2, 1, 0, 0, -1, 0, -1, 0]
[1, -1, 2, 1, 0, -1, -1, 0, -1, 0, 1, 0, 0, 0, 1, 0, 0, 0, -1, 2, 0, -1]
[-1, 1, -2, -2, 0, 2, 1, 2, -1, -1, -1, 1, 1, 0, -3, 2, -1, -1, -1, 0, -1, 1]
[0, 0, 1, 0, -1, 1, 0, 1, -1, -1, 0, 1, 0, 0, -1, 1, -1, -1, -1, 1, 0, 0]
[0, 0, -1, -1, 1, 0, 0, 1, -1, 0, 0, 0, 1, 0, -1, 1, 0, 0, -1, 1, -1, 0]
[0, 0, 0, 0, 0, 0, 1, 1, -2, 0, 0, 0, 0, 1, -1, 0, 0, 0, -1, 1, 0, -1]
[0, 0, 0, -1, 0, 1, -1, 1, 0, -1, 0, 1, 1, -1, -1, 2, -1, -1, -1, 1, -1, 1]
[0, 0, 0, 0, 0, 1, 0, 1, -1, -1, -1, 1, 0, -1, -1, 1, -1, -1, -1, 1, 0, 0]
[0, 0, 0, -1, 0, 0, 0, 1, -1, 0, 1, 0, 1, 1, -1, 1, 0, 0, -1, 1, -1, 0]
[1, -1, 0, 0, 1, 0, 0, 1, -1, -1, 0, 1, 1, -1, -1, 2, -1, -1, -1, 1, -1, 1]
[-1, 1, 0, -1, -1, 1, 0, 1, -1, 0, 0, 0, 0, 1, -1, 0, 0, 0, -1, 1, 0, -1]
[0, 1, -1, -1, 0, 1, 0, 1, -1, -2, -1, 2, 1, -1, -2, 3, -2, -1, -1, 1, -1, 1]
[0, -1, 1, 0, 0, 0, 0, 1, -1, 1, 1, -1, 0, 1, 0, -1, 1, 0, -1, 1, 0, -1]
[0, 1, -1, -1, 0, 1, 0, 1, -1, -2, -1, 2, 1, -1, -3, 3, -2, -2, -1, 1, -1, 1]
[0, -1, 1, 0, 0, 0, 0, 1, -1, 1, 1, -1, 0, 1, 1, -1, 1, 1, -1, 1, 0, -1]
[0, 0, 1, 1, -1, 0, 1, 1, -2, 0, 0, -1, 0, 1, 0, -1, 1, 1, -2, 1, 0, -1]
[0, 0, -1, -2, 1, 1, -1, 1, 0, -1, 0, 2, 1, -1, -2, 3, -2, -2, 0, 1, -1, 1]
[0, 1, 0, -2, 0, 1, -1, 1, -1, 0, -1, 1, 0, 0, -2, 2, -1, -1, -1, 1, -1, 0]
[0, -1, 0, 1, 0, 0, 1, 1, -1, -1, 1, 0, 1, 0, 0, 0, 0, 0, -1, 1, 0, 0]
[0, 0, 0, 0, 0, 0, 0, 1, -1, -1, 0, 1, 1, -1, -1, 1, -1, -1, -1, 1, 0, 1]
[0, 0, 0, -1, 0, 1, 0, 1, -1, 0, 0, 0, 0, 1, -1, 1, 0, 0, -1, 1, -1, -1]
[1, 0, 0, 0, 0, 0, 0, 1, -1, -1, 0, 1, 1, -1, -1, 1, -1, -1, -1, 1, 0, 0]
[-1, 0, 0, -1, 0, 1, 0, 1, -1, 0, 0, 0, 0, 1, -1, 1, 0, 0, -1, 1, -1, 0]
[0, 0, 1, 0, 0, 1, 0, 1, -2, 1, 0, 0, -1, 1, 0, 0, 0, 0, -1, 1, 0, -1]
[0, 0, -1, -1, 0, 0, 0, 1, 0, -2, 0, 1, 2, -1, -2, 2, -1, -1, -1, 1, -1, 1]
[0, 0, 2, 1, 0, -1, 0, 0, -2, 1, 1, -1, -1, 2, 1, -1, 1, 1, -2, 2, 0, -2]
[0, 0, -2, -2, 0, 2, 0, 2, 0, -2, -1, 2, 2, -2, -3, 3, -2, -2, 0, 0, -1, 2]
[0, 0, 1, 1, -1, 0, 1, 1, -2, -1, 0, 1, 0, 0, 0, 0, 0, 0, -2, 1, 0, 0]
[0, 0, -1, -2, 1, 1, -1, 1, 0, 0, 0, 0, 1, 0, -2, 2, -1, -1, 0, 1, -1, 0]
[1, -1, 2, 2, 0, -1, 1, 0, -2, 0, 1, 0, 0, 0, 1, -1, 1, 0, -2, 2, 0, -1]
[-1, 1, -2, -3, 0, 2, -1, 2, 0, -1, -1, 1, 1, 0, -3, 3, -2, -1, 0, 0, -1, 1]
[0, 1, -1, -2, 0, 2, 0, 2, -1, -1, -1, 1, 1, 0, -3, 3, -2, -1, 0, 0, -1, 1]
[0, -1, 1, 1, 0, -1, 0, 0, -1, 0, 1, 0, 0, 0, 1, -1, 1, 0, -2, 2, 0, -1]
[1, -1, 1, 1, 0, -1, 0, 0, -2, 0, 1, 1, 0, 0, 1, 0, 0, 0, -1, 2, 0, -1]
[-1, 1, -1, -2, 0, 2, 0, 2, 0, -1, -1, 0, 1, 0, -3, 2, -1, -1, -1, 0, -1, 1]
[0, 1, 1, 1, -1, -1, 0, 0, -2, -1, 0, 1, 0, 0, 0, 0, 0, 0, -2, 2, 0, -1]
[0, -1, -1, -2, 1, 2, 0, 2, 0, 0, 0, 0, 1, 0, -2, 2, -1, -1, 0, 0, -1, 1]
[0, 0, 1, 1, -1, -1, 1, 0, -2, -1, 1, 1, 0, 1, 0, 0, 0, 0, -2, 2, 0, -1]
[0, 0, -1, -2, 1, 2, -1, 2, 0, 0, -1, 0, 1, -1, -2, 2, -1, -1, 0, 0, -1, 1]
[0, 0, 0, 0, 0, 1, 0, 2, -1, 0, 0, -1, 0, 1, -1, 0, 0, 0, -1, 0, 0, -1]
[0, 0, 0, -1, 0, 0, 0, 0, -1, -1, 0, 2, 1, -1, -1, 2, -1, -1, -1, 2, -1, 1]
[1, 0, 0, 0, 0, 0, 0, 1, -1, -1, 0, 1, 1, -1, -1, 1, 0, -1, -2, 1, -1, 0]
[-1, 0, 0, -1, 0, 1, 0, 1, -1, 0, 0, 0, 0, 1, -1, 1, -1, 0, 0, 1, 0, 0]
[0, 0, 0, 0, 0, 0, 0, 1, -2, 0, 0, 0, 0, 1, -1, 1, -1, 0, -1, 1, 0, 0]
[0, 0, 0, -1, 0, 1, 0, 1, 0, -1, 0, 1, 1, -1, -1, 1, 0, -1, -1, 1, -1, 0]
[0, 0, 0, 0, 0, 0, 0, 1, -1, -1, 1, 1, 1, 0, -1, 1, 0, -1, -1, 1, -1, 0]
[0, 0, 0, -1, 0, 1, 0, 1, -1, 0, -1, 0, 0, 0, -1, 1, -1, 0, -1, 1, 0, 0]
[1, -1, 2, 2, -1, -1, 0, 0, -2, 0, 1, 0, 0, 1, 1, 0, 0, 0, -2, 2, 0, -1]
[-1, 1, -2, -3, 1, 2, 0, 2, 0, -1, -1, 1, 1, -1, -3, 2, -1, -1, 0, 0, -1, 1]
[1, 0, 0, -1, 0, 1, 0, 1, -1, -1, -1, 2, 1, -1, -2, 3, -2, -2, -1, 1, -1, 1]
[-1, 0, 0, 0, 0, 0, 0, 1, -1, 0, 1, -1, 0, 1, 0, -1, 1, 1, -1, 1, 0, -1]
[0, 0, 0, 0, 0, 0, 0, 0, -1, -1, 0, 1, 1, 0, -1, 2, -1, -1, -1, 2, -1, 0]
[0, 0, 0, -1, 0, 1, 0, 2, -1, 0, 0, 0, 0, 0, -1, 0, 0, 0, -1, 0, 0, 0]
[0, 1, -1, -1, 0, 1, -1, 1, -1, -1, -1, 2, 1, -1, -2, 3, -2, -2, -1, 1, -1, 1]
[0, -1, 1, 0, 0, 0, 1, 1, -1, 0, 1, -1, 0, 1, 0, -1, 1, 1, -1, 1, 0, -1]
[0, 0, 0, 0, -1, 0, 0, 1, -1, -1, 0, 1, 1, 0, -1, 1, -1, -1, -1, 1, 0, 0]
[0, 0, 0, -1, 1, 1, 0, 1, -1, 0, 0, 0, 0, 0, -1, 1, 0, 0, -1, 1, -1, 0]
[1, 0, 0, 0, 0, 0, 0, 1, -1, -1, 0, 1, 2, -1, -1, 2, -1, -1, -1, 1, -1, 1]
[-1, 0, 0, -1, 0, 1, 0, 1, -1, 0, 0, 0, -1, 1, -1, 0, 0, 0, -1, 1, 0, -1]
[0, 0, 1, 0, 0, 0, 0, 1, -2, 0, 0, 0, -1, 1, 0, 0, 0, 1, -1, 1, 0, -1]
[0, 0, -1, -1, 0, 1, 0, 1, 0, -1, 0, 1, 2, -1, -2, 2, -1, -2, -1, 1, -1, 1]
[0, 1, -1, -1, -1, 1, 0, 1, -1, -1, -1, 2, 1, -1, -2, 2, -2, -1, -1, 1, -1, 1]
[0, -1, 1, 0, 1, 0, 0, 1, -1, 0, 1, -1, 0, 1, 0, 0, 1, 0, -1, 1, 0, -1]
[1, -1, 0, 0, 0, 0, 0, 1, -1, 0, 0, 1, 1, -1, -1, 1, -1, -1, -1, 1, -1, 1]
[-1, 1, 0, -1, 0, 1, 0, 1, -1, -1, 0, 0, 0, 1, -1, 1, 0, 0, -1, 1, 0, -1]
[0, 0, 0, 1, -1, 0, 1, 1, -1, -1, 0, 0, 1, 0, -1, 0, 0, 0, -2, 1, -1, 0]
[0, 0, 0, -2, 1, 1, -1, 1, -1, 0, 0, 1, 0, 0, -1, 2, -1, -1, 0, 1, 0, 0]
[0, 1, -1, -2, 0, 1, -1, 1, 0, -1, -1, 2, 1, -1, -3, 3, -2, -2, -1, 1, -2, 1]
[0, -1, 1, 1, 0, 0, 1, 1, -2, 0, 1, -1, 0, 1, 1, -1, 1, 1, -1, 1, 1, -1]
[0, 0, 0, 0, 0, 1, 0, 1, -1, 0, 0, 1, 0, 0, -1, 1, -1, -1, -1, 1, -1, 0]
[0, 0, 0, -1, 0, 0, 0, 1, -1, -1, 0, 0, 1, 0, -1, 1, 0, 0, -1, 1, 0, 0]
[1, 0, 1, 1, 0, -1, 0, 0, -2, 0, 0, 1, 0, 0, 0, 1, -1, 0, -2, 2, -1, 0]
[-1, 0, -1, -2, 0, 2, 0, 2, 0, -1, 0, 0, 1, 0, -2, 1, 0, -1, 0, 0, 0, 0]
[0, 0, 1, 0, -1, 0, -1, 0, -1, 0, 0, 1, 0, 0, 0, 1, -1, 0, -1, 2, -1, 0]
[0, 0, -1, -1, 1, 1, 1, 2, -1, -1, 0, 0, 1, 0, -2, 1, 0, -1, -1, 0, 0, 0]
[0, 1, -2, -2, 0, 2, 0, 2, 0, -2, -1, 2, 2, -1, -4, 4, -3, -2, 0, 0, -2, 2]
[0, -1, 2, 1, 0, -1, 0, 0, -2, 1, 1, -1, -1, 1, 2, -2, 2, 1, -2, 2, 1, -2]
[1, 0, -2, -2, 1, 1, -1, 1, 0, -1, -1, 2, 2, -2, -3, 4, -3, -2, 0, 1, -2, 2]
[-1, 0, 2, 1, -1, 0, 1, 1, -2, 0, 1, -1, -1, 2, 1, -2, 2, 1, -2, 1, 1, -2]
[0, 0, 2, 1, -1, -1, 1, 0, -3, 0, 1, 0, -1, 2, 1, -1, 1, 1, -2, 2, 1, -2]
[0, 0, -2, -2, 1, 2, -1, 2, 1, -1, -1, 1, 2, -2, -3, 3, -2, -2, 0, 0, -2, 2]
[0, 0, 1, -1, 0, 1, 0, 1, -1, 0, 0, 0, 0, 0, 0, 0, 1, 0, -1, 1, 0, -1]
[0, 0, -1, 0, 0, 0, 0, 1, -1, -1, 0, 1, 1, 0, -2, 2, -2, -1, -1, 1, -1, 1]
[0, 1, -1, 0, 0, 1, 0, 1, -1, -1, -1, 1, 1, -1, -2, 2, -2, -1, -1, 1, -1, 1]
[0, -1, 1, -1, 0, 0, 0, 1, -1, 0, 1, 0, 0, 1, 0, 0, 1, 0, -1, 1, 0, -1]
[0, 1, -2, -2, 0, 2, 0, 2, 0, -2, -2, 2, 2, -2, -4, 4, -3, -2, -1, 0, -2, 3]
[0, -1, 2, 1, 0, -1, 0, 0, -2, 1, 2, -1, -1, 2, 2, -2, 2, 1, -1, 2, 1, -3]
[0, 0, 1, 0, 0, 0, 0, 1, -2, 0, 1, 0, 0, 1, 0, 0, 1, 0, -1, 1, 0, -1]
[0, 0, -1, -1, 0, 1, 0, 1, 0, -1, -1, 1, 1, -1, -2, 2, -2, -1, -1, 1, -1, 1]
[1, 0, 0, 0, 0, 0, 0, 1, -1, -1, -1, 1, 1, -1, -2, 2, -2, -1, -1, 1, -1, 1]
[-1, 0, 0, -1, 0, 1, 0, 1, -1, 0, 1, 0, 0, 1, 0, 0, 1, 0, -1, 1, 0, -1]
[1, 0, -1, 0, 0, 1, 0, 2, -1, -1, -1, 1, 1, -1, -2, 2, -2, -1, -1, 0, -1, 1]
[-1, 0, 1, -1, 0, 0, 0, 0, -1, 0, 1, 0, 0, 1, 0, 0, 1, 0, -1, 2, 0, -1]
[0, 0, 1, 0, 0, 0, 0, 1, -1, 0, 1, -1, 0, 1, 0, -1, 2, 0, -2, 1, 0, -2]
[0, 0, -1, -1, 0, 1, 0, 1, -1, -1, -1, 2, 1, -1, -2, 3, -3, -1, 0, 1, -1, 2]
[0, 1, 0, -1, -1, 1, -1, 1, 0, -1, -1, 1, 1, -1, -2, 2, -2, -1, -1, 1, -1, 1]
[0, -1, 0, 0, 1, 0, 1, 1, -2, 0, 1, 0, 0, 1, 0, 0, 1, 0, -1, 1, 0, -1]
[1, -1, 0, -1, 0, 1, -1, 1, 0, 0, 0, 1, 1, -1, -1, 2, -2, -1, 0, 1, -1, 1]
[-1, 1, 0, 0, 0, 0, 1, 1, -2, -1, 0, 0, 0, 1, -1, 0, 1, 0, -2, 1, 0, -1]
[0, 0, 1, 0, 1, 0, 1, 1, -2, 0, 1, 0, 0, 1, 0, 0, 1, 0, -1, 1, 0, -1]
[0, 0, -1, -1, -1, 1, -1, 1, 0, -1, -1, 1, 1, -1, -2, 2, -2, -1, -1, 1, -1, 1]
[1, 0, 0, 0, -1, 1, 0, 1, -1, -1, -1, 1, 1, -1, -2, 2, -2, -1, -1, 1, -1, 1]
[-1, 0, 0, -1, 1, 0, 0, 1, -1, 0, 1, 0, 0, 1, 0, 0, 1, 0, -1, 1, 0, -1]
[0, 0, 0, 0, -1, 0, 0, 0, -1, -1, 0, 1, 1, 0, -1, 2, -2, 0, -1, 2, -1, 1]
[0, 0, 0, -1, 1, 1, 0, 2, -1, 0, 0, 0, 0, 0, -1, 0, 1, -1, -1, 0, 0, -1]
[1, 0, 1, 1, -1, -1, -1, 0, -2, 0, 0, 1, 0, 0, 0, 1, -2, 0, -1, 2, 0, 0]
[-1, 0, -1, -2, 1, 2, 1, 2, 0, -1, 0, 0, 1, 0, -2, 1, 1, -1, -1, 0, -1, 0]
[0, 1, -1, -2, 1, 1, 0, 2, -1, -1, 0, 1, 1, 0, -2, 2, 0, -1, -1, 0, -1, 0]
[0, -1, 1, 1, -1, 0, 0, 0, -1, 0, 0, 0, 0, 0, 0, 0, -1, 0, -1, 2, 0, 0]
[0, 0, 1, 1, 0, -1, 1, 1, -2, 0, 1, -1, 0, 1, 1, -2, 2, 1, -2, 1, 1, -2]
[0, 0, -1, -2, 0, 2, -1, 1, 0, -1, -1, 2, 1, -1, -3, 4, -3, -2, 0, 1, -2, 2]
[1, 0, 1, 0, 0, 0, -1, 0, -1, 0, 0, 1, 0, 0, -1, 2, -2, -1, -1, 2, -1, 0]
[-1, 0, -1, -1, 0, 1, 1, 2, -1, -1, 0, 0, 1, 0, -1, 0, 1, 0, -1, 0, 0, 0]
[0, 1, 0, 0, -1, 1, -1, 1, -1, -1, -1, 1, 0, 0, -2, 2, -2, -1, -1, 1, -1, 0]
[0, -1, 0, -1, 1, 0, 1, 1, -1, 0, 1, 0, 1, 0, 0, 0, 1, 0, -1, 1, 0, 0]
[1, 0, 0, -1, 0, 1, -1, 1, 0, -1, -1, 1, 1, -1, -2, 3, -2, -1, -1, 1, -2, 1]
[-1, 0, 0, 0, 0, 0, 1, 1, -2, 0, 1, 0, 0, 1, 0, -1, 1, 0, -1, 1, 1, -1]
[0, 1, 0, -1, -1, 1, -1, 1, -1, -1, -1, 2, 0, 0, -2, 3, -3, -1, -1, 1, -1, 1]
[0, -1, 0, 0, 1, 0, 1, 1, -1, 0, 1, -1, 1, 0, 0, -1, 2, 0, -1, 1, 0, -1]
[0, 1, 0, -1, -1, 1, -1, 0, -1, -1, -2, 2, 0, -1, -2, 3, -3, -1, -1, 2, -1, 1]
[0, -1, 0, 0, 1, 0, 1, 2, -1, 0, 2, -1, 1, 1, 0, -1, 2, 0, -1, 0, 0, -1]
[1, 0, 1, 0, 0, 1, -1, 1, -1, 0, -1, 1, 0, -1, -1, 2, -2, -1, -1, 1, -1, 1]
[-1, 0, -1, -1, 0, 0, 1, 1, -1, -1, 1, 0, 1, 1, -1, 0, 1, 0, -1, 1, 0, -1]
[0, 0, 1, 0, 0, 0, 0, 0, -2, 0, 0, 0, 0, 1, 0, 1, 0, 0, -1, 2, 0, -1]
[0, 0, -1, -1, 0, 1, 0, 2, 0, -1, 0, 1, 1, -1, -2, 1, -1, -1, -1, 0, -1, 1]
[0, 0, 1, 0, 0, 0, 0, 1, -2, 0, 1, 0, 0, 2, 0, 1, 0, 0, -1, 1, 0, -1]
[0, 0, -1, -1, 0, 1, 0, 1, 0, -1, -1, 1, 1, -2, -2, 1, -1, -1, -1, 1, -1, 1]
[0, 0, 1, -1, 0, 1, 0, 1, -1, 0, 0, 0, 0, 1, -1, 1, 0, -1, -1, 1, 0, -1]
[0, 0, -1, 0, 0, 0, 0, 1, -1, -1, 0, 1, 1, -1, -1, 1, -1, 0, -1, 1, -1, 1]
[0, 0, 0, 1, -1, 0, 1, 1, -2, -1, 0, 1, 0, 0, -1, 0, -1, 0, -1, 1, 0, 0]
[0, 0, 0, -2, 1, 1, -1, 1, 0, 0, 0, 0, 1, 0, -1, 2, 0, -1, -1, 1, -1, 0]
[1, -1, 0, 0, 0, 0, 1, 1, -1, -1, 0, 1, 1, -1, -1, 1, -1, 0, -1, 1, -1, 1]
[-1, 1, 0, -1, 0, 1, -1, 1, -1, 0, 0, 0, 0, 1, -1, 1, 0, -1, -1, 1, 0, -1]
[0, 0, 1, 0, -1, 0, 0, 1, -2, 0, 0, 0, 0, 1, 0, 0, 0, 0, -1, 1, 1, -1]
[0, 0, -1, -1, 1, 1, 0, 1, 0, -1, 0, 1, 1, -1, -2, 2, -1, -1, -1, 1, -2, 1]
[1, 0, 0, 0, 1, 0, -1, 1, -1, 0, 0, 1, 0, -1, -1, 1, -1, -1, -1, 1, -1, 0]
[-1, 0, 0, -1, -1, 1, 1, 1, -1, -1, 0, 0, 1, 1, -1, 1, 0, 0, -1, 1, 0, 0]
[0, 1, 0, -1, 0, 1, 0, 1, -1, -1, -1, 2, 0, -1, -2, 2, -2, -1, -1, 1, -1, 1]
[0, -1, 0, 0, 0, 0, 0, 1, -1, 0, 1, -1, 1, 1, 0, 0, 1, 0, -1, 1, 0, -1]
[0, 0, 0, 0, 0, 0, 0, 1, -1, -1, 0, 1, 0, 0, -1, 1, -1, 0, -1, 1, -1, 0]
[0, 0, 0, -1, 0, 1, 0, 1, -1, 0, 0, 0, 1, 0, -1, 1, 0, -1, -1, 1, 0, 0]
[0, 0, 1, 0, 0, 0, 0, 1, -1, 0, 1, -1, 1, 1, 0, 0, 1, 0, -1, 1, 0, -1]
[0, 0, -1, -1, 0, 1, 0, 1, -1, -1, -1, 2, 0, -1, -2, 2, -2, -1, -1, 1, -1, 1]
[0, 1, 0, -1, -1, 1, -1, 1, -1, -1, -1, 2, 0, -1, -2, 2, -2, -1, -1, 1, -1, 1]
[0, -1, 0, 0, 1, 0, 1, 1, -1, 0, 1, -1, 1, 1, 0, 0, 1, 0, -1, 1, 0, -1]
[0, 0, 1, 0, -1, 0, 0, 0, -1, -1, 0, 1, 0, 0, -1, 1, -1, 0, -1, 2, -1, 0]
[0, 0, -1, -1, 1, 1, 0, 2, -1, 0, 0, 0, 1, 0, -1, 1, 0, -1, -1, 0, 0, 0]
[1, -1, 1, 0, 0, -1, -1, 0, -1, 0, 1, 1, 0, 0, 0, 1, -1, 0, -1, 2, -1, 0]
[-1, 1, -1, -1, 0, 2, 1, 2, -1, -1, -1, 0, 1, 0, -2, 1, 0, -1, -1, 0, 0, 0]
[1, 0, 1, 0, 0, 0, -1, 0, -1, 0, 0, 1, 0, -1, 0, 1, -1, 0, -1, 2, -1, 0]
[-1, 0, -1, -1, 0, 1, 1, 2, -1, -1, 0, 0, 1, 1, -2, 1, 0, -1, -1, 0, 0, 0]
[0, 0, 0, 0, -1, 1, 0, 1, -1, -1, 0, 1, 0, 0, -1, 1, -1, 0, -1, 1, -1, 0]
[0, 0, 0, -1, 1, 0, 0, 1, -1, 0, 0, 0, 1, 0, -1, 1, 0, -1, -1, 1, 0, 0]
[0, 0, 1, 0, -1, 0, -1, 0, -1, 0, 0, 1, -1, 0, 0, 0, -1, 0, -1, 2, 0, -1]
[0, 0, -1, -1, 1, 1, 1, 2, -1, -1, 0, 0, 2, 0, -2, 2, 0, -1, -1, 0, -1, 1]
[0, 0, 2, 2, -1, -1, 0, 0, -2, 0, 1, 0, -1, 1, 1, -1, 0, 1, -2, 2, 0, -1]
[0, 0, -2, -3, 1, 2, 0, 2, 0, -1, -1, 1, 2, -1, -3, 3, -1, -2, 0, 0, -1, 1]
[1, -1, 2, 2, -1, -1, 0, 0, -2, 0, 0, 0, -1, 0, 1, -1, 0, 1, -2, 2, 0, -1]
[-1, 1, -2, -3, 1, 2, 0, 2, 0, -1, 0, 1, 2, 0, -3, 3, -1, -2, 0, 0, -1, 1]
[0, 0, 1, 0, 0, 0, 1, 1, -2, 0, 0, 0, 0, 1, 0, 0, 1, 0, -2, 1, 0, -1]
[0, 0, -1, -1, 0, 1, -1, 1, 0, -1, 0, 1, 1, -1, -2, 2, -2, -1, 0, 1, -1, 1]
[0, 0, 0, 0, -1, 1, 0, 1, -1, -1, -1, 1, 0, -1, -1, 1, -2, 0, -1, 1, 0, 1]
[0, 0, 0, -1, 1, 0, 0, 1, -1, 0, 1, 0, 1, 1, -1, 1, 1, -1, -1, 1, -1, -1]
[1, 0, 0, -1, 0, 1, -1, 1, -1, -1, -1, 2, 0, -1, -2, 3, -3, -1, 0, 1, -1, 1]
[-1, 0, 0, 0, 0, 0, 1, 1, -1, 0, 1, -1, 1, 1, 0, -1, 2, 0, -2, 1, 0, -1]
[0, 0, 0, 0, 0, 0, 1, 1, -2, 0, 1, 0, 1, 1, 0, 0, 1, 0, -1, 1, 0, -1]
[0, 0, 0, -1, 0, 1, -1, 1, 0, -1, -1, 1, 0, -1, -2, 2, -2, -1, -1, 1, -1, 1]
[0, 0, 1, 0, 0, 1, -1, 1, -1, 0, 0, 0, -1, 0, 0, 0, 0, 0, -1, 1, 0, -1]
[0, 0, -1, -1, 0, 0, 1, 1, -1, -1, 0, 1, 2, 0, -2, 2, -1, -1, -1, 1, -1, 1]
[0, 1, -2, -2, 1, 2, 0, 2, 0, -1, -1, 1, 2, -1, -3, 3, -1, -2, -1, 0, -2, 1]
[0, -1, 2, 1, -1, -1, 0, 0, -2, 0, 1, 0, -1, 1, 1, -1, 0, 1, -1, 2, 1, -1]
[0, 1, 0, -1, 0, 0, -1, 0, -1, 0, 0, 1, 1, 0, -1, 2, -1, -1, -1, 2, -1, 0]
[0, -1, 0, 0, 0, 1, 1, 2, -1, -1, 0, 0, 0, 0, -1, 0, 0, 0, -1, 0, 0, 0]
[1, -1, 1, 0, 1, 0, 0, 1, -1, 0, 0, 0, 0, -1, 0, 0, 0, 0, -1, 1, 0, 0]
[-1, 1, -1, -1, -1, 1, 0, 1, -1, -1, 0, 1, 1, 1, -2, 2, -1, -1, -1, 1, -1, 0]
[0, 1, 0, -1, -1, 1, 0, 1, -1, -1, -1, 1, 1, 0, -2, 2, -1, -1, -1, 1, -1, 0]
[0, -1, 0, 0, 1, 0, 0, 1, -1, 0, 1, 0, 0, 0, 0, 0, 0, 0, -1, 1, 0, 0]
[1, 0, 0, -1, 0, 0, -1, 1, -1, 0, 0, 1, 1, 0, -1, 2, -1, -1, -1, 1, -1, 0]
[-1, 0, 0, 0, 0, 1, 1, 1, -1, -1, 0, 0, 0, 0, -1, 0, 0, 0, -1, 1, 0, 0]
[0, 0, 0, 0, 0, 1, 0, 1, -1, 0, 0, 0, 1, 0, -1, 1, 0, -1, -1, 1, -1, 0]
[0, 0, 0, -1, 0, 0, 0, 1, -1, -1, 0, 1, 0, 0, -1, 1, -1, 0, -1, 1, 0, 0]
[0, 1, 0, 0, 0, 0, 0, 1, -2, -1, 0, 1, 0, 0, -1, 1, -1, 0, -1, 1, 0, 0]
[0, -1, 0, -1, 0, 1, 0, 1, 0, 0, 0, 0, 1, 0, -1, 1, 0, -1, -1, 1, -1, 0]
[1, 0, 1, 0, 0, 0, 0, 1, -1, 0, 0, 0, 1, 0, -1, 1, 0, -1, -2, 1, -1, 0]
[-1, 0, -1, -1, 0, 1, 0, 1, -1, -1, 0, 1, 0, 0, -1, 1, -1, 0, 0, 1, 0, 0]
[0, 0, 0, 0, 0, 0, 0, 1, -1, -1, 0, 0, 0, 0, -1, 0, 0, 0, -1, 1, 0, -1]
[0, 0, 0, -1, 0, 1, 0, 1, -1, 0, 0, 1, 1, 0, -1, 2, -1, -1, -1, 1, -1, 1]
[1, -1, 2, 1, 0, -1, 0, 0, -2, 1, 1, 0, 0, 1, 1, 0, 0, 0, -1, 2, 0, -1]
[-1, 1, -2, -2, 0, 2, 0, 2, 0, -2, -1, 1, 1, -1, -3, 2, -1, -1, -1, 0, -1, 1]
[0, 1, 1, 1, -1, 0, 0, 1, -2, 0, 0, 0, 0, 1, 0, 0, 0, 0, -2, 1, 0, -1]
[0, -1, -1, -2, 1, 1, 0, 1, 0, -1, 0, 1, 1, -1, -2, 2, -1, -1, 0, 1, -1, 1]
[0, 0, 1, 1, -1, 0, 1, 0, -2, 0, 0, 0, 0, 1, 0, 0, 0, 0, -2, 2, 0, -1]
[0, 0, -1, -2, 1, 1, -1, 2, 0, -1, 0, 1, 1, -1, -2, 2, -1, -1, 0, 0, -1, 1]
[0, 0, 1, 1, -1, -1, 0, 0, -2, 0, 0, 0, 0, 1, 0, 0, 0, 0, -2, 2, 0, -1]
[0, 0, -1, -2, 1, 2, 0, 2, 0, -1, 0, 1, 1, -1, -2, 2, -1, -1, 0, 0, -1, 1]
[0, 1, -2, -2, 0, 2, -1, 2, 0, -1, -1, 1, 2, -1, -3, 3, -2, -2, 0, 0, -1, 1]
[0, -1, 2, 1, 0, -1, 1, 0, -2, 0, 1, 0, -1, 1, 1, -1, 1, 1, -2, 2, 0, -1]
[0, 0, 1, 1, 0, -1, 0, 0, -2, 0, 1, 0, -1, 1, 1, -1, 1, 1, -2, 2, 0, -2]
[0, 0, -1, -2, 0, 2, 0, 2, 0, -1, -1, 1, 2, -1, -3, 3, -2, -2, 0, 0, -1, 2]
[0, 0, 1, 0, 0, 0, 0, 0, -2, 0, 0, 1, -1, 0, 0, 0, 0, 0, -1, 2, 0, -1]
[0, 0, -1, -1, 0, 1, 0, 2, 0, -1, 0, 0, 2, 0, -2, 2, -1, -1, -1, 0, -1, 1]
[0, 0, 1, 0, 0, 0, 0, 1, -2, 0, 1, 1, -1, 1, 0, 0, 0, 0, -1, 1, 0, -1]
[0, 0, -1, -1, 0, 1, 0, 1, 0, -1, -1, 0, 2, -1, -2, 2, -1, -1, -1, 1, -1, 1]
[1, -1, 0, 0, 0, 0, 0, 1, -1, 0, 0, 0, 1, 0, -1, 1, -1, -1, -1, 1, 0, 0]
[-1, 1, 0, -1, 0, 1, 0, 1, -1, -1, 0, 1, 0, 0, -1, 1, 0, 0, -1, 1, -1, 0]
[1, -1, 1, 0, 1, 0, 0, 1, -1, 0, 1, 0, 0, 0, 0, 0, 1, 0, -1, 1, -1, -1]
[-1, 1, -1, -1, -1, 1, 0, 1, -1, -1, -1, 1, 1, 0, -2, 2, -2, -1, -1, 1, 0, 1]
[0, 0, 0, 1, -1, 0, 1, 1, -2, -1, 0, 0, 1, 1, -1, 1, -1, 0, -1, 1, 0, 0]
[0, 0, 0, -2, 1, 1, -1, 1, 0, 0, 0, 1, 0, -1, -1, 1, 0, -1, -1, 1, -1, 0]
[0, 1, -1, -2, 0, 1, -1, 1, -1, -1, -1, 2, 1, 0, -3, 4, -3, -2, 0, 1, -1, 1]
[0, -1, 1, 1, 0, 0, 1, 1, -1, 0, 1, -1, 0, 0, 1, -2, 2, 1, -2, 1, 0, -1]
[0, 0, 1, 1, -1, -1, 1, 1, -2, -1, 1, 0, 0, 1, 0, -1, 1, 1, -2, 1, 0, -1]
[0, 0, -1, -2, 1, 2, -1, 1, 0, 0, -1, 1, 1, -1, -2, 3, -2, -2, 0, 1, -1, 1]
[0, 1, -1, -1, 0, 2, 0, 2, -1, -1, -1, 1, 1, 0, -3, 3, -2, -2, -1, 0, -1, 1]
[0, -1, 1, 0, 0, -1, 0, 0, -1, 0, 1, 0, 0, 0, 1, -1, 1, 1, -1, 2, 0, -1]
[1, 0, 0, 0, 1, 0, -1, 1, -1, 0, 0, 0, 1, 0, -1, 2, -1, -1, -1, 1, -1, 0]
[-1, 0, 0, -1, -1, 1, 1, 1, -1, -1, 0, 1, 0, 0, -1, 0, 0, 0, -1, 1, 0, 0]
[0, 1, -1, -2, 0, 2, -1, 2, 0, -1, -2, 1, 1, -1, -3, 3, -2, -2, -1, 0, -1, 1]
[0, -1, 1, 1, 0, -1, 1, 0, -2, 0, 2, 0, 0, 1, 1, -1, 1, 1, -1, 2, 0, -1]
[0, 1, 0, -1, 0, 1, 0, 1, -1, -1, -1, 1, 1, 0, -2, 3, -2, -1, -1, 1, -1, 1]
[0, -1, 0, 0, 0, 0, 0, 1, -1, 0, 1, 0, 0, 0, 0, -1, 1, 0, -1, 1, 0, -1]
[0, 0, 1, 0, 0, 0, 0, 1, -1, 0, 1, 0, 0, 0, 0, -1, 1, 0, -1, 1, 0, -1]
[0, 0, -1, -1, 0, 1, 0, 1, -1, -1, -1, 1, 1, 0, -2, 3, -2, -1, -1, 1, -1, 1]
[0, 1, 0, -1, -1, 1, -1, 1, -1, -1, -1, 1, 1, 0, -2, 3, -2, -1, -1, 1, -1, 1]
[0, -1, 0, 0, 1, 0, 1, 1, -1, 0, 1, 0, 0, 0, 0, -1, 1, 0, -1, 1, 0, -1]
[0, 0, 1, 0, -1, 0, -1, 0, -1, 0, 0, 0, 0, 1, 0, 1, -1, 0, -1, 2, 0, -1]
[0, 0, -1, -1, 1, 1, 1, 2, -1, -1, 0, 1, 1, -1, -2, 1, 0, -1, -1, 0, -1, 1]
[1, -1, 1, 0, 0, 0, -1, 1, -1, 0, 0, 0, 0, 0, 0, 1, -1, 0, -1, 1, 0, 0]
[-1, 1, -1, -1, 0, 1, 1, 1, -1, -1, 0, 1, 1, 0, -2, 1, 0, -1, -1, 1, -1, 0]
[0, 0, 1, 0, -1, 1, 0, 1, -1, -1, -1, 0, 0, 0, -1, 1, -1, 0, -1, 1, 0, 0]
[0, 0, -1, -1, 1, 0, 0, 1, -1, 0, 1, 1, 1, 0, -1, 1, 0, -1, -1, 1, -1, 0]
[1, 0, 0, -1, 1, 0, 0, 1, -1, 0, 0, 1, 1, -1, -1, 1, 0, -1, -1, 1, -1, 0]
[-1, 0, 0, 0, -1, 1, 0, 1, -1, -1, 0, 0, 0, 1, -1, 1, -1, 0, -1, 1, 0, 0]
[0, 0, 1, 0, 0, 0, -1, 0, -1, 0, 0, 0, 0, 0, 0, 1, -1, 0, -1, 2, 0, 0]
[0, 0, -1, -1, 0, 1, 1, 2, -1, -1, 0, 1, 1, 0, -2, 1, 0, -1, -1, 0, -1, 0]
[0, 1, 0, -1, -1, 1, -1, 1, -1, -1, -1, 1, 0, 0, -2, 2, -2, -1, -1, 1, 0, 0]
[0, -1, 0, 0, 1, 0, 1, 1, -1, 0, 1, 0, 1, 0, 0, 0, 1, 0, -1, 1, -1, 0]
[0, 0, 1, 1, 0, -1, 1, 1, -2, 0, 1, 0, 0, 1, 0, -1, 1, 0, -2, 1, 0, -1]
[0, 0, -1, -2, 0, 2, -1, 1, 0, -1, -1, 1, 1, -1, -2, 3, -2, -1, 0, 1, -1, 1]
[0, 0, 0, 1, 0, 0, 1, 1, -2, 0, 0, 0, 0, 0, 0, -1, 1, 0, -2, 1, 0, -1]
[0, 0, 0, -2, 0, 1, -1, 1, 0, -1, 0, 1, 1, 0, -2, 3, -2, -1, 0, 1, -1, 1]
[0, 0, 1, 0, -1, -1, 0, 0, -2, 0, 1, 1, 0, 1, 0, 0, 0, 0, -1, 2, 0, -1]
[0, 0, -1, -1, 1, 2, 0, 2, 0, -1, -1, 0, 1, -1, -2, 2, -1, -1, -1, 0, -1, 1]
[0, 1, -1, -1, 0, 1, 0, 2, -1, -2, -1, 1, 1, 0, -3, 3, -2, -1, -1, 0, -1, 1]
[0, -1, 1, 0, 0, 0, 0, 0, -1, 1, 1, 0, 0, 0, 1, -1, 1, 0, -1, 2, 0, -1]
[0, 0, 1, 1, -1, 0, 1, 1, -2, 0, 1, 0, 0, 1, 0, -1, 1, 0, -2, 1, 0, -1]
[0, 0, -1, -2, 1, 1, -1, 1, 0, -1, -1, 1, 1, -1, -2, 3, -2, -1, 0, 1, -1, 1]
[1, -1, 2, 2, 0, -2, 0, 0, -2, 1, 2, -1, 0, 1, 2, -2, 2, 1, -2, 2, 0, -2]
[-1, 1, -2, -3, 0, 3, 0, 2, 0, -2, -2, 2, 1, -1, -4, 4, -3, -2, 0, 0, -1, 2]
[0, 0, 1, 0, -1, 0, 0, 1, -1, 0, 0, 0, 0, 0, 0, -1, 1, 0, -2, 1, 0, -1]
[0, 0, -1, -1, 1, 1, 0, 1, -1, -1, 0, 1, 1, 0, -2, 3, -2, -1, 0, 1, -1, 1]
[0, 0, 2, 1, -1, -1, 1, 0, -2, 0, 1, 0, 0, 1, 1, -1, 1, 1, -2, 2, 0, -1]
[0, 0, -2, -2, 1, 2, -1, 2, 0, -1, -1, 1, 1, -1, -3, 3, -2, -2, 0, 0, -1, 1]
[0, 1, -1, -2, 1, 2, -1, 2, 0, -1, -1, 1, 1, -1, -3, 3, -2, -2, 0, 0, -1, 1]
[0, -1, 1, 1, -1, -1, 1, 0, -2, 0, 1, 0, 0, 1, 1, -1, 1, 1, -2, 2, 0, -1]
[0, 1, 0, -1, 0, 1, -1, 1, -1, 0, 0, 1, 0, 0, -1, 1, 0, -1, -1, 1, -1, -1]
[0, -1, 0, 0, 0, 0, 1, 1, -1, -1, 0, 0, 1, 0, -1, 1, -1, 0, -1, 1, 0, 1]
[0, 0, 1, -1, 0, 1, 0, 1, -1, 0, 0, 1, 0, 0, -1, 1, 0, -1, -1, 1, -1, 0]
[0, 0, -1, 0, 0, 0, 0, 1, -1, -1, 0, 0, 1, 0, -1, 1, -1, 0, -1, 1, 0, 0]
[0, 0, 1, 0, 0, 0, 0, 1, -1, 0, 1, 0, 0, 1, 0, 0, 1, 0, -2, 1, -1, -1]
[0, 0, -1, -1, 0, 1, 0, 1, -1, -1, -1, 1, 1, -1, -2, 2, -2, -1, 0, 1, 0, 1]
[0, 0, 1, 0, 0, 0, 0, 0, -1, 0, 0, 0, 0, 0, 0, 0, 1, 0, -2, 2, -1, -1]
[0, 0, -1, -1, 0, 1, 0, 2, -1, -1, 0, 1, 1, 0, -2, 2, -2, -1, 0, 0, 0, 1]
[1, -1, 2, 1, 0, -1, 0, 0, -2, 1, 1, 0, -1, 1, 1, -1, 1, 0, -2, 2, 0, -2]
[-1, 1, -2, -2, 0, 2, 0, 2, 0, -2, -1, 1, 2, -1, -3, 3, -2, -1, 0, 0, -1, 2]
[1, -1, -1, -1, 1, 1, 0, 2, 0, -1, 0, 0, 2, -1, -2, 2, -1, -1, 0, 0, -1, 1]
[-1, 1, 1, 0, -1, 0, 0, 0, -2, 0, 0, 1, -1, 1, 0, 0, 0, 0, -2, 2, 0, -1]
[0, 0, 2, 2, -1, -1, 1, 0, -3, 0, 1, 0, -1, 2, 1, -1, 1, 1, -2, 2, 0, -2]
[0, 0, -2, -3, 1, 2, -1, 2, 1, -1, -1, 1, 2, -2, -3, 3, -2, -2, 0, 0, -1, 2]
[0, 0, 2, 1, -1, 0, 0, 0, -2, 0, 0, 0, -1, 1, 1, 0, 0, 1, -2, 2, 0, -1]
[0, 0, -2, -2, 1, 1, 0, 2, 0, -1, 0, 1, 2, -1, -3, 2, -1, -2, 0, 0, -1, 1]
[0, 0, 2, 1, -1, 0, 0, 0, -2, 0, 0, 0, -1, 1, 0, 0, 0, 0, -2, 2, 0, -1]
[0, 0, -2, -2, 1, 1, 0, 2, 0, -1, 0, 1, 2, -1, -2, 2, -1, -1, 0, 0, -1, 1]
[0, 1, -2, -1, 0, 1, 1, 2, -1, -2, -1, 1, 2, -1, -3, 2, -1, -1, -1, 0, -1, 1]
[0, -1, 2, 0, 0, 0, -1, 0, -1, 1, 1, 0, -1, 1, 1, 0, 0, 0, -1, 2, 0, -1]
[0, 0, 1, 0, -1, 0, -1, 0, -2, 0, 0, 1, -1, 1, 0, 1, -1, 0, -1, 2, 0, -1]
[0, 0, -1, -1, 1, 1, 1, 2, 0, -1, 0, 0, 2, -1, -2, 1, 0, -1, -1, 0, -1, 1]
[0, 1, 2, 0, -1, 0, -1, 0, -2, 0, 0, 1, -1, 1, 0, 1, -1, 0, -1, 2, 0, -1]
[0, -1, -2, -1, 1, 1, 1, 2, 0, -1, 0, 0, 2, -1, -2, 1, 0, -1, -1, 0, -1, 1]
[1, 0, 1, -1, 0, 1, -1, 1, -1, 0, 0, 1, 0, 0, -1, 2, -1, -1, -1, 1, -1, 0]
[-1, 0, -1, 0, 0, 0, 1, 1, -1, -1, 0, 0, 1, 0, -1, 0, 0, 0, -1, 1, 0, 0]
[1, -1, 0, 1, 1, -1, 1, 1, -2, 0, 1, 0, 1, 0, 0, 0, 0, 0, -1, 1, 0, 0]
[-1, 1, 0, -2, -1, 2, -1, 1, 0, -1, -1, 1, 0, 0, -2, 2, -1, -1, -1, 1, -1, 0]
[0, 0, 1, 0, 0, 0, -1, 0, -1, 0, 1, 0, 0, 1, 0, 1, 0, 0, -1, 2, -1, -1]
[0, 0, -1, -1, 0, 1, 1, 2, -1, -1, -1, 1, 1, -1, -2, 1, -1, -1, -1, 0, 0, 1]
[1, -1, 3, 2, -1, -1, 0, 0, -2, 1, 1, -1, -1, 1, 2, -2, 1, 1, -2, 2, 1, -2]
[-1, 1, -3, -3, 1, 2, 0, 2, 0, -2, -1, 2, 2, -1, -4, 4, -2, -2, 0, 0, -2, 2]
[0, 1, -2, -2, 1, 2, 0, 2, -1, -1, -1, 2, 1, -1, -3, 3, -2, -2, 0, 0, -1, 1]
[0, -1, 2, 1, -1, -1, 0, 0, -1, 0, 1, -1, 0, 1, 1, -1, 1, 1, -2, 2, 0, -1]
[0, 1, -1, -1, 1, 0, 0, 1, -1, -1, 0, 1, 1, 0, -2, 2, -1, -1, -1, 1, -1, 0]
[0, -1, 1, 0, -1, 1, 0, 1, -1, 0, 0, 0, 0, 0, 0, 0, 0, 0, -1, 1, 0, 0]
[1, -1, 2, 1, -1, -1, 0, 0, -2, 0, 1, 0, 0, 1, 1, 0, 0, 1, -1, 2, 0, -1]
[-1, 1, -2, -2, 1, 2, 0, 2, 0, -1, -1, 1, 1, -1, -3, 2, -1, -2, -1, 0, -1, 1]
[0, 0, 1, -1, -1, 0, -1, 0, -1, 0, 0, 1, 0, 0, 0, 1, -1, 0, -1, 2, 0, 0]
[0, 0, -1, 0, 1, 1, 1, 2, -1, -1, 0, 0, 1, 0, -2, 1, 0, -1, -1, 0, -1, 0]
[0, 0, 1, 0, -1, 0, -1, 0, -1, 0, 0, 0, 0, 0, 0, 0, 0, 0, -1, 2, 0, -1]
[0, 0, -1, -1, 1, 1, 1, 2, -1, -1, 0, 1, 1, 0, -2, 2, -1, -1, -1, 0, -1, 1]
[0, 1, -1, -1, 1, 1, 0, 2, -1, -1, -1, 1, 1, -1, -2, 2, -1, -1, -1, 0, -1, 1]
[0, -1, 1, 0, -1, 0, 0, 0, -1, 0, 1, 0, 0, 1, 0, 0, 0, 0, -1, 2, 0, -1]
[0, 0, 1, 0, -1, 0, -1, 1, -1, 0, 1, 0, 0, 1, 0, 0, 0, 0, -1, 1, 0, -1]
[0, 0, -1, -1, 1, 1, 1, 1, -1, -1, -1, 1, 1, -1, -2, 2, -1, -1, -1, 1, -1, 1]
[0, 0, 1, 1, 0, 0, 0, 1, -2, 0, 0, 0, -1, 1, 0, 0, 0, 0, -2, 1, 0, -1]
[0, 0, -1, -2, 0, 1, 0, 1, 0, -1, 0, 1, 2, -1, -2, 2, -1, -1, 0, 1, -1, 1]
[0, 0, 1, 0, 0, 0, 0, 0, -2, 0, 0, 1, -1, 1, 0, 1, -1, 0, -1, 2, 0, -1]
[0, 0, -1, -1, 0, 1, 0, 2, 0, -1, 0, 0, 2, -1, -2, 1, 0, -1, -1, 0, -1, 1]
[0, 1, 0, -1, 0, 1, 0, 1, -2, -1, -1, 2, 0, 0, -2, 3, -2, -1, -1, 1, -1, 1]
[0, -1, 0, 0, 0, 0, 0, 1, 0, 0, 1, -1, 1, 0, 0, -1, 1, 0, -1, 1, 0, -1]
[1, 0, 0, -1, 1, 1, -1, 1, -1, 0, -1, 1, 0, -1, -1, 2, -1, -1, -1, 1, -1, 0]
[-1, 0, 0, 0, -1, 0, 1, 1, -1, -1, 1, 0, 1, 1, -1, 0, 0, 0, -1, 1, 0, 0]
[0, 0, 0, 0, 0, 0, 0, 1, -1, 0, 1, 0, 1, 0, 0, 0, 0, 0, -1, 1, 0, 0]
[0, 0, 0, -1, 0, 1, 0, 1, -1, -1, -1, 1, 0, 0, -2, 2, -1, -1, -1, 1, -1, 0]
[0, 1, 0, -1, 0, 1, 0, 1, -1, -1, -1, 1, 0, 0, -2, 2, -1, -1, -2, 1, -1, 0]
[0, -1, 0, 0, 0, 0, 0, 1, -1, 0, 1, 0, 1, 0, 0, 0, 0, 0, 0, 1, 0, 0]
[1, -1, 1, 0, 0, -1, 0, 1, -1, 0, 1, 0, 1, 0, 0, 0, 0, 0, -1, 1, 0, 0]
[-1, 1, -1, -1, 0, 2, 0, 1, -1, -1, -1, 1, 0, 0, -2, 2, -1, -1, -1, 1, -1, 0]
[0, 0, 0, 0, -1, 1, 1, 2, -1, -1, 0, 0, 1, 0, -1, 0, 0, 0, -1, 0, 0, 0]
[0, 0, 0, -1, 1, 0, -1, 0, -1, 0, 0, 1, 0, 0, -1, 2, -1, -1, -1, 2, -1, 0]
[0, 1, 0, -1, 0, 2, 0, 2, -1, -1, -1, 1, 0, 0, -2, 2, -1, -1, -1, 0, -1, 0]
[0, -1, 0, 0, 0, -1, 0, 0, -1, 0, 1, 0, 1, 0, 0, 0, 0, 0, -1, 2, 0, 0]
[1, 0, 1, -1, 1, 0, -1, 1, -1, 0, 0, 1, 0, 0, -1, 2, -1, -1, -1, 1, -1, 0]
[-1, 0, -1, 0, -1, 1, 1, 1, -1, -1, 0, 0, 1, 0, -1, 0, 0, 0, -1, 1, 0, 0]
[0, 0, 0, 0, -1, 0, 1, 1, -1, -1, 0, 0, 1, 0, -1, 0, 0, 0, -2, 1, 0, 0]
[0, 0, 0, -1, 1, 1, -1, 1, -1, 0, 0, 1, 0, 0, -1, 2, -1, -1, 0, 1, -1, 0]
[0, 1, 0, -1, 1, 1, -1, 1, -1, 0, 0, 1, 0, 0, -1, 2, -1, -1, -1, 1, -1, 0]
[0, -1, 0, 0, -1, 0, 1, 1, -1, -1, 0, 0, 1, 0, -1, 0, 0, 0, -1, 1, 0, 0]
[1, -1, 0, 0, 0, 0, 0, 1, -1, 0, 0, 0, 1, -1, 0, 0, 0, 0, -1, 1, 0, 0]
[-1, 1, 0, -1, 0, 1, 0, 1, -1, -1, 0, 1, 0, 1, -2, 2, -1, -1, -1, 1, -1, 0]
[0, 0, 0, 0, -1, 0, 1, 1, -2, -1, 0, 1, 1, 0, -1, 1, -1, 0, -1, 1, 0, 1]
[0, 0, 0, -1, 1, 1, -1, 1, 0, 0, 0, 0, 0, 0, -1, 1, 0, -1, -1, 1, -1, -1]
[0, 1, -1, -2, 1, 2, -1, 2, 0, -1, -1, 1, 1, -1, -3, 3, -1, -2, -1, 0, -2, 1]
[0, -1, 1, 1, -1, -1, 1, 0, -2, 0, 1, 0, 0, 1, 1, -1, 0, 1, -1, 2, 1, -1]
[0, 1, -1, -3, 1, 2, -1, 1, 0, -1, -1, 2, 1, -1, -3, 4, -2, -2, 0, 1, -2, 1]
[0, -1, 1, 2, -1, -1, 1, 1, -2, 0, 1, -1, 0, 1, 1, -2, 1, 1, -2, 1, 1, -1]
[0, 0, 2, 2, -1, -1, 1, 0, -3, 0, 0, 0, -1, 1, 1, -1, 0, 1, -2, 2, 1, -1]
[0, 0, -2, -3, 1, 2, -1, 2, 1, -1, 0, 1, 2, -1, -3, 3, -1, -2, 0, 0, -2, 1]
[1, -1, 1, 1, 0, 0, 1, 1, -2, 0, 0, 0, 0, 0, 0, 0, 0, 0, -2, 1, 0, 0]
[-1, 1, -1, -2, 0, 1, -1, 1, 0, -1, 0, 1, 1, 0, -2, 2, -1, -1, 0, 1, -1, 0]
[1, 0, 0, -1, 1, 0, -1, 1, -1, 0, 1, 1, 1, 0, -1, 2, -1, -1, 0, 1, -1, 0]
[-1, 0, 0, 0, -1, 1, 1, 1, -1, -1, -1, 0, 0, 0, -1, 0, 0, 0, -2, 1, 0, 0]
[0, 1, -1, -3, 0, 2, -1, 2, 0, -1, -1, 2, 1, -1, -3, 3, -2, -2, 0, 0, -1, 1]
[0, -1, 1, 2, 0, -1, 1, 0, -2, 0, 1, -1, 0, 1, 1, -1, 1, 1, -2, 2, 0, -1]
[1, -1, 2, 2, 0, -1, 1, 1, -2, 0, 1, -1, 0, 1, 1, -1, 1, 1, -2, 1, 0, -1]
[-1, 1, -2, -3, 0, 2, -1, 1, 0, -1, -1, 2, 1, -1, -3, 3, -2, -2, 0, 1, -1, 1]
[0, 1, -1, -1, 0, 1, 0, 1, -1, -1, 0, 1, 1, 0, -2, 2, -1, -1, -1, 1, -1, 0]
[0, -1, 1, 0, 0, 0, 0, 1, -1, 0, 0, 0, 0, 0, 0, 0, 0, 0, -1, 1, 0, 0]
[0, 1, -1, -1, 0, 0, -1, 1, -1, -1, 0, 1, 1, 0, -2, 2, -1, -1, -1, 1, -1, 0]
[0, -1, 1, 0, 0, 1, 1, 1, -1, 0, 0, 0, 0, 0, 0, 0, 0, 0, -1, 1, 0, 0]
[0, 0, 1, 0, 0, 0, 0, 1, -1, 0, 0, 0, 0, 0, 0, 0, 0, 0, -2, 1, 0, 0]
[0, 0, -1, -1, 0, 1, 0, 1, -1, -1, 0, 1, 1, 0, -2, 2, -1, -1, 0, 1, -1, 0]
[0, 1, -1, -2, 0, 1, -1, 1, 0, -1, -1, 1, 1, -1, -2, 2, -1, -1, -1, 1, -1, 0]
[0, -1, 1, 1, 0, 0, 1, 1, -2, 0, 1, 0, 0, 1, 0, 0, 0, 0, -1, 1, 0, 0]
[1, 0, 0, -1, 0, 0, 0, 1, -1, -1, 0, 1, 1, 0, -2, 2, -1, -1, -1, 1, -1, 0]
[-1, 0, 0, 0, 0, 1, 0, 1, -1, 0, 0, 0, 0, 0, 0, 0, 0, 0, -1, 1, 0, 0]
[1, -2, 1, 1, 1, 0, 0, 1, -1, 1, 1, -1, 0, 0, 1, -1, 1, 0, -1, 1, 0, -1]
[-1, 2, -1, -2, -1, 1, 0, 1, -1, -2, -1, 2, 1, 0, -3, 3, -2, -1, -1, 1, -1, 1]
[0, 0, 1, 1, 0, 0, 0, 1, -1, 0, 0, -1, 0, 0, 0, -1, 1, 0, -2, 1, 0, -1]
[0, 0, -1, -2, 0, 1, 0, 1, -1, -1, 0, 2, 1, 0, -2, 3, -2, -1, 0, 1, -1, 1]
[0, 1, -1, -2, 0, 1, -1, 1, -1, -1, -1, 2, 1, -1, -2, 3, -2, -1, 0, 1, -1, 1]
[0, -1, 1, 1, 0, 0, 1, 1, -1, 0, 1, -1, 0, 1, 0, -1, 1, 0, -2, 1, 0, -1]
[0, 1, 0, 0, -1, 0, 0, 1, -2, -1, 0, 1, 0, 1, -1, 1, -1, 0, -1, 1, 0, -1]
[0, -1, 0, -1, 1, 1, 0, 1, 0, 0, 0, 0, 1, -1, -1, 1, 0, -1, -1, 1, -1, 1]
[0, 0, 1, 1, -1, -1, 1, 0, -2, -1, 0, 0, 0, 1, 0, 0, 0, 1, -2, 2, 0, -1]
[0, 0, -1, -2, 1, 2, -1, 2, 0, 0, 0, 1, 1, -1, -2, 2, -1, -2, 0, 0, -1, 1]
[0, 0, 0, 0, -1, 1, 1, 1, -2, -1, -1, 1, 0, 0, -1, 1, -1, 0, -1, 1, 0, 0]
[0, 0, 0, -1, 1, 0, -1, 1, 0, 0, 1, 0, 1, 0, -1, 1, 0, -1, -1, 1, -1, 0]
[0, 1, 0, 0, -1, 0, 0, 1, -2, -1, -1, 1, 0, 0, -1, 1, -1, 0, -2, 1, 0, 0]
[0, -1, 0, -1, 1, 1, 0, 1, 0, 0, 1, 0, 1, 0, -1, 1, 0, -1, 0, 1, -1, 0]
[1, -1, 1, 0, 0, -1, 0, 0, -2, 0, 0, 1, 0, 0, 0, 1, -1, 0, -1, 2, 0, 0]
[-1, 1, -1, -1, 0, 2, 0, 2, 0, -1, 0, 0, 1, 0, -2, 1, 0, -1, -1, 0, -1, 0]
[0, 0, 0, 0, 0, 0, 0, 0, -2, 0, 0, 1, 0, 0, 0, 1, -1, 0, -1, 2, 0, 0]
[0, 0, 0, -1, 0, 1, 0, 2, 0, -1, 0, 0, 1, 0, -2, 1, 0, -1, -1, 0, -1, 0]
[1, 0, 0, -1, 1, 1, -1, 2, 0, 0, 0, 0, 1, -1, -1, 1, 0, -1, -1, 0, -1, 0]
[-1, 0, 0, 0, -1, 0, 1, 0, -2, -1, 0, 1, 0, 1, -1, 1, -1, 0, -1, 2, 0, 0]
[0, 0, 0, 1, -1, 0, 1, 1, -2, -1, 0, 0, 0, 1, -1, 0, 0, 0, -2, 1, 0, -1]
[0, 0, 0, -2, 1, 1, -1, 1, 0, 0, 0, 1, 1, -1, -1, 2, -1, -1, 0, 1, -1, 1]
[1, 0, 1, 1, 0, -1, 0, 0, -2, 0, 0, 0, 0, 0, 0, 0, 0, 0, -2, 2, 0, -1]
[-1, 0, -1, -2, 0, 2, 0, 2, 0, -1, 0, 1, 1, 0, -2, 2, -1, -1, 0, 0, -1, 1]
[0, 1, 0, -1, 0, 1, 0, 2, -1, -1, 0, 1, 1, 0, -2, 2, -1, -1, -1, 0, -1, 1]
[0, -1, 0, 0, 0, 0, 0, 0, -1, 0, 0, 0, 0, 0, 0, 0, 0, 0, -1, 2, 0, -1]
[0, 0, 1, 0, 0, 0, 0, 1, -1, 0, 1, 0, 0, 1, 0, 0, 0, 0, -1, 1, 0, -1]
[0, 0, -1, -1, 0, 1, 0, 1, -1, -1, -1, 1, 1, -1, -2, 2, -1, -1, -1, 1, -1, 1]
[1, 0, 1, 0, 0, 0, 0, 1, -2, 0, 0, 1, 0, 0, 0, 1, -1, 0, -1, 1, 0, 0]
[-1, 0, -1, -1, 0, 1, 0, 1, 0, -1, 0, 0, 1, 0, -2, 1, 0, -1, -1, 1, -1, 0]
[0, 0, 1, 0, -1, 0, 1, 1, -2, -1, 0, 1, 0, 1, -1, 1, -1, 0, -1, 1, 0, 0]
[0, 0, -1, -1, 1, 1, -1, 1, 0, 0, 0, 0, 1, -1, -1, 1, 0, -1, -1, 1, -1, 0]
[1, -1, 0, 0, 1, 0, 0, 1, -1, 0, 1, 0, 1, 0, -1, 1, 0, -1, -1, 1, -1, 0]
[-1, 1, 0, -1, -1, 1, 0, 1, -1, -1, -1, 1, 0, 0, -1, 1, -1, 0, -1, 1, 0, 0]
[0, 0, 0, 0, 0, 1, 0, 1, -1, 0, 0, 0, 0, 0, -1, 0, 0, -1, -1, 1, 0, -1]
[0, 0, 0, -1, 0, 0, 0, 1, -1, -1, 0, 1, 1, 0, -1, 2, -1, 0, -1, 1, -1, 1]
[1, -1, 1, 0, 0, 0, 0, 1, -1, 0, 0, 0, 0, 0, 0, 0, 0, 0, -1, 1, 0, -1]
[-1, 1, -1, -1, 0, 1, 0, 1, -1, -1, 0, 1, 1, 0, -2, 2, -1, -1, -1, 1, -1, 1]
[1, 0, 0, -1, 0, 1, 0, 2, -1, -1, -1, 1, 1, -1, -2, 2, -1, -1, -1, 0, -1, 1]
[-1, 0, 0, 0, 0, 0, 0, 0, -1, 0, 1, 0, 0, 1, 0, 0, 0, 0, -1, 2, 0, -1]
[0, 0, 1, 1, 0, -1, 0, 0, -2, 0, 1, 0, 0, 1, 0, 0, 0, 0, -1, 2, 0, -1]
[0, 0, -1, -2, 0, 2, 0, 2, 0, -1, -1, 1, 1, -1, -2, 2, -1, -1, -1, 0, -1, 1]
[0, 0, 0, 1, 0, 0, 0, 1, -2, 0, 1, 0, 0, 1, 0, 0, 0, 0, -1, 1, 0, -1]
[0, 0, 0, -2, 0, 1, 0, 1, 0, -1, -1, 1, 1, -1, -2, 2, -1, -1, -1, 1, -1, 1]
[0, 0, 1, 1, 0, -1, 0, 0, -2, 0, 1, 0, 0, 1, 1, 0, 0, 1, -1, 2, 0, -1]
[0, 0, -1, -2, 0, 2, 0, 2, 0, -1, -1, 1, 1, -1, -3, 2, -1, -2, -1, 0, -1, 1]
[1, -1, 0, -1, 1, 1, 0, 1, 0, 0, 0, 0, 1, -1, -1, 1, 0, -1, -1, 1, -1, 0]
[-1, 1, 0, 0, -1, 0, 0, 1, -2, -1, 0, 1, 0, 1, -1, 1, -1, 0, -1, 1, 0, 0]
[1, -1, 0, -1, 1, 0, -1, 1, 0, 0, 0, 0, 1, -1, -1, 1, 0, -1, -1, 1, -1, 0]
[-1, 1, 0, 0, -1, 1, 1, 1, -2, -1, 0, 1, 0, 1, -1, 1, -1, 0, -1, 1, 0, 0]
[0, 0, 1, 0, 0, -1, 0, 0, -2, 0, 1, 1, 0, 1, 0, 1, -1, 0, -1, 2, 0, 0]
[0, 0, -1, -1, 0, 2, 0, 2, 0, -1, -1, 0, 1, -1, -2, 1, 0, -1, -1, 0, -1, 0]
[1, 0, 1, 1, 0, 0, 0, 1, -2, 0, 0, 0, 0, 0, 0, 0, 0, 0, -1, 1, 0, -1]
[-1, 0, -1, -2, 0, 1, 0, 1, 0, -1, 0, 1, 1, 0, -2, 2, -1, -1, -1, 1, -1, 1]
[1, -1, 1, 1, 0, -1, 0, 1, -2, 0, 1, 0, 0, 1, 0, 0, 0, 0, -1, 1, 0, -1]
[-1, 1, -1, -2, 0, 2, 0, 1, 0, -1, -1, 1, 1, -1, -2, 2, -1, -1, -1, 1, -1, 1]
[1, -1, 1, 1, 0, 0, 1, 1, -2, 0, 1, 0, 0, 1, 0, 0, 0, 0, -1, 1, 0, -1]
[-1, 1, -1, -2, 0, 1, -1, 1, 0, -1, -1, 1, 1, -1, -2, 2, -1, -1, -1, 1, -1, 1]
[1, 0, 1, 1, 0, -1, 0, 1, -2, 0, 1, 0, 0, 1, 0, 0, 0, 0, -2, 1, 0, -1]
[-1, 0, -1, -2, 0, 2, 0, 1, 0, -1, -1, 1, 1, -1, -2, 2, -1, -1, 0, 1, -1, 1]
[0, 1, 1, 1, -1, 0, 1, 1, -2, -1, 0, 0, 0, 1, -1, 0, 0, 0, -2, 1, 0, -1]
[0, -1, -1, -2, 1, 1, -1, 1, 0, 0, 0, 1, 1, -1, -1, 2, -1, -1, 0, 1, -1, 1]
[1, 0, 1, 0, 0, 0, 0, 1, -2, 0, 0, 1, 0, 0, -1, 1, -1, -1, -1, 1, 0, 0]
[-1, 0, -1, -1, 0, 1, 0, 1, 0, -1, 0, 0, 1, 0, -1, 1, 0, 0, -1, 1, -1, 0]
[0, 0, 0, 0, 0, 0, -1, 1, -1, 0, 0, 0, 0, 0, 0, 0, 0, 0, -1, 1, 0, -1]
[0, 0, 0, -1, 0, 1, 1, 1, -1, -1, 0, 1, 1, 0, -2, 2, -1, -1, -1, 1, -1, 1]
[0, 0, 0, 0, 0, 1, 0, 1, -1, 0, 0, 0, 0, 0, 0, 0, 0, 0, -1, 1, 0, -1]
[0, 0, 0, -1, 0, 0, 0, 1, -1, -1, 0, 1, 1, 0, -2, 2, -1, -1, -1, 1, -1, 1]
[0, 1, 0, -1, 0, 1, 0, 1, -1, -1, -1, 1, 1, -1, -2, 2, -1, -1, -1, 1, -1, 1]
[0, -1, 0, 0, 0, 0, 0, 1, -1, 0, 1, 0, 0, 1, 0, 0, 0, 0, -1, 1, 0, -1]
[1, -1, 1, 0, 1, -1, -1, 0, -1, 1, 1, 0, 0, 0, 1, 0, 0, 0, -1, 2, 0, -1]
[-1, 1, -1, -1, -1, 2, 1, 2, -1, -2, -1, 1, 1, 0, -3, 2, -1, -1, -1, 0, -1, 1]
[1, -1, 0, 0, 1, 0, 0, 1, -1, 0, 1, 0, 1, 0, 0, 1, 0, 0, -1, 1, -1, 0]
[-1, 1, 0, -1, -1, 1, 0, 1, -1, -1, -1, 1, 0, 0, -2, 1, -1, -1, -1, 1, 0, 0]
[1, 0, 0, -1, 1, 0, -1, 1, -1, 0, 0, 1, 1, -1, -1, 2, -1, -1, -1, 1, -1, 1]
[-1, 0, 0, 0, -1, 1, 1, 1, -1, -1, 0, 0, 0, 1, -1, 0, 0, 0, -1, 1, 0, -1]
[1, -1, 0, -1, 1, 1, 0, 1, -1, 0, 0, 1, 1, -1, -1, 2, -1, -1, 0, 1, -1, 1]
[-1, 1, 0, 0, -1, 0, 0, 1, -1, -1, 0, 0, 0, 1, -1, 0, 0, 0, -2, 1, 0, -1]
[1, -1, 1, 0, 1, -1, 0, 0, -1, 0, 1, 0, 1, 0, 0, 1, 0, 0, -1, 2, -1, 0]
[-1, 1, -1, -1, -1, 2, 0, 2, -1, -1, -1, 1, 0, 0, -2, 1, -1, -1, -1, 0, 0, 0]
[0, 0, 1, 0, 0, 0, 0, 0, -1, 0, 0, 0, 0, 0, 0, 0, 0, 0, -1, 2, 0, -1]
[0, 0, -1, -1, 0, 1, 0, 2, -1, -1, 0, 1, 1, 0, -2, 2, -1, -1, -1, 0, -1, 1]
[0, 1, -1, -1, 0, 2, 0, 2, -1, -1, -1, 1, 1, -1, -2, 2, -1, -1, -1, 0, -1, 1]
[0, -1, 1, 0, 0, -1, 0, 0, -1, 0, 1, 0, 0, 1, 0, 0, 0, 0, -1, 2, 0, -1]
[0, 1, 0, -1, 0, 1, -1, 1, -1, 0, -1, 1, 0, -1, -1, 1, -1, -1, -1, 1, 0, 0]
[0, -1, 0, 0, 0, 0, 1, 1, -1, -1, 1, 0, 1, 1, -1, 1, 0, 0, -1, 1, -1, 0]
[0, 1, 0, 0, 0, 0, 0, 1, -1, -1, 0, 0, 1, 0, -1, 1, 0, 0, -2, 1, -1, 0]
[0, -1, 0, -1, 0, 1, 0, 1, -1, 0, 0, 1, 0, 0, -1, 1, -1, -1, 0, 1, 0, 0]
[0, 0, 0, 0, 0, 0, 0, 1, -1, -1, 0, 0, 1, 0, -1, 1, 0, 0, -1, 1, -1, 0]
[0, 0, 0, -1, 0, 1, 0, 1, -1, 0, 0, 1, 0, 0, -1, 1, -1, -1, -1, 1, 0, 0]
[0, 0, 0, 0, 0, 1, 1, 1, -1, -1, 0, 0, 1, 0, -1, 1, 0, 0, -1, 1, -1, 0]
[0, 0, 0, -1, 0, 0, -1, 1, -1, 0, 0, 1, 0, 0, -1, 1, -1, -1, -1, 1, 0, 0]

################
# DISCRIMINANT #
################

The discriminant has 5 components of degree 1:
3*Z[0] - 4*Z[1]
4*Z[0] + 3*Z[1]
Z[0]
Z[0] + 32*Z[1]
Z[1]

#############
# MONODROMY #
#############

Generators of the monodromy group on the second homology group:
[[-1, -1, 1, -1, 0, 0, 0, -1, -1, -1, 0, -1, 0, 0, 0, -1, -1, -1, 0, -1, -1, 0], [0, 0, -1, 1, 0, 0, -1, 1, 1, 1, -1, 2, 1, 1, 0, 0, 1, 1, 0, 1, 1, 0], [0, -1, 0, -3, -1, 0, 0, -2, -3, -3, 1, -4, -1, -1, 2, -2, -3, -3, 0, -2, -3, 0], [0, 0, 0, -4, -1, 0, 1, -2, -3, -3, 2, -5, -2, -2, 3, -1, -3, -3, 0, -2, -3, 0], [0, 0, 0, 2, 0, 0, 1, 1, 2, 2, 0, 2, 0, 0, -2, 2, 2, 2, 0, 1, 2, 0], [0, 0, 0, 3, 1, 1, -1, 0, 2, 3, 0, 4, 2, 1, -3, 1, 2, 3, -1, 1, 3, 0], [0, 0, 0, -2, 1, 0, 0, -1, -2, -2, 0, -2, 0, 0, 2, -2, -2, -2, 0, -1, -2, 0], [0, 0, 0, 2, 1, 0, 0, 1, 2, 2, -1, 3, 1, 1, -2, 1, 2, 2, 0, 2, 2, 0], [0, 0, 0, 2, 0, 0, 0, 0, 1, 2, 0, 2, 0, 0, -2, 2, 2, 2, 0, 0, 2, 0], [0, 0, 0, -1, -1, 0, 1, -1, -1, -1, 1, -2, -1, -1, 1, 0, -1, -2, 0, -1, -1, 0], [0, 0, 0, -2, 0, 0, 1, -1, -2, -2, 0, -3, -1, -1, 2, -1, -2, -2, 0, -1, -2, 0], [0, 0, 0, 3, 0, 0, -1, 2, 3, 3, -1, 3, 1, 1, -3, 2, 3, 3, 0, 2, 3, 0], [0, 0, 0, 3, 1, 0, 0, 2, 3, 3, -1, 4, 0, 1, -3, 2, 3, 3, 0, 2, 3, 0], [0, 0, 0, -4, 0, 0, 0, -2, -4, -4, 0, -4, 0, -1, 4, -4, -4, -4, 0, -2, -4, 0], [0, 0, 0, -4, -1, 0, 1, -3, -4, -4, 2, -6, -2, -2, 3, -2, -4, -4, 0, -3, -4, 0], [0, 0, 0, 6, 0, 0, -1, 4, 6, 6, -1, 7, 1, 1, -6, 4, 6, 6, 0, 4, 6, 0], [0, 0, 0, -3, 1, 0, 1, -2, -3, -3, 0, -3, 0, 0, 3, -3, -4, -3, 0, -2, -3, 0], [0, 0, 0, -3, 0, 0, 0, -2, -3, -4, 1, -4, -1, -1, 3, -2, -3, -3, 0, -2, -3, 0], [0, 0, 0, 2, 0, 0, 0, 0, 2, 2, 0, 2, 0, 0, -2, 2, 2, 2, -1, 0, 2, 0], [0, 0, 0, -2, -1, 0, 0, 0, -2, -2, 1, -3, -1, -1, 2, -1, -2, -2, 0, -1, -2, 0], [0, 0, 0, -3, 0, 0, 0, -2, -3, -3, 0, -3, 0, 0, 3, -3, -3, -3, 0, -2, -4, 0], [0, 0, 0, 2, 0, 0, 0, 1, 2, 2, 0, 2, 0, 0, -2, 2, 2, 2, 0, 1, 2, -1]]
[[-1, 0, 0, -1, -1, -1, 1, 0, -1, -1, 1, -3, -2, -2, 1, 1, -1, -2, 0, -1, -1, -1], [1, -1, 1, 1, 2, 2, -2, -1, 1, 0, -2, 4, 3, 3, -2, -3, 1, 2, 0, 1, 1, 1], [-2, 2, 0, -5, -3, -3, 5, -1, -4, -1, 4, -10, -4, -7, 4, 2, -6, -5, 0, -3, -4, -4], [-3, 1, 0, -7, -4, -3, 5, -3, -7, -2, 6, -13, -5, -9, 5, 2, -8, -6, -1, -6, -5, -4], [0, -1, 0, 2, 1, 0, -2, 1, 2, 0, -2, 3, 1, 3, -1, 0, 2, 1, 0, 1, 1, 1], [3, -1, 0, 6, 3, 2, -4, 3, 6, 2, -5, 11, 4, 7, -5, -1, 7, 6, 1, 5, 5, 3], [0, 0, -1, -2, -2, 0, 1, -1, -2, 0, 2, -3, -1, -2, 2, 1, -2, -1, -1, -2, -1, -1], [2, -1, 0, 4, 2, 2, -3, 2, 4, 1, -3, 7, 3, 5, -3, -1, 4, 4, 0, 3, 3, 2], [1, 0, 0, 3, 1, 0, -2, 2, 3, 1, -2, 5, 1, 3, -2, 0, 4, 2, 1, 2, 2, 2], [-2, 1, 0, -3, -2, -3, 3, 0, -2, -1, 2, -6, -3, -4, 3, 2, -3, -3, 0, -2, -3, -2], [-2, 1, 0, -4, -2, -2, 3, -1, -3, -1, 3, -7, -2, -4, 4, 1, -5, -4, -1, -3, -3, -2], [2, -1, 0, 5, 3, 3, -3, 1, 5, 2, -3, 9, 3, 5, -5, -1, 5, 5, 0, 4, 5, 2], [2, -1, 0, 5, 2, 3, -4, 1, 4, 2, -2, 8, 3, 5, -5, 0, 6, 5, 0, 3, 5, 3], [-2, 1, 0, -6, -2, -2, 4, -2, -5, -2, 3, -9, -2, -5, 6, 0, -7, -5, -1, -4, -5, -3], [-3, 2, 0, -7, -4, -4, 6, -2, -6, -2, 5, -13, -5, -8, 6, 2, -8, -7, 0, -5, -6, -4], [3, -2, 0, 9, 5, 4, -6, 3, 8, 3, -6, 15, 5, 9, -8, -1, 10, 8, 1, 7, 8, 4], [-1, 1, 0, -5, -3, -2, 3, -2, -4, -1, 3, -8, -2, -4, 4, 1, -5, -4, -1, -4, -4, -2], [-2, 1, 0, -4, -2, -2, 3, -1, -4, -1, 2, -7, -2, -4, 4, 0, -5, -4, 0, -3, -4, -2], [1, 0, 0, 4, 2, 1, -2, 2, 4, 1, -3, 6, 2, 4, -2, 0, 4, 3, 1, 3, 3, 2], [-2, 1, 0, -4, -2, -2, 3, -1, -4, -1, 3, -7, -3, -5, 3, 1, -4, -4, 0, -2, -3, -2], [-1, 1, 0, -4, -2, -1, 3, -2, -4, -2, 3, -7, -2, -4, 4, 0, -5, -4, 0, -3, -4, -2], [1, -1, -1, 4, 1, 1, -3, 2, 3, 1, -2, 6, 1, 3, -3, 0, 5, 3, 1, 3, 3, 2]]
[[1, 0, 0, 0, 0, 0, 0, 0, 0, 0, 0, 0, 0, 0, 0, 0, 0, 0, 0, 0, 0, 0], [0, 1, 0, 0, 0, 0, 0, 0, 0, 0, 0, 0, 0, 0, 0, 0, 0, 0, 0, 0, 0, 0], [0, 0, 1, 0, 0, 0, 0, 0, 0, 0, 0, 0, 0, 0, 0, 0, 0, 0, 0, 0, 0, 0], [0, 0, 0, 1, 0, 0, 0, 0, 0, 0, 0, 0, 0, 0, 0, 0, 0, 0, 0, 0, 0, 0], [0, 0, 0, 0, 1, 0, 0, 0, 0, 0, 0, 0, 0, 0, 0, 0, 0, 0, 0, 0, 0, 0], [0, 0, 0, 0, 0, 1, 0, 0, 0, 0, 0, 0, 0, 0, 0, 0, 0, 0, 0, 0, 0, 0], [0, 0, 0, 0, 0, 0, 1, 0, 0, 0, 0, 0, 0, 0, 0, 0, 0, 0, 0, 0, 0, 0], [0, 0, 0, 0, 0, 0, 0, 1, 0, 0, 0, 0, 0, 0, 0, 0, 0, 0, 0, 0, 0, 0], [0, 0, 0, 0, 0, 0, 0, 0, 1, 0, 0, 0, 0, 0, 0, 0, 0, 0, 0, 0, 0, 0], [0, 0, 0, 0, 0, 0, 0, 0, 0, 1, 0, 0, 0, 0, 0, 0, 0, 0, 0, 0, 0, 0], [0, 0, 0, 0, 0, 0, 0, 0, 0, 0, 1, 0, 0, 0, 0, 0, 0, 0, 0, 0, 0, 0], [0, 0, 0, 0, 0, 0, 0, 0, 0, 0, 0, 1, 0, 0, 0, 0, 0, 0, 0, 0, 0, 0], [0, 0, 0, 0, 0, 0, 0, 0, 0, 0, 0, 0, 1, 0, 0, 0, 0, 0, 0, 0, 0, 0], [0, 0, 0, 0, 0, 0, 0, 0, 0, 0, 0, 0, 0, 1, 0, 0, 0, 0, 0, 0, 0, 0], [0, 0, 0, 0, 0, 0, 0, 0, 0, 0, 0, 0, 0, 0, 1, 0, 0, 0, 0, 0, 0, 0], [0, 0, 0, 0, 0, 0, 0, 0, 0, 0, 0, 0, 0, 0, 0, 1, 0, 0, 0, 0, 0, 0], [0, 0, 0, 0, 0, 0, 0, 0, 0, 0, 0, 0, 0, 0, 0, 0, 1, 0, 0, 0, 0, 0], [0, 0, 0, 0, 0, 0, 0, 0, 0, 0, 0, 0, 0, 0, 0, 0, 0, 1, 0, 0, 0, 0], [0, 0, 0, 0, 0, 0, 0, 0, 0, 0, 0, 0, 0, 0, 0, 0, 0, 0, 1, 0, 0, 0], [0, 0, 0, 0, 0, 0, 0, 0, 0, 0, 0, 0, 0, 0, 0, 0, 0, 0, 0, 1, 0, 0], [0, 0, 0, 0, 0, 0, 0, 0, 0, 0, 0, 0, 0, 0, 0, 0, 0, 0, 0, 0, 1, 0], [0, 0, 0, 0, 0, 0, 0, 0, 0, 0, 0, 0, 0, 0, 0, 0, 0, 0, 0, 0, 0, 1]]
[[1, 0, 0, 0, 0, 0, 0, 0, 0, 0, 0, 0, 0, 0, 0, 0, 0, 0, 0, 0, 0, 0], [0, 1, 0, 0, 0, 0, 0, 0, 0, 0, 0, 0, 0, 0, 0, 0, 0, 0, 0, 0, 0, 0], [0, 0, 1, 0, 0, 0, 0, 0, 0, 0, 0, 0, 0, 0, 0, 0, 0, 0, 0, 0, 0, 0], [0, 0, 0, 1, 0, 0, 0, 0, 0, 0, 0, 0, 0, 0, 0, 0, 0, 0, 0, 0, 0, 0], [0, 0, 0, 0, 1, 0, 0, 0, 0, 0, 0, 0, 0, 0, 0, 0, 0, 0, 0, 0, 0, 0], [0, 0, 0, 0, 0, 1, 0, 0, 0, 0, 0, 0, 0, 0, 0, 0, 0, 0, 0, 0, 0, 0], [0, 0, 0, 0, 0, 0, 1, 0, 0, 0, 0, 0, 0, 0, 0, 0, 0, 0, 0, 0, 0, 0], [0, 0, 0, 0, 0, 0, 0, 1, 0, 0, 0, 0, 0, 0, 0, 0, 0, 0, 0, 0, 0, 0], [0, 0, 0, 0, 0, 0, 0, 0, 1, 0, 0, 0, 0, 0, 0, 0, 0, 0, 0, 0, 0, 0], [0, 0, 0, 0, 0, 0, 0, 0, 0, 1, 0, 0, 0, 0, 0, 0, 0, 0, 0, 0, 0, 0], [0, 0, 0, 0, 0, 0, 0, 0, 0, 0, 1, 0, 0, 0, 0, 0, 0, 0, 0, 0, 0, 0], [0, 0, 0, 0, 0, 0, 0, 0, 0, 0, 0, 1, 0, 0, 0, 0, 0, 0, 0, 0, 0, 0], [0, 0, 0, 0, 0, 0, 0, 0, 0, 0, 0, 0, 1, 0, 0, 0, 0, 0, 0, 0, 0, 0], [0, 0, 0, 0, 0, 0, 0, 0, 0, 0, 0, 0, 0, 1, 0, 0, 0, 0, 0, 0, 0, 0], [0, 0, 0, 0, 0, 0, 0, 0, 0, 0, 0, 0, 0, 0, 1, 0, 0, 0, 0, 0, 0, 0], [0, 0, 0, 0, 0, 0, 0, 0, 0, 0, 0, 0, 0, 0, 0, 1, 0, 0, 0, 0, 0, 0], [0, 0, 0, 0, 0, 0, 0, 0, 0, 0, 0, 0, 0, 0, 0, 0, 1, 0, 0, 0, 0, 0], [0, 0, 0, 0, 0, 0, 0, 0, 0, 0, 0, 0, 0, 0, 0, 0, 0, 1, 0, 0, 0, 0], [0, 0, 0, 0, 0, 0, 0, 0, 0, 0, 0, 0, 0, 0, 0, 0, 0, 0, 1, 0, 0, 0], [0, 0, 0, 0, 0, 0, 0, 0, 0, 0, 0, 0, 0, 0, 0, 0, 0, 0, 0, 1, 0, 0], [0, 0, 0, 0, 0, 0, 0, 0, 0, 0, 0, 0, 0, 0, 0, 0, 0, 0, 0, 0, 1, 0], [0, 0, 0, 0, 0, 0, 0, 0, 0, 0, 0, 0, 0, 0, 0, 0, 0, 0, 0, 0, 0, 1]]
[[1, 0, 0, 0, 0, 0, 0, 0, 0, 0, 0, 0, 0, 0, 0, 0, 0, 0, 0, 0, 0, 0], [0, 1, 0, 0, 0, 0, 0, 0, 0, 0, 0, 0, 0, 0, 0, 0, 0, 0, 0, 0, 0, 0], [0, 0, 1, 0, 0, 0, 0, 0, 0, 0, 0, 0, 0, 0, 0, 0, 0, 0, 0, 0, 0, 0], [0, 0, 0, 1, 0, 0, 0, 0, 0, 0, 0, 0, 0, 0, 0, 0, 0, 0, 0, 0, 0, 0], [0, 0, 0, 0, 1, 0, 0, 0, 0, 0, 0, 0, 0, 0, 0, 0, 0, 0, 0, 0, 0, 0], [0, 0, 0, 0, 0, 1, 0, 0, 0, 0, 0, 0, 0, 0, 0, 0, 0, 0, 0, 0, 0, 0], [0, 0, 0, 0, 0, 0, 1, 0, 0, 0, 0, 0, 0, 0, 0, 0, 0, 0, 0, 0, 0, 0], [0, 0, 0, 0, 0, 0, 0, 1, 0, 0, 0, 0, 0, 0, 0, 0, 0, 0, 0, 0, 0, 0], [0, 0, 0, 0, 0, 0, 0, 0, 1, 0, 0, 0, 0, 0, 0, 0, 0, 0, 0, 0, 0, 0], [0, 0, 0, 0, 0, 0, 0, 0, 0, 1, 0, 0, 0, 0, 0, 0, 0, 0, 0, 0, 0, 0], [0, 0, 0, 0, 0, 0, 0, 0, 0, 0, 1, 0, 0, 0, 0, 0, 0, 0, 0, 0, 0, 0], [0, 0, 0, 0, 0, 0, 0, 0, 0, 0, 0, 1, 0, 0, 0, 0, 0, 0, 0, 0, 0, 0], [0, 0, 0, 0, 0, 0, 0, 0, 0, 0, 0, 0, 1, 0, 0, 0, 0, 0, 0, 0, 0, 0], [0, 0, 0, 0, 0, 0, 0, 0, 0, 0, 0, 0, 0, 1, 0, 0, 0, 0, 0, 0, 0, 0], [0, 0, 0, 0, 0, 0, 0, 0, 0, 0, 0, 0, 0, 0, 1, 0, 0, 0, 0, 0, 0, 0], [0, 0, 0, 0, 0, 0, 0, 0, 0, 0, 0, 0, 0, 0, 0, 1, 0, 0, 0, 0, 0, 0], [0, 0, 0, 0, 0, 0, 0, 0, 0, 0, 0, 0, 0, 0, 0, 0, 1, 0, 0, 0, 0, 0], [0, 0, 0, 0, 0, 0, 0, 0, 0, 0, 0, 0, 0, 0, 0, 0, 0, 1, 0, 0, 0, 0], [0, 0, 0, 0, 0, 0, 0, 0, 0, 0, 0, 0, 0, 0, 0, 0, 0, 0, 1, 0, 0, 0], [0, 0, 0, 0, 0, 0, 0, 0, 0, 0, 0, 0, 0, 0, 0, 0, 0, 0, 0, 1, 0, 0], [0, 0, 0, 0, 0, 0, 0, 0, 0, 0, 0, 0, 0, 0, 0, 0, 0, 0, 0, 0, 1, 0], [0, 0, 0, 0, 0, 0, 0, 0, 0, 0, 0, 0, 0, 0, 0, 0, 0, 0, 0, 0, 0, 1]]
[[1, 0, 0, 0, 0, 0, 0, 0, 0, 0, 0, 0, 0, 0, 0, 0, 0, 0, 0, 0, 0, 0], [0, 1, 0, 0, 0, 0, 0, 0, 0, 0, 0, 0, 0, 0, 0, 0, 0, 0, 0, 0, 0, 0], [0, 0, 1, 0, 0, 0, 0, 0, 0, 0, 0, 0, 0, 0, 0, 0, 0, 0, 0, 0, 0, 0], [0, 0, 0, 1, 0, 0, 0, 0, 0, 0, 0, 0, 0, 0, 0, 0, 0, 0, 0, 0, 0, 0], [0, 0, 0, 0, 1, 0, 0, 0, 0, 0, 0, 0, 0, 0, 0, 0, 0, 0, 0, 0, 0, 0], [0, 0, 0, 0, 0, 1, 0, 0, 0, 0, 0, 0, 0, 0, 0, 0, 0, 0, 0, 0, 0, 0], [0, 0, 0, 0, 0, 0, 1, 0, 0, 0, 0, 0, 0, 0, 0, 0, 0, 0, 0, 0, 0, 0], [0, 0, 0, 0, 0, 0, 0, 1, 0, 0, 0, 0, 0, 0, 0, 0, 0, 0, 0, 0, 0, 0], [0, 0, 0, 0, 0, 0, 0, 0, 1, 0, 0, 0, 0, 0, 0, 0, 0, 0, 0, 0, 0, 0], [0, 0, 0, 0, 0, 0, 0, 0, 0, 1, 0, 0, 0, 0, 0, 0, 0, 0, 0, 0, 0, 0], [0, 0, 0, 0, 0, 0, 0, 0, 0, 0, 1, 0, 0, 0, 0, 0, 0, 0, 0, 0, 0, 0], [0, 0, 0, 0, 0, 0, 0, 0, 0, 0, 0, 1, 0, 0, 0, 0, 0, 0, 0, 0, 0, 0], [0, 0, 0, 0, 0, 0, 0, 0, 0, 0, 0, 0, 1, 0, 0, 0, 0, 0, 0, 0, 0, 0], [0, 0, 0, 0, 0, 0, 0, 0, 0, 0, 0, 0, 0, 1, 0, 0, 0, 0, 0, 0, 0, 0], [0, 0, 0, 0, 0, 0, 0, 0, 0, 0, 0, 0, 0, 0, 1, 0, 0, 0, 0, 0, 0, 0], [0, 0, 0, 0, 0, 0, 0, 0, 0, 0, 0, 0, 0, 0, 0, 1, 0, 0, 0, 0, 0, 0], [0, 0, 0, 0, 0, 0, 0, 0, 0, 0, 0, 0, 0, 0, 0, 0, 1, 0, 0, 0, 0, 0], [0, 0, 0, 0, 0, 0, 0, 0, 0, 0, 0, 0, 0, 0, 0, 0, 0, 1, 0, 0, 0, 0], [0, 0, 0, 0, 0, 0, 0, 0, 0, 0, 0, 0, 0, 0, 0, 0, 0, 0, 1, 0, 0, 0], [0, 0, 0, 0, 0, 0, 0, 0, 0, 0, 0, 0, 0, 0, 0, 0, 0, 0, 0, 1, 0, 0], [0, 0, 0, 0, 0, 0, 0, 0, 0, 0, 0, 0, 0, 0, 0, 0, 0, 0, 0, 0, 1, 0], [0, 0, 0, 0, 0, 0, 0, 0, 0, 0, 0, 0, 0, 0, 0, 0, 0, 0, 0, 0, 0, 1]]
[[3, 0, 0, 0, 4, 4, -4, -2, 0, -4, -4, 4, 4, 8, 0, -8, 0, 0, 0, 2, 0, 4], [-6, -1, 0, 0, -6, -6, 6, 3, 0, 6, 6, -6, -6, -12, 0, 12, 0, 0, 0, -3, 0, -6], [10, 0, -1, 0, 10, 10, -10, -5, 0, -10, -10, 10, 10, 20, 0, -20, 0, 0, 0, 5, 0, 10], [11, 0, 0, -1, 11, 11, -11, -6, 0, -11, -11, 11, 11, 22, 0, -22, 0, 0, 0, 5, 0, 11], [0, 0, 0, 0, -1, 0, 0, 0, 0, 0, 0, 0, 0, 0, 0, 0, 0, 0, 0, 0, 0, 0], [-9, 0, 0, 0, -9, -10, 9, 5, 0, 9, 9, -9, -9, -18, 0, 18, 0, 0, 0, -4, 0, -9], [0, 0, 0, 0, 0, 0, -1, 0, 0, 0, 0, 0, 0, 0, 0, 0, 0, 0, 0, 0, 0, 0], [-6, 0, 0, 0, -6, -6, 6, 3, 0, 6, 6, -6, -6, -12, 0, 12, 0, 0, 0, -2, 0, -6], [-2, 0, 0, 0, -2, -2, 2, 0, -1, 2, 2, -2, -2, -4, 0, 4, 0, 0, 0, -2, 0, -2], [7, 0, 0, 0, 7, 7, -7, -4, 0, -8, -7, 7, 7, 14, 0, -14, 0, 0, 0, 3, 0, 7], [6, 0, 0, 0, 6, 6, -6, -3, 0, -6, -7, 6, 6, 12, 0, -12, 0, 0, 0, 3, 0, 6], [-7, 0, 0, 0, -7, -7, 7, 4, 0, 7, 7, -8, -7, -14, 0, 14, 0, 0, 0, -3, 0, -7], [-7, 0, 0, 0, -7, -7, 7, 4, 0, 7, 7, -7, -8, -14, 0, 14, 0, 0, 0, -3, 0, -7], [6, 0, 0, 0, 6, 6, -6, -3, 0, -6, -6, 6, 6, 11, 0, -12, 0, 0, 0, 3, 0, 6], [10, 0, 0, 0, 10, 10, -10, -6, 0, -10, -10, 10, 10, 20, -1, -20, 0, 0, 0, 4, 0, 10], [-10, 0, 0, 0, -10, -10, 10, 6, 0, 10, 10, -10, -10, -20, 0, 19, 0, 0, 0, -4, 0, -10], [5, 0, 0, 0, 5, 5, -5, -3, 0, -5, -5, 5, 5, 10, 0, -10, -1, 0, 0, 2, 0, 5], [5, 0, 0, 0, 5, 5, -5, -3, 0, -5, -5, 5, 5, 10, 0, -10, 0, -1, 0, 2, 0, 5], [-4, 0, 0, 0, -4, -4, 4, 1, 0, 4, 4, -4, -4, -8, 0, 8, 0, 0, -1, -3, 0, -4], [6, 0, 0, 0, 6, 6, -6, -2, 0, -6, -6, 6, 6, 12, 0, -12, 0, 0, 0, 3, 0, 6], [5, 0, 0, 0, 5, 5, -5, -3, 0, -5, -5, 5, 5, 10, 0, -10, 0, 0, 0, 2, -1, 5], [-4, 0, 0, 0, -4, -4, 4, 2, 0, 4, 4, -4, -4, -8, 0, 8, 0, 0, 0, -2, 0, -5]]
[[1, 0, 0, 0, 0, 0, 0, 0, 0, 0, 0, 0, 0, 0, 0, 0, 0, 0, 0, 0, 0, 0], [0, 1, 0, 0, 0, 0, 0, 0, 0, 0, 0, 0, 0, 0, 0, 0, 0, 0, 0, 0, 0, 0], [0, 0, 1, 0, 0, 0, 0, 0, 0, 0, 0, 0, 0, 0, 0, 0, 0, 0, 0, 0, 0, 0], [0, 0, 0, 1, 0, 0, 0, 0, 0, 0, 0, 0, 0, 0, 0, 0, 0, 0, 0, 0, 0, 0], [0, 0, 0, 0, 1, 0, 0, 0, 0, 0, 0, 0, 0, 0, 0, 0, 0, 0, 0, 0, 0, 0], [0, 0, 0, 0, 0, 1, 0, 0, 0, 0, 0, 0, 0, 0, 0, 0, 0, 0, 0, 0, 0, 0], [0, 0, 0, 0, 0, 0, 1, 0, 0, 0, 0, 0, 0, 0, 0, 0, 0, 0, 0, 0, 0, 0], [0, 0, 0, 0, 0, 0, 0, 1, 0, 0, 0, 0, 0, 0, 0, 0, 0, 0, 0, 0, 0, 0], [0, 0, 0, 0, 0, 0, 0, 0, 1, 0, 0, 0, 0, 0, 0, 0, 0, 0, 0, 0, 0, 0], [0, 0, 0, 0, 0, 0, 0, 0, 0, 1, 0, 0, 0, 0, 0, 0, 0, 0, 0, 0, 0, 0], [0, 0, 0, 0, 0, 0, 0, 0, 0, 0, 1, 0, 0, 0, 0, 0, 0, 0, 0, 0, 0, 0], [0, 0, 0, 0, 0, 0, 0, 0, 0, 0, 0, 1, 0, 0, 0, 0, 0, 0, 0, 0, 0, 0], [0, 0, 0, 0, 0, 0, 0, 0, 0, 0, 0, 0, 1, 0, 0, 0, 0, 0, 0, 0, 0, 0], [0, 0, 0, 0, 0, 0, 0, 0, 0, 0, 0, 0, 0, 1, 0, 0, 0, 0, 0, 0, 0, 0], [0, 0, 0, 0, 0, 0, 0, 0, 0, 0, 0, 0, 0, 0, 1, 0, 0, 0, 0, 0, 0, 0], [0, 0, 0, 0, 0, 0, 0, 0, 0, 0, 0, 0, 0, 0, 0, 1, 0, 0, 0, 0, 0, 0], [0, 0, 0, 0, 0, 0, 0, 0, 0, 0, 0, 0, 0, 0, 0, 0, 1, 0, 0, 0, 0, 0], [0, 0, 0, 0, 0, 0, 0, 0, 0, 0, 0, 0, 0, 0, 0, 0, 0, 1, 0, 0, 0, 0], [0, 0, 0, 0, 0, 0, 0, 0, 0, 0, 0, 0, 0, 0, 0, 0, 0, 0, 1, 0, 0, 0], [0, 0, 0, 0, 0, 0, 0, 0, 0, 0, 0, 0, 0, 0, 0, 0, 0, 0, 0, 1, 0, 0], [0, 0, 0, 0, 0, 0, 0, 0, 0, 0, 0, 0, 0, 0, 0, 0, 0, 0, 0, 0, 1, 0], [0, 0, 0, 0, 0, 0, 0, 0, 0, 0, 0, 0, 0, 0, 0, 0, 0, 0, 0, 0, 0, 1]]
[[-5, -1, 1, 2, -3, -3, 3, 1, 1, 7, 4, 0, -1, -8, -3, 9, 1, 4, -1, -3, 2, -5], [7, 2, -2, -2, 4, 4, -4, -1, -1, -8, -5, 1, 2, 11, 4, -11, -1, -4, 1, 4, -2, 7], [-12, -3, 3, 4, -6, -7, 6, 3, 2, 13, 7, -1, -3, -16, -5, 19, 2, 7, -2, -7, 3, -11], [-11, -2, 2, 5, -7, -8, 7, 5, 4, 14, 6, 0, -4, -16, -5, 20, 4, 7, -1, -5, 3, -11], [-2, 0, 1, 0, 0, 0, 1, -2, -1, 2, 3, -1, 0, -4, -2, 2, -1, 1, -1, -2, 1, -2], [9, 2, -2, -3, 5, 7, -5, -3, -2, -10, -5, 1, 3, 13, 4, -15, -2, -5, 1, 5, -2, 9], [2, 1, 0, 0, 1, 0, 0, 2, 1, -2, -3, 1, 0, 3, 1, -3, 1, -1, 2, 3, -1, 2], [6, 2, -1, -2, 3, 4, -3, -1, -1, -6, -3, 1, 2, 8, 2, -10, -1, -3, 1, 4, -1, 6], [1, 0, 0, -1, 1, 2, -1, -3, -1, -2, 1, -1, 1, 1, 0, -3, -2, -1, -1, -1, 0, 1], [-8, -2, 2, 2, -4, -4, 4, 0, 0, 9, 6, -2, -2, -12, -4, 12, 0, 4, -2, -6, 2, -8], [-6, -1, 2, 2, -3, -4, 3, 2, 1, 6, 4, -1, -2, -9, -3, 9, 1, 3, 0, -3, 1, -6], [7, 1, -2, -2, 4, 4, -4, -1, -1, -8, -5, 2, 2, 11, 4, -11, -1, -4, 1, 4, -2, 7], [7, 2, -1, -2, 4, 4, -4, -1, -1, -8, -5, 1, 3, 10, 3, -12, -1, -4, 2, 5, -2, 7], [-6, -1, 2, 2, -3, -4, 3, 2, 1, 6, 3, -1, -2, -8, -3, 9, 1, 3, 0, -3, 1, -6], [-9, -2, 2, 3, -5, -6, 5, 3, 2, 10, 5, -1, -3, -13, -3, 15, 2, 5, -1, -5, 2, -9], [9, 2, -2, -3, 5, 6, -5, -3, -2, -10, -5, 1, 3, 13, 4, -14, -2, -5, 1, 5, -2, 9], [-6, -1, 2, 2, -2, -3, 2, 1, 0, 5, 3, -1, -1, -8, -3, 7, 1, 3, 0, -3, 1, -5], [-4, -1, 1, 1, -3, -3, 3, 1, 1, 5, 3, -1, -2, -7, -2, 8, 1, 3, -1, -3, 1, -5], [5, 1, -1, -2, 2, 3, -2, -2, -1, -5, -2, 0, 1, 6, 2, -7, -1, -3, 1, 2, -1, 4], [-6, -2, 1, 2, -3, -4, 3, 2, 1, 6, 3, -1, -2, -8, -2, 10, 1, 3, -1, -3, 1, -6], [-5, -1, 1, 2, -3, -4, 3, 3, 2, 6, 2, 0, -2, -7, -2, 9, 2, 3, 0, -2, 2, -5], [5, 1, -1, -2, 2, 3, -2, -2, -1, -5, -2, 0, 1, 6, 2, -7, -1, -3, 0, 2, -1, 5]]
[[-3, -2, 2, 0, 0, 0, 0, -2, -1, 1, 1, 0, 1, -2, -2, 1, -1, 1, -1, -3, 0, -2], [2, 1, -2, 0, 0, 0, -1, 2, 1, -1, -2, 1, 0, 3, 2, -2, 1, -1, 1, 3, 0, 2], [-4, -2, 3, 0, 0, 0, 1, -3, -1, 3, 2, -1, 2, -4, -3, 3, -3, 3, -2, -5, 0, -5], [-3, -1, 2, 0, -1, 0, 2, -2, 0, 4, 3, -1, 0, -5, -3, 5, -1, 4, -2, -4, 1, -4], [-2, -1, 1, 0, 1, 0, 0, -2, -1, 0, 1, 0, 1, -1, -1, 0, -1, 0, -1, -2, 0, -1], [3, 1, -2, 0, 0, 1, -1, 1, 0, -2, -1, 1, 0, 3, 2, -3, 1, -2, 1, 3, 0, 3], [2, 1, -1, 0, 0, 0, 1, 2, 1, 0, -1, 0, -1, 1, 1, 0, 1, 0, 1, 2, 0, 1], [2, 1, -1, 0, 0, 0, 0, 2, 1, -1, -1, 1, 0, 2, 1, -2, 1, -1, 1, 3, 0, 2], [0, 0, 0, 0, 0, 0, -1, -1, -1, -1, 1, 0, 0, 0, 0, -1, 0, -1, 0, -1, 0, 1], [-3, -1, 2, 0, 0, 0, 1, -3, -1, 2, 2, -1, 1, -3, -2, 2, -2, 1, -2, -4, 0, -3], [-2, 0, 2, 0, 1, 0, 1, -1, 0, 1, 1, -1, 1, -2, -1, 1, -2, 1, -1, -2, 0, -2], [2, 0, -2, 0, 0, 0, -1, 2, 1, -2, -2, 1, -1, 3, 2, -2, 1, -2, 1, 3, 0, 2], [2, 1, -1, 0, 0, 0, -1, 2, 0, -2, -1, 0, -1, 2, 1, -2, 2, -2, 2, 3, 0, 3], [-2, 0, 2, 0, 1, 0, 1, -1, 0, 2, 0, 0, 2, -2, -1, 1, -2, 2, -1, -2, 0, -3], [-2, 0, 2, 0, 0, 0, 2, -2, 0, 2, 2, -2, 0, -3, -2, 3, -2, 2, -1, -3, 0, -3], [2, 0, -2, 0, 0, 0, -2, 2, 0, -3, -2, 1, -1, 3, 2, -3, 2, -3, 2, 4, 0, 3], [-2, 0, 2, 0, 1, 0, 1, -2, -1, 2, 1, -1, 2, -2, -2, 1, -2, 2, -1, -3, 0, -2], [-1, 0, 1, 0, 0, 0, 1, -1, 0, 1, 1, -1, 0, -2, -1, 2, -1, 2, -1, -2, 0, -2], [2, 1, -1, 0, 0, 0, 0, 1, 1, -2, -1, 0, -1, 2, 2, -1, 1, -2, 1, 2, 0, 2], [-2, -1, 1, 0, 0, 0, 0, -1, -1, 1, 1, -1, 0, -2, -1, 2, -1, 1, -1, -2, 0, -2], [-1, 0, 1, 1, 0, 0, 1, 0, 1, 2, 0, 1, 1, -1, -1, 2, 0, 2, 0, -1, 0, -2], [2, 0, -2, 0, -1, 0, -1, 1, 0, -2, 0, 0, -2, 1, 1, -1, 2, -2, 1, 2, 0, 2]]
[[1, 0, 0, 0, 0, 0, 0, 0, 0, 0, 0, 0, 0, 0, 0, 0, 0, 0, 0, 0, 0, 0], [0, 1, 0, 0, 0, 0, 0, 0, 0, 0, 0, 0, 0, 0, 0, 0, 0, 0, 0, 0, 0, 0], [0, 0, 1, 0, 0, 0, 0, 0, 0, 0, 0, 0, 0, 0, 0, 0, 0, 0, 0, 0, 0, 0], [0, 0, 0, 1, 0, 0, 0, 0, 0, 0, 0, 0, 0, 0, 0, 0, 0, 0, 0, 0, 0, 0], [0, 0, 0, 0, 1, 0, 0, 0, 0, 0, 0, 0, 0, 0, 0, 0, 0, 0, 0, 0, 0, 0], [0, 0, 0, 0, 0, 1, 0, 0, 0, 0, 0, 0, 0, 0, 0, 0, 0, 0, 0, 0, 0, 0], [0, 0, 0, 0, 0, 0, 1, 0, 0, 0, 0, 0, 0, 0, 0, 0, 0, 0, 0, 0, 0, 0], [0, 0, 0, 0, 0, 0, 0, 1, 0, 0, 0, 0, 0, 0, 0, 0, 0, 0, 0, 0, 0, 0], [0, 0, 0, 0, 0, 0, 0, 0, 1, 0, 0, 0, 0, 0, 0, 0, 0, 0, 0, 0, 0, 0], [0, 0, 0, 0, 0, 0, 0, 0, 0, 1, 0, 0, 0, 0, 0, 0, 0, 0, 0, 0, 0, 0], [0, 0, 0, 0, 0, 0, 0, 0, 0, 0, 1, 0, 0, 0, 0, 0, 0, 0, 0, 0, 0, 0], [0, 0, 0, 0, 0, 0, 0, 0, 0, 0, 0, 1, 0, 0, 0, 0, 0, 0, 0, 0, 0, 0], [0, 0, 0, 0, 0, 0, 0, 0, 0, 0, 0, 0, 1, 0, 0, 0, 0, 0, 0, 0, 0, 0], [0, 0, 0, 0, 0, 0, 0, 0, 0, 0, 0, 0, 0, 1, 0, 0, 0, 0, 0, 0, 0, 0], [0, 0, 0, 0, 0, 0, 0, 0, 0, 0, 0, 0, 0, 0, 1, 0, 0, 0, 0, 0, 0, 0], [0, 0, 0, 0, 0, 0, 0, 0, 0, 0, 0, 0, 0, 0, 0, 1, 0, 0, 0, 0, 0, 0], [0, 0, 0, 0, 0, 0, 0, 0, 0, 0, 0, 0, 0, 0, 0, 0, 1, 0, 0, 0, 0, 0], [0, 0, 0, 0, 0, 0, 0, 0, 0, 0, 0, 0, 0, 0, 0, 0, 0, 1, 0, 0, 0, 0], [0, 0, 0, 0, 0, 0, 0, 0, 0, 0, 0, 0, 0, 0, 0, 0, 0, 0, 1, 0, 0, 0], [0, 0, 0, 0, 0, 0, 0, 0, 0, 0, 0, 0, 0, 0, 0, 0, 0, 0, 0, 1, 0, 0], [0, 0, 0, 0, 0, 0, 0, 0, 0, 0, 0, 0, 0, 0, 0, 0, 0, 0, 0, 0, 1, 0], [0, 0, 0, 0, 0, 0, 0, 0, 0, 0, 0, 0, 0, 0, 0, 0, 0, 0, 0, 0, 0, 1]]
[[1, 0, 0, 0, 0, 0, 0, 0, 0, 0, 0, 0, 0, 0, 0, 0, 0, 0, 0, 0, 0, 0], [0, 1, 0, 0, 0, 0, 0, 0, 0, 0, 0, 0, 0, 0, 0, 0, 0, 0, 0, 0, 0, 0], [0, 0, 1, 0, 0, 0, 0, 0, 0, 0, 0, 0, 0, 0, 0, 0, 0, 0, 0, 0, 0, 0], [0, 0, 0, 1, 0, 0, 0, 0, 0, 0, 0, 0, 0, 0, 0, 0, 0, 0, 0, 0, 0, 0], [0, 0, 0, 0, 1, 0, 0, 0, 0, 0, 0, 0, 0, 0, 0, 0, 0, 0, 0, 0, 0, 0], [0, 0, 0, 0, 0, 1, 0, 0, 0, 0, 0, 0, 0, 0, 0, 0, 0, 0, 0, 0, 0, 0], [0, 0, 0, 0, 0, 0, 1, 0, 0, 0, 0, 0, 0, 0, 0, 0, 0, 0, 0, 0, 0, 0], [0, 0, 0, 0, 0, 0, 0, 1, 0, 0, 0, 0, 0, 0, 0, 0, 0, 0, 0, 0, 0, 0], [0, 0, 0, 0, 0, 0, 0, 0, 1, 0, 0, 0, 0, 0, 0, 0, 0, 0, 0, 0, 0, 0], [0, 0, 0, 0, 0, 0, 0, 0, 0, 1, 0, 0, 0, 0, 0, 0, 0, 0, 0, 0, 0, 0], [0, 0, 0, 0, 0, 0, 0, 0, 0, 0, 1, 0, 0, 0, 0, 0, 0, 0, 0, 0, 0, 0], [0, 0, 0, 0, 0, 0, 0, 0, 0, 0, 0, 1, 0, 0, 0, 0, 0, 0, 0, 0, 0, 0], [0, 0, 0, 0, 0, 0, 0, 0, 0, 0, 0, 0, 1, 0, 0, 0, 0, 0, 0, 0, 0, 0], [0, 0, 0, 0, 0, 0, 0, 0, 0, 0, 0, 0, 0, 1, 0, 0, 0, 0, 0, 0, 0, 0], [0, 0, 0, 0, 0, 0, 0, 0, 0, 0, 0, 0, 0, 0, 1, 0, 0, 0, 0, 0, 0, 0], [0, 0, 0, 0, 0, 0, 0, 0, 0, 0, 0, 0, 0, 0, 0, 1, 0, 0, 0, 0, 0, 0], [0, 0, 0, 0, 0, 0, 0, 0, 0, 0, 0, 0, 0, 0, 0, 0, 1, 0, 0, 0, 0, 0], [0, 0, 0, 0, 0, 0, 0, 0, 0, 0, 0, 0, 0, 0, 0, 0, 0, 1, 0, 0, 0, 0], [0, 0, 0, 0, 0, 0, 0, 0, 0, 0, 0, 0, 0, 0, 0, 0, 0, 0, 1, 0, 0, 0], [0, 0, 0, 0, 0, 0, 0, 0, 0, 0, 0, 0, 0, 0, 0, 0, 0, 0, 0, 1, 0, 0], [0, 0, 0, 0, 0, 0, 0, 0, 0, 0, 0, 0, 0, 0, 0, 0, 0, 0, 0, 0, 1, 0], [0, 0, 0, 0, 0, 0, 0, 0, 0, 0, 0, 0, 0, 0, 0, 0, 0, 0, 0, 0, 0, 1]]

#################
# GALOIS GROUPS #
#################

Generators of the monodromy group on the generic Picard lattice:
[[-1, -1, 1, 0, 0, 0, 0, 0, 0, 0, 0, 0, 0, 0, -1, 0, 0, 0], [0, 0, -1, 0, 0, 0, -1, 0, 0, 0, -1, 1, 1, 1, 1, -1, 0, 0], [0, -1, 0, 0, -1, 0, 0, 0, 0, 0, 1, -1, -1, -1, -1, 1, 0, 0], [0, 0, 0, -1, -1, 0, 1, 0, 0, 0, 2, -2, -2, -2, 0, 2, 0, 0], [0, 0, 0, 0, 0, 0, 1, 0, 0, 0, 0, 0, 0, 0, 0, 0, 0, 0], [0, 1, -1, 0, -1, -1, 1, 0, 0, 1, 1, -1, -1, -1, 1, 1, 0, -1], [0, 0, 0, 0, 1, 0, 0, 0, 0, 0, 0, 0, 0, 0, 0, 0, 0, 0], [0, 0, 0, 0, 1, 0, 0, -1, 0, 0, -1, 1, 1, 1, 0, -1, 0, 0], [0, 0, 0, 0, 0, 0, 0, 0, -1, 0, 0, 0, 0, 0, 0, 0, 0, 0], [0, 0, 0, 0, -1, 0, 1, 0, 0, 0, 1, -1, -1, -1, 0, 1, 0, -1], [0, 0, 0, 0, 0, 0, 1, 0, 0, 0, 0, -1, -1, -1, 0, 1, 0, 0], [0, 0, 0, 0, 0, 0, -1, 0, 0, 0, -1, 0, 1, 1, 0, -1, 0, 0], [0, 0, 0, 0, 1, 0, 0, 0, 0, 0, -1, 1, 0, 1, 0, -1, 0, 0], [0, 0, 0, 0, 0, 0, 0, 0, 0, 0, 0, 0, 0, -1, 0, 0, 0, 0], [0, 0, 0, 0, -1, 0, 1, 0, 0, 0, 2, -2, -2, -2, -1, 2, 0, 0], [0, 0, 0, 0, 0, 0, -1, 0, 0, 0, -1, 1, 1, 1, 0, -2, 0, 0], [0, 0, 0, 0, 1, 0, 1, 0, 0, 0, 0, 0, 0, 0, 0, 0, -1, 0], [0, 0, 0, 0, 0, 0, 0, 0, 0, -1, 1, -1, -1, -1, 0, 1, 0, 0]]
[[0, 0, 0, 0, 0, 0, 0, 0, 0, -1, 0, -1, -1, 0, 0, 0, 0, -1], [0, -1, 1, 0, 1, 1, -1, -1, 0, 0, -1, 2, 2, 1, -1, -2, 0, 1], [2, 2, 0, -1, 1, 1, 1, -2, 0, -1, 0, -2, 0, 1, 0, -2, -2, -1], [1, 2, -1, -2, -2, -1, 3, 0, -1, 0, 3, -6, -4, -3, 1, 2, -2, -2], [-1, -1, 0, 1, 0, -1, -1, 1, 1, 0, -1, 1, 0, 1, 0, 1, 1, 0], [0, -2, 1, 1, 2, 1, -3, 0, 0, -1, -3, 5, 4, 3, -1, -3, 1, 2], [1, 1, -2, -1, -3, -1, 2, 1, 0, 1, 2, -3, -3, -2, 2, 3, 0, -1], [0, -1, 0, 1, 0, 0, -1, 1, 1, 0, -1, 2, 1, 1, 0, 0, 1, 1], [-1, -1, 1, 1, 1, 0, -2, 1, 0, 0, -1, 3, 2, 1, -1, -1, 1, 1], [0, 1, 0, 0, 0, -1, 1, 0, 1, 0, 0, -1, -1, 0, 0, 1, 0, 0], [0, 2, -1, -1, -2, -2, 3, 1, 1, 1, 2, -4, -3, -2, 2, 3, -1, -2], [0, -1, 0, 0, 1, 1, -1, -1, 0, -1, -1, 2, 1, 1, 0, -2, 0, 0], [-1, -1, 0, 0, -1, 0, -1, 1, -1, 0, 1, 0, 0, -1, 0, 1, 1, 0], [1, 2, -1, -1, -1, -1, 3, 0, 1, 1, 1, -3, -2, -1, 2, 2, -1, -1], [1, 2, 0, -1, 0, 0, 2, -1, 0, 0, 1, -3, -1, 0, 0, 0, -2, -1], [-1, -3, 1, 1, 3, 2, -4, -1, -1, -2, -3, 5, 4, 3, -1, -4, 1, 1], [1, 2, -1, -1, -3, -2, 3, 1, 1, 2, 2, -4, -3, -2, 1, 4, 0, -1], [0, 1, 0, 0, 0, 0, 1, 0, 0, 1, 0, -1, 0, 0, 0, 0, -1, 0]]
[[1, 0, 0, 0, 0, 0, 0, 0, 0, 0, 0, 0, 0, 0, 0, 0, 0, 0], [0, 1, 0, 0, 0, 0, 0, 0, 0, 0, 0, 0, 0, 0, 0, 0, 0, 0], [0, 0, 1, 0, 0, 0, 0, 0, 0, 0, 0, 0, 0, 0, 0, 0, 0, 0], [0, 0, 0, 1, 0, 0, 0, 0, 0, 0, 0, 0, 0, 0, 0, 0, 0, 0], [0, 0, 0, 0, 1, 0, 0, 0, 0, 0, 0, 0, 0, 0, 0, 0, 0, 0], [0, 0, 0, 0, 0, 1, 0, 0, 0, 0, 0, 0, 0, 0, 0, 0, 0, 0], [0, 0, 0, 0, 0, 0, 1, 0, 0, 0, 0, 0, 0, 0, 0, 0, 0, 0], [0, 0, 0, 0, 0, 0, 0, 1, 0, 0, 0, 0, 0, 0, 0, 0, 0, 0], [0, 0, 0, 0, 0, 0, 0, 0, 1, 0, 0, 0, 0, 0, 0, 0, 0, 0], [0, 0, 0, 0, 0, 0, 0, 0, 0, 1, 0, 0, 0, 0, 0, 0, 0, 0], [0, 0, 0, 0, 0, 0, 0, 0, 0, 0, 1, 0, 0, 0, 0, 0, 0, 0], [0, 0, 0, 0, 0, 0, 0, 0, 0, 0, 0, 1, 0, 0, 0, 0, 0, 0], [0, 0, 0, 0, 0, 0, 0, 0, 0, 0, 0, 0, 1, 0, 0, 0, 0, 0], [0, 0, 0, 0, 0, 0, 0, 0, 0, 0, 0, 0, 0, 1, 0, 0, 0, 0], [0, 0, 0, 0, 0, 0, 0, 0, 0, 0, 0, 0, 0, 0, 1, 0, 0, 0], [0, 0, 0, 0, 0, 0, 0, 0, 0, 0, 0, 0, 0, 0, 0, 1, 0, 0], [0, 0, 0, 0, 0, 0, 0, 0, 0, 0, 0, 0, 0, 0, 0, 0, 1, 0], [0, 0, 0, 0, 0, 0, 0, 0, 0, 0, 0, 0, 0, 0, 0, 0, 0, 1]]
[[1, 0, 0, 0, 0, 0, 0, 0, 0, 0, 0, 0, 0, 0, 0, 0, 0, 0], [0, 1, 0, 0, 0, 0, 0, 0, 0, 0, 0, 0, 0, 0, 0, 0, 0, 0], [0, 0, 1, 0, 0, 0, 0, 0, 0, 0, 0, 0, 0, 0, 0, 0, 0, 0], [0, 0, 0, 1, 0, 0, 0, 0, 0, 0, 0, 0, 0, 0, 0, 0, 0, 0], [0, 0, 0, 0, 1, 0, 0, 0, 0, 0, 0, 0, 0, 0, 0, 0, 0, 0], [0, 0, 0, 0, 0, 1, 0, 0, 0, 0, 0, 0, 0, 0, 0, 0, 0, 0], [0, 0, 0, 0, 0, 0, 1, 0, 0, 0, 0, 0, 0, 0, 0, 0, 0, 0], [0, 0, 0, 0, 0, 0, 0, 1, 0, 0, 0, 0, 0, 0, 0, 0, 0, 0], [0, 0, 0, 0, 0, 0, 0, 0, 1, 0, 0, 0, 0, 0, 0, 0, 0, 0], [0, 0, 0, 0, 0, 0, 0, 0, 0, 1, 0, 0, 0, 0, 0, 0, 0, 0], [0, 0, 0, 0, 0, 0, 0, 0, 0, 0, 1, 0, 0, 0, 0, 0, 0, 0], [0, 0, 0, 0, 0, 0, 0, 0, 0, 0, 0, 1, 0, 0, 0, 0, 0, 0], [0, 0, 0, 0, 0, 0, 0, 0, 0, 0, 0, 0, 1, 0, 0, 0, 0, 0], [0, 0, 0, 0, 0, 0, 0, 0, 0, 0, 0, 0, 0, 1, 0, 0, 0, 0], [0, 0, 0, 0, 0, 0, 0, 0, 0, 0, 0, 0, 0, 0, 1, 0, 0, 0], [0, 0, 0, 0, 0, 0, 0, 0, 0, 0, 0, 0, 0, 0, 0, 1, 0, 0], [0, 0, 0, 0, 0, 0, 0, 0, 0, 0, 0, 0, 0, 0, 0, 0, 1, 0], [0, 0, 0, 0, 0, 0, 0, 0, 0, 0, 0, 0, 0, 0, 0, 0, 0, 1]]
[[1, 0, 0, 0, 0, 0, 0, 0, 0, 0, 0, 0, 0, 0, 0, 0, 0, 0], [0, 1, 0, 0, 0, 0, 0, 0, 0, 0, 0, 0, 0, 0, 0, 0, 0, 0], [0, 0, 1, 0, 0, 0, 0, 0, 0, 0, 0, 0, 0, 0, 0, 0, 0, 0], [0, 0, 0, 1, 0, 0, 0, 0, 0, 0, 0, 0, 0, 0, 0, 0, 0, 0], [0, 0, 0, 0, 1, 0, 0, 0, 0, 0, 0, 0, 0, 0, 0, 0, 0, 0], [0, 0, 0, 0, 0, 1, 0, 0, 0, 0, 0, 0, 0, 0, 0, 0, 0, 0], [0, 0, 0, 0, 0, 0, 1, 0, 0, 0, 0, 0, 0, 0, 0, 0, 0, 0], [0, 0, 0, 0, 0, 0, 0, 1, 0, 0, 0, 0, 0, 0, 0, 0, 0, 0], [0, 0, 0, 0, 0, 0, 0, 0, 1, 0, 0, 0, 0, 0, 0, 0, 0, 0], [0, 0, 0, 0, 0, 0, 0, 0, 0, 1, 0, 0, 0, 0, 0, 0, 0, 0], [0, 0, 0, 0, 0, 0, 0, 0, 0, 0, 1, 0, 0, 0, 0, 0, 0, 0], [0, 0, 0, 0, 0, 0, 0, 0, 0, 0, 0, 1, 0, 0, 0, 0, 0, 0], [0, 0, 0, 0, 0, 0, 0, 0, 0, 0, 0, 0, 1, 0, 0, 0, 0, 0], [0, 0, 0, 0, 0, 0, 0, 0, 0, 0, 0, 0, 0, 1, 0, 0, 0, 0], [0, 0, 0, 0, 0, 0, 0, 0, 0, 0, 0, 0, 0, 0, 1, 0, 0, 0], [0, 0, 0, 0, 0, 0, 0, 0, 0, 0, 0, 0, 0, 0, 0, 1, 0, 0], [0, 0, 0, 0, 0, 0, 0, 0, 0, 0, 0, 0, 0, 0, 0, 0, 1, 0], [0, 0, 0, 0, 0, 0, 0, 0, 0, 0, 0, 0, 0, 0, 0, 0, 0, 1]]
[[1, 0, 0, 0, 0, 0, 0, 0, 0, 0, 0, 0, 0, 0, 0, 0, 0, 0], [0, 1, 0, 0, 0, 0, 0, 0, 0, 0, 0, 0, 0, 0, 0, 0, 0, 0], [0, 0, 1, 0, 0, 0, 0, 0, 0, 0, 0, 0, 0, 0, 0, 0, 0, 0], [0, 0, 0, 1, 0, 0, 0, 0, 0, 0, 0, 0, 0, 0, 0, 0, 0, 0], [0, 0, 0, 0, 1, 0, 0, 0, 0, 0, 0, 0, 0, 0, 0, 0, 0, 0], [0, 0, 0, 0, 0, 1, 0, 0, 0, 0, 0, 0, 0, 0, 0, 0, 0, 0], [0, 0, 0, 0, 0, 0, 1, 0, 0, 0, 0, 0, 0, 0, 0, 0, 0, 0], [0, 0, 0, 0, 0, 0, 0, 1, 0, 0, 0, 0, 0, 0, 0, 0, 0, 0], [0, 0, 0, 0, 0, 0, 0, 0, 1, 0, 0, 0, 0, 0, 0, 0, 0, 0], [0, 0, 0, 0, 0, 0, 0, 0, 0, 1, 0, 0, 0, 0, 0, 0, 0, 0], [0, 0, 0, 0, 0, 0, 0, 0, 0, 0, 1, 0, 0, 0, 0, 0, 0, 0], [0, 0, 0, 0, 0, 0, 0, 0, 0, 0, 0, 1, 0, 0, 0, 0, 0, 0], [0, 0, 0, 0, 0, 0, 0, 0, 0, 0, 0, 0, 1, 0, 0, 0, 0, 0], [0, 0, 0, 0, 0, 0, 0, 0, 0, 0, 0, 0, 0, 1, 0, 0, 0, 0], [0, 0, 0, 0, 0, 0, 0, 0, 0, 0, 0, 0, 0, 0, 1, 0, 0, 0], [0, 0, 0, 0, 0, 0, 0, 0, 0, 0, 0, 0, 0, 0, 0, 1, 0, 0], [0, 0, 0, 0, 0, 0, 0, 0, 0, 0, 0, 0, 0, 0, 0, 0, 1, 0], [0, 0, 0, 0, 0, 0, 0, 0, 0, 0, 0, 0, 0, 0, 0, 0, 0, 1]]
[[-1, 0, 0, 0, 0, 0, 0, 0, 0, 0, 0, 0, 0, 0, 0, 0, 0, 0], [0, -1, 0, 0, 0, 0, 0, 0, 0, 0, 0, 0, 0, 0, 0, 0, 0, 0], [0, 0, -1, 0, 0, 0, 0, 0, 0, 0, 0, 0, 0, 0, 0, 0, 0, 0], [0, 0, 0, -1, 0, 0, 0, 0, 0, 0, 0, 0, 0, 0, 0, 0, 0, 0], [0, 0, 0, 0, -1, 0, 0, 0, 0, 0, 0, 0, 0, 0, 0, 0, 0, 0], [0, 0, 0, 0, 0, -1, 0, 0, 0, 0, 0, 0, 0, 0, 0, 0, 0, 0], [0, 0, 0, 0, 0, 0, -1, 0, 0, 0, 0, 0, 0, 0, 0, 0, 0, 0], [0, 0, 0, 0, 0, 0, 0, -1, 0, 0, 0, 0, 0, 0, 0, 0, 0, 0], [0, 0, 0, 0, 0, 0, 0, 0, -1, 0, 0, 0, 0, 0, 0, 0, 0, 0], [0, 0, 0, 0, 0, 0, 0, 0, 0, -1, 0, 0, 0, 0, 0, 0, 0, 0], [0, 0, 0, 0, 0, 0, 0, 0, 0, 0, -1, 0, 0, 0, 0, 0, 0, 0], [0, 0, 0, 0, 0, 0, 0, 0, 0, 0, 0, -1, 0, 0, 0, 0, 0, 0], [0, 0, 0, 0, 0, 0, 0, 0, 0, 0, 0, 0, -1, 0, 0, 0, 0, 0], [0, 0, 0, 0, 0, 0, 0, 0, 0, 0, 0, 0, 0, -1, 0, 0, 0, 0], [0, 0, 0, 0, 0, 0, 0, 0, 0, 0, 0, 0, 0, 0, -1, 0, 0, 0], [0, 0, 0, 0, 0, 0, 0, 0, 0, 0, 0, 0, 0, 0, 0, -1, 0, 0], [0, 0, 0, 0, 0, 0, 0, 0, 0, 0, 0, 0, 0, 0, 0, 0, -1, 0], [0, 0, 0, 0, 0, 0, 0, 0, 0, 0, 0, 0, 0, 0, 0, 0, 0, -1]]
[[1, 0, 0, 0, 0, 0, 0, 0, 0, 0, 0, 0, 0, 0, 0, 0, 0, 0], [0, 1, 0, 0, 0, 0, 0, 0, 0, 0, 0, 0, 0, 0, 0, 0, 0, 0], [0, 0, 1, 0, 0, 0, 0, 0, 0, 0, 0, 0, 0, 0, 0, 0, 0, 0], [0, 0, 0, 1, 0, 0, 0, 0, 0, 0, 0, 0, 0, 0, 0, 0, 0, 0], [0, 0, 0, 0, 1, 0, 0, 0, 0, 0, 0, 0, 0, 0, 0, 0, 0, 0], [0, 0, 0, 0, 0, 1, 0, 0, 0, 0, 0, 0, 0, 0, 0, 0, 0, 0], [0, 0, 0, 0, 0, 0, 1, 0, 0, 0, 0, 0, 0, 0, 0, 0, 0, 0], [0, 0, 0, 0, 0, 0, 0, 1, 0, 0, 0, 0, 0, 0, 0, 0, 0, 0], [0, 0, 0, 0, 0, 0, 0, 0, 1, 0, 0, 0, 0, 0, 0, 0, 0, 0], [0, 0, 0, 0, 0, 0, 0, 0, 0, 1, 0, 0, 0, 0, 0, 0, 0, 0], [0, 0, 0, 0, 0, 0, 0, 0, 0, 0, 1, 0, 0, 0, 0, 0, 0, 0], [0, 0, 0, 0, 0, 0, 0, 0, 0, 0, 0, 1, 0, 0, 0, 0, 0, 0], [0, 0, 0, 0, 0, 0, 0, 0, 0, 0, 0, 0, 1, 0, 0, 0, 0, 0], [0, 0, 0, 0, 0, 0, 0, 0, 0, 0, 0, 0, 0, 1, 0, 0, 0, 0], [0, 0, 0, 0, 0, 0, 0, 0, 0, 0, 0, 0, 0, 0, 1, 0, 0, 0], [0, 0, 0, 0, 0, 0, 0, 0, 0, 0, 0, 0, 0, 0, 0, 1, 0, 0], [0, 0, 0, 0, 0, 0, 0, 0, 0, 0, 0, 0, 0, 0, 0, 0, 1, 0], [0, 0, 0, 0, 0, 0, 0, 0, 0, 0, 0, 0, 0, 0, 0, 0, 0, 1]]
[[0, 0, 0, 0, 0, 0, 0, 0, 0, 1, 0, 1, 1, 0, 0, 0, 0, 1], [0, 1, -1, 0, -1, -1, 1, 1, 0, 0, 1, -2, -2, -1, 1, 2, 0, -1], [-1, -1, 1, 1, 1, 0, -1, 1, 1, 1, -2, 3, 2, 2, 0, 0, 1, 2], [0, -1, 1, 2, 2, 1, -2, 0, 2, 1, -4, 6, 4, 4, -1, -2, 2, 3], [0, 1, 0, -1, 0, 0, 1, -1, -1, 0, 2, -2, -1, -2, 0, 0, -1, -1], [0, 1, -1, -1, -2, 0, 2, 0, -1, 0, 3, -4, -3, -3, 1, 2, -1, -2], [0, -1, 2, 1, 3, 2, -2, -1, 0, -1, -3, 4, 4, 3, -2, -4, 0, 2], [0, 1, 0, -1, -1, 0, 1, 0, -1, 0, 2, -2, -1, -2, 0, 0, -1, -1], [0, 1, -1, -1, -2, -1, 2, 0, 0, 0, 3, -4, -3, -3, 1, 2, -1, -2], [0, 0, 0, 0, 0, 0, 0, 0, 0, 1, 0, 0, 0, 0, 0, 0, 0, 0], [0, -1, 2, 1, 3, 2, -3, -1, 0, -1, -2, 4, 4, 3, -2, -4, 0, 2], [0, 0, -1, 0, -1, -1, 1, 1, 0, 0, 1, -1, -2, -1, 1, 2, 0, -1], [0, 0, 1, 0, 1, 1, -1, -1, -1, -1, 0, 0, 2, 0, -1, -2, -1, 0], [0, -1, 2, 1, 3, 2, -3, -1, 0, -1, -3, 4, 4, 4, -2, -4, 0, 2], [0, -1, 1, 1, 2, 1, -2, 0, 1, 0, -3, 4, 3, 3, 0, -2, 1, 2], [0, 1, -1, -1, -2, -1, 2, 0, -1, 0, 3, -4, -3, -3, 1, 3, -1, -2], [-1, -1, 2, 1, 3, 2, -3, -1, -1, -1, -2, 3, 4, 2, -2, -4, 0, 2], [1, 0, 0, 0, 0, 0, 0, 0, 1, 0, -1, 1, 0, 1, 0, 0, 1, 1]]
[[-1, -1, 1, 0, 0, 0, 0, 0, 0, 0, 0, 0, 0, 0, -1, 0, 0, 0], [0, 0, -1, 0, 0, 0, -1, 0, 0, 0, -1, 1, 1, 1, 1, -1, 0, 0], [1, 0, 1, 0, 1, 1, 0, -1, 1, 0, -1, 0, 1, 2, -1, -1, -1, 1], [1, 1, 0, -1, -1, 0, 2, 0, 1, 1, 1, -2, -2, -1, 0, 2, 0, 1], [-1, 0, 0, 0, 0, -1, 1, 0, 0, 0, 1, -1, -1, -1, 0, 1, 0, -1], [0, 0, -1, 0, -1, 0, 0, 0, -1, 0, 1, 0, 0, -1, 1, 0, 0, -1], [1, 0, 0, 0, 1, 1, 0, 0, 0, 0, -1, 1, 1, 1, 0, -1, 0, 1], [0, 0, 0, 0, 0, 0, 0, 0, 0, 0, 0, 1, 1, 0, 0, -1, 0, 0], [-1, 0, 0, 0, -1, -1, 0, 1, -1, 0, 2, -1, -1, -2, 0, 1, 0, -1], [0, 1, 0, 0, -1, -1, 2, 0, 1, 1, 1, -2, -2, -1, 0, 2, 0, -1], [0, 1, 1, 0, 1, 0, 1, 0, 1, 0, 0, -1, 0, 0, 0, 0, -1, 0], [0, -1, -1, 0, 0, 0, -1, 0, 0, -1, -1, 1, 0, 1, 1, -1, 0, -1], [-1, -1, 1, 0, 1, 1, -2, 0, -2, -1, 0, 1, 2, 0, -1, -2, 0, 0], [1, 1, 1, 0, 2, 1, 0, -1, 1, 0, -2, 1, 2, 2, 0, -2, -1, 1], [1, 1, 1, 0, 1, 1, 1, -1, 1, 0, 0, -1, 0, 1, -1, 0, -1, 1], [-1, -2, 0, 0, 1, 1, -3, -1, -2, -2, -1, 2, 2, 1, 0, -3, 0, -1], [0, 1, 1, 0, 1, 0, 1, 0, 0, 1, 0, -1, 1, 0, -1, 0, -1, 1], [1, 1, 0, 0, 0, 0, 1, 0, 1, 0, 0, -1, -1, 0, 0, 1, 0, 1]]
[[1, 0, 0, 0, 0, 0, 0, 0, 0, 0, 0, 0, 0, 0, 0, 0, 0, 0], [0, 1, 0, 0, 0, 0, 0, 0, 0, 0, 0, 0, 0, 0, 0, 0, 0, 0], [0, 0, 1, 0, 0, 0, 0, 0, 0, 0, 0, 0, 0, 0, 0, 0, 0, 0], [0, 0, 0, 1, 0, 0, 0, 0, 0, 0, 0, 0, 0, 0, 0, 0, 0, 0], [0, 0, 0, 0, 1, 0, 0, 0, 0, 0, 0, 0, 0, 0, 0, 0, 0, 0], [0, 0, 0, 0, 0, 1, 0, 0, 0, 0, 0, 0, 0, 0, 0, 0, 0, 0], [0, 0, 0, 0, 0, 0, 1, 0, 0, 0, 0, 0, 0, 0, 0, 0, 0, 0], [0, 0, 0, 0, 0, 0, 0, 1, 0, 0, 0, 0, 0, 0, 0, 0, 0, 0], [0, 0, 0, 0, 0, 0, 0, 0, 1, 0, 0, 0, 0, 0, 0, 0, 0, 0], [0, 0, 0, 0, 0, 0, 0, 0, 0, 1, 0, 0, 0, 0, 0, 0, 0, 0], [0, 0, 0, 0, 0, 0, 0, 0, 0, 0, 1, 0, 0, 0, 0, 0, 0, 0], [0, 0, 0, 0, 0, 0, 0, 0, 0, 0, 0, 1, 0, 0, 0, 0, 0, 0], [0, 0, 0, 0, 0, 0, 0, 0, 0, 0, 0, 0, 1, 0, 0, 0, 0, 0], [0, 0, 0, 0, 0, 0, 0, 0, 0, 0, 0, 0, 0, 1, 0, 0, 0, 0], [0, 0, 0, 0, 0, 0, 0, 0, 0, 0, 0, 0, 0, 0, 1, 0, 0, 0], [0, 0, 0, 0, 0, 0, 0, 0, 0, 0, 0, 0, 0, 0, 0, 1, 0, 0], [0, 0, 0, 0, 0, 0, 0, 0, 0, 0, 0, 0, 0, 0, 0, 0, 1, 0], [0, 0, 0, 0, 0, 0, 0, 0, 0, 0, 0, 0, 0, 0, 0, 0, 0, 1]]
[[1, 0, 0, 0, 0, 0, 0, 0, 0, 0, 0, 0, 0, 0, 0, 0, 0, 0], [0, 1, 0, 0, 0, 0, 0, 0, 0, 0, 0, 0, 0, 0, 0, 0, 0, 0], [0, 0, 1, 0, 0, 0, 0, 0, 0, 0, 0, 0, 0, 0, 0, 0, 0, 0], [0, 0, 0, 1, 0, 0, 0, 0, 0, 0, 0, 0, 0, 0, 0, 0, 0, 0], [0, 0, 0, 0, 1, 0, 0, 0, 0, 0, 0, 0, 0, 0, 0, 0, 0, 0], [0, 0, 0, 0, 0, 1, 0, 0, 0, 0, 0, 0, 0, 0, 0, 0, 0, 0], [0, 0, 0, 0, 0, 0, 1, 0, 0, 0, 0, 0, 0, 0, 0, 0, 0, 0], [0, 0, 0, 0, 0, 0, 0, 1, 0, 0, 0, 0, 0, 0, 0, 0, 0, 0], [0, 0, 0, 0, 0, 0, 0, 0, 1, 0, 0, 0, 0, 0, 0, 0, 0, 0], [0, 0, 0, 0, 0, 0, 0, 0, 0, 1, 0, 0, 0, 0, 0, 0, 0, 0], [0, 0, 0, 0, 0, 0, 0, 0, 0, 0, 1, 0, 0, 0, 0, 0, 0, 0], [0, 0, 0, 0, 0, 0, 0, 0, 0, 0, 0, 1, 0, 0, 0, 0, 0, 0], [0, 0, 0, 0, 0, 0, 0, 0, 0, 0, 0, 0, 1, 0, 0, 0, 0, 0], [0, 0, 0, 0, 0, 0, 0, 0, 0, 0, 0, 0, 0, 1, 0, 0, 0, 0], [0, 0, 0, 0, 0, 0, 0, 0, 0, 0, 0, 0, 0, 0, 1, 0, 0, 0], [0, 0, 0, 0, 0, 0, 0, 0, 0, 0, 0, 0, 0, 0, 0, 1, 0, 0], [0, 0, 0, 0, 0, 0, 0, 0, 0, 0, 0, 0, 0, 0, 0, 0, 1, 0], [0, 0, 0, 0, 0, 0, 0, 0, 0, 0, 0, 0, 0, 0, 0, 0, 0, 1]]

Generators of monodromy action on conics:
(1,2)(3,4)(5,6)(7,8)(9,10)(11,12)(13,14)(15,16)(17,18)(19,20)(21,22)(23,24)(25,26)(27,28)(29,30)(31,32)(33,34)(35,36)(37,38)(39,40)(41,42)(43,44)(45,46)(47,48)(49,50)(51,52)(53,54)(55,56)(57,58)(59,60)(61,62)(63,64)(65,66)(67,68)(69,70)(71,72)(73,74)(75,76)(77,78)(79,80)(81,82)(83,84)(85,86)(87,88)(89,90)(91,92)(93,94)(95,96)(97,98)(99,100)(101,102)(103,104)(105,106)(107,108)(109,110)(111,112)(113,114)(115,116)(117,118)(119,120)(121,122)(123,124)(125,126)(127,128)(129,130)(131,132)(133,134)(135,136)(137,138)(139,140)(141,142)(143,144)(145,146)(147,148)(149,150)(151,152)(153,154)(155,156)(157,158)(159,160)(161,162)(163,164)(165,166)(167,168)(169,170)(171,172)(173,174)(175,176)(177,178)(179,180)(181,182)(183,184)(185,186)(187,188)(189,190)(191,192)(193,194)(195,196)(197,198)(199,200)(201,202)(203,204)(205,206)(207,208)(209,210)(211,212)(213,214)(215,216)(217,218)(219,220)(221,222)(223,224)(225,226)(227,228)(229,230)(231,232)(233,234)(235,236)(237,238)(239,240)(241,242)(243,244)(245,246)(247,248)(249,250)(251,252)(253,254)(255,256)(257,258)(259,260)(261,262)(263,264)(265,266)(267,268)(269,270)(271,272)(273,274)(275,276)(277,278)(279,280)(281,282)(283,284)(285,286)(287,288)(289,290)(291,292)(293,294)(295,296)(297,298)(299,300)(301,302)(303,304)(305,306)(307,308)(309,310)(311,312)(313,314)(315,316)(317,318)(319,320)(321,322)(323,324)(325,326)(327,328)(329,330)(331,332)(333,334)(335,336)(337,338)(339,340)(341,342)(343,344)(345,346)(347,348)(349,350)(351,352)(353,354)(355,356)(357,358)(359,360)(361,362)(363,364)(365,366)(367,368)(369,370)(371,372)(373,374)(375,376)(377,378)(379,380)(381,382)(383,384)(385,386)(387,388)(389,390)(391,392)(393,394)(395,396)(397,398)(399,400)(401,402)(403,404)(405,406)(407,408)(409,410)(411,412)(413,414)(415,416)(417,418)(419,420)(421,422)(423,424)(425,426)(427,428)(429,430)(431,432)(433,434)(435,436)(437,438)(439,440)(441,442)(443,444)(445,446)(447,448)(449,450)(451,452)(453,454)(455,456)(457,458)(459,460)(461,462)(463,464)(465,466)(467,468)(469,470)(471,472)(473,474)(475,476)(477,478)(479,480)(481,482)(483,484)(485,486)(487,488)(489,490)(491,492)(493,494)(495,496)(497,498)(499,500)(501,502)(503,504)(505,506)(507,508)(509,510)(511,512)(513,514)(515,516)(517,518)(519,520)(521,522)(523,524)(525,526)(527,528)(529,530)(531,532)(533,534)(535,536)(537,538)(539,540)(541,542)(543,544)(545,546)(547,548)(549,550)(551,552)(553,554)(555,556)(557,558)(559,560)
(1,15)(2,16)(3,227)(4,228)(5,319)(6,320)(7,326)(8,325)(9,194)(10,193)(11,328)(12,327)(13,166)(14,165)(17,329)(18,330)(19,217)(20,218)(21,192)(22,191)(23,312)(24,311)(25,314)(26,313)(27,175)(28,176)(29,225)(30,226)(31,214)(32,213)(33,525)(34,526)(35,463)(36,464)(37,365)(38,366)(39,50)(40,49)(41,501)(42,502)(43,381)(44,382)(45,61)(46,62)(47,454)(48,453)(51,546)(52,545)(53,78)(54,77)(57,482)(58,481)(59,91)(60,92)(65,144)(66,143)(67,467)(68,468)(69,243)(70,244)(71,515)(72,516)(73,447)(74,448)(75,271)(76,272)(79,148)(80,147)(81,460)(82,459)(83,534)(84,533)(85,256)(86,255)(87,273)(88,274)(89,417)(90,418)(93,152)(94,151)(95,354)(96,353)(97,414)(98,413)(99,471)(100,472)(101,395)(102,396)(103,449)(104,450)(105,356)(106,355)(107,503)(108,504)(109,404)(110,403)(111,376)(112,375)(113,531)(114,532)(115,129)(116,130)(117,369)(118,370)(119,137)(120,138)(121,385)(122,386)(123,279)(124,280)(125,368)(126,367)(127,556)(128,555)(133,377)(134,378)(135,276)(136,275)(139,477)(140,478)(145,351)(146,352)(149,364)(150,363)(153,558)(154,557)(155,457)(156,458)(157,514)(158,513)(159,456)(160,455)(161,384)(162,383)(163,190)(164,189)(167,182)(168,181)(169,306)(170,305)(171,310)(172,309)(173,188)(174,187)(177,332)(178,331)(179,304)(180,303)(183,324)(184,323)(185,296)(186,295)(195,307)(196,308)(197,291)(198,292)(199,286)(200,285)(201,336)(202,335)(203,318)(204,317)(205,283)(206,284)(207,288)(208,287)(209,299)(210,300)(211,337)(212,338)(215,341)(216,342)(219,232)(220,231)(221,294)(222,293)(223,298)(224,297)(229,289)(230,290)(233,340)(234,339)(235,315)(236,316)(237,301)(238,302)(241,260)(242,259)(245,277)(246,278)(247,548)(248,547)(249,559)(250,560)(251,282)(252,281)(253,269)(254,270)(261,553)(262,554)(263,408)(264,407)(265,542)(266,541)(267,400)(268,399)(321,333)(322,334)(343,410)(344,409)(345,521)(346,522)(347,398)(348,397)(349,509)(350,510)(357,524)(358,523)(359,469)(360,470)(361,437)(362,438)(371,512)(372,511)(373,465)(374,466)(379,427)(380,428)(387,491)(388,492)(389,406)(390,405)(391,416)(392,415)(393,549)(394,550)(401,529)(402,530)(411,537)(412,538)(421,494)(422,493)(423,426)(424,425)(429,484)(430,483)(433,505)(434,506)(435,444)(436,443)(439,552)(440,551)(441,540)(442,539)(445,517)(446,518)(451,489)(452,490)(461,476)(462,475)(473,528)(474,527)(485,488)(486,487)(497,544)(498,543)(499,535)(500,536)(507,520)(508,519)
(1,468,82)(2,467,81)(3,228,390,19,218,406)(4,227,389,20,217,405)(5,516,373)(6,515,374)(7,447,74,325,37,366)(8,448,73,326,38,365)(9,193)(10,194)(11,53,77,327,438,361)(12,54,78,328,437,362)(13,165,555,210,299,127)(14,166,556,209,300,128)(15,459,68)(16,460,67)(17,533,360)(18,534,359)(21,191)(22,192)(23,418,89,311,44,381)(24,417,90,312,43,382)(25,60,91,313,428,379)(26,59,92,314,427,380)(27,176,477,196,307,140)(28,175,478,195,308,139)(29,129,116,226,529,402)(30,130,115,225,530,401)(31,137,120,213,491,388)(32,138,119,214,492,387)(33,526,462,41,502,476)(34,525,461,42,501,475)(35,464)(36,463)(39,545,527,473,51,49)(40,546,528,474,52,50)(45,481,490,451,57,62)(46,482,489,452,58,61)(47,453)(48,454)(55,56)(63,64)(65,143)(66,144)(69,244,303,157,513,179)(70,243,304,158,514,180)(71,320,466)(72,319,465)(75,272,96,376,112,354)(76,271,95,375,111,353)(79,147)(80,148)(83,330,469)(84,329,470)(85,255,295,153,557,185)(86,256,296,154,558,186)(87,274,106,369,118,356)(88,273,105,370,117,355)(93,189,145)(94,190,146)(97,504,237)(98,503,238)(99,403,124,279,109,472)(100,404,123,280,110,471)(101,532,224)(102,531,223)(103,386,136,276,121,450)(104,385,135,275,122,449)(107,413,302)(108,414,301)(113,396,298)(114,395,297)(125,305,156,457,169,367)(126,306,155,458,170,368)(131,132)(133,310,159,455,172,378)(134,309,160,456,171,377)(141,142)(149,363)(150,364)(151,352,163)(152,351,164)(161,383)(162,384)(167,181)(168,182)(173,187)(174,188)(177,547,207,287,247,331)(178,548,208,288,248,332)(183,559,198,291,250,323)(184,560,197,292,249,324)(199,284,231)(200,283,232)(201,335)(202,336)(203,317)(204,318)(205,285,219)(206,286,220)(211,416,316,235,392,338)(212,415,315,236,391,337)(215,550,393,342,241,259)(216,549,394,341,242,260)(221,347,541)(222,348,542)(229,344,554)(230,343,553)(233,537,412,339,253,270)(234,538,411,340,254,269)(239,240)(245,278,267,509,350,399)(246,277,268,510,349,400)(251,281,263,521,346,407)(252,282,264,522,345,408)(257,258)(261,410,290)(262,409,289)(265,397,293)(266,398,294)(321,511,357)(322,512,358)(333,524,372)(334,523,371)(419,420)(421,493)(422,494)(423,425,483,487,485,429)(424,426,484,488,486,430)(431,432)(433,506,499,445,518,536)(434,505,500,446,517,535)(435,551,519,507,439,443)(436,552,520,508,440,444)(441,539)(442,540)(479,480)(495,496)(497,543)(498,544)
