
##########################################################
# DATA FOR CRYSTALLOGRAPHIC QUARTIC SURFACE FAMILY 32.16 #
##########################################################


##################
# GROUP & FAMILY #
##################

Generators of crystallographic group:
[[0, 1, 0, 0], [0, 0, 0, 1], [0, 0, 1, 0], [1, 0, 0, 0]]
[[0, 0, 0, -1], [0, 0, -1, 0], [0, -1, 0, 0], [-1, 0, 0, 0]]
[[0, 1, 0, 0], [1, 0, 0, 0], [0, 0, 0, 1], [0, 0, 1, 0]]
[[1, 0, 0, 0], [0, 1, 0, 0], [0, 0, -1, 0], [0, 0, 0, -1]]
[[0, 1, 0, 0], [-1, 0, 0, 0], [0, 0, 0, 1], [0, 0, -1, 0]]

Invariant polynomials:
x^4 + y^4 + z^4 + w^4
x^2*y^2 + x^2*z^2 + y^2*z^2 + x^2*w^2 + y^2*w^2 + z^2*w^2
x*y*z*w

Equivalent crystallographic groups:
32.19

############
# HOMOLOGY #
############


Intersection product:
[[-2, -1, 0, 0, 0, -1, -1, -1, 0, -1, -1, 0, 0, -2, -1, 0, -1, 0, 0, 0, -1, 0], [-1, -2, -1, -2, -2, 0, 1, 0, -2, 1, -2, 0, -1, -1, -1, -2, -1, -1, 1, -1, -2, 2], [0, -1, -2, 0, -1, 1, 0, 1, -1, 0, 0, -1, 0, 0, 0, 0, 0, 0, -1, 0, 0, 0], [0, -2, 0, -2, -1, -1, 0, -1, -1, 1, -2, 0, -1, -1, 0, -2, -1, -1, 0, 0, 0, 1], [0, -2, -1, -1, -2, -1, -1, -1, -1, 0, -1, -1, -1, -1, 0, -2, -1, -1, -1, 1, 1, 0], [-1, 0, 1, -1, -1, -2, 1, -1, -1, 1, -2, 1, -1, -1, -1, -2, -1, -1, 2, -1, -2, 2], [-1, 1, 0, 0, -1, 1, 0, 1, -1, 0, 0, 0, 0, 0, -1, 0, 0, 0, 1, -1, -2, 1], [-1, 0, 1, -1, -1, -1, 1, -2, 0, 1, -2, 0, -1, -1, 0, -1, -1, -1, 1, 0, -1, 1], [0, -2, -1, -1, -1, -1, -1, 0, -2, 0, -1, 0, -1, -1, -1, -2, -1, -1, 0, 0, 0, 1], [-1, 1, 0, 1, 0, 1, 0, 1, 0, -2, 2, 0, 0, 1, -1, 1, 1, 1, 1, 0, -1, 0], [-1, -2, 0, -2, -1, -2, 0, -2, -1, 2, -6, 0, -1, -4, 0, -2, -3, -2, -1, 0, -1, 1], [0, 0, -1, 0, -1, 1, 0, 0, 0, 0, 0, -2, 0, 0, 0, 0, 0, 0, -1, 1, 1, -1], [0, -1, 0, -1, -1, -1, 0, -1, -1, 0, -1, 0, -2, -1, 0, -2, -1, -1, 0, 1, 1, 0], [-2, -1, 0, -1, -1, -1, 0, -1, -1, 1, -4, 0, -1, -4, -1, -1, -2, -1, 0, 0, -2, 1], [-1, -1, 0, 0, 0, -1, -1, 0, -1, -1, 0, 0, 0, -1, -2, -1, 0, 0, 1, 0, -1, 1], [0, -2, 0, -2, -2, -2, 0, -1, -2, 1, -2, 0, -2, -1, -1, -4, -1, -2, 1, 0, 0, 2], [-1, -1, 0, -1, -1, -1, 0, -1, -1, 1, -3, 0, -1, -2, 0, -1, -2, -1, 0, 0, -1, 1], [0, -1, 0, -1, -1, -1, 0, -1, -1, 1, -2, 0, -1, -1, 0, -2, -1, -2, 0, 0, 0, 1], [0, 1, -1, 0, -1, 2, 1, 1, 0, 1, -1, -1, 0, 0, 1, 1, 0, 0, -2, 0, 0, -1], [0, -1, 0, 0, 1, -1, -1, 0, 0, 0, 0, 1, 1, 0, 0, 0, 0, 0, 0, -2, -1, 1], [-1, -2, 0, 0, 1, -2, -2, -1, 0, -1, -1, 1, 1, -2, -1, 0, -1, 0, 0, -1, -2, 1], [0, 2, 0, 1, 0, 2, 1, 1, 1, 0, 1, -1, 0, 1, 1, 2, 1, 1, -1, 1, 1, -2]]

Basis of the generic Picard lattice:
[1, 0, 0, 0, 0, 0, 0, 0, 0, 0, 0, 0, 0, 0, 0, 0, 0, 0, -2, -1, 0, 1]
[0, 1, 0, 0, 0, 0, 0, 0, 0, 0, 0, 0, 0, 0, 0, 0, 0, 0, 1, 2, -1, -1]
[0, 0, 1, 0, 0, 0, 0, 0, 0, 0, 0, 0, 0, 0, 0, 0, 0, 0, -1, 0, -1, 0]
[0, 0, 0, 1, 0, 0, 0, 0, 0, 0, 0, 0, 0, 0, 0, 0, 0, 0, 0, 0, -1, 0]
[0, 0, 0, 0, 1, 0, 0, 0, 0, 0, 0, 0, 0, 0, 0, 0, 0, 0, -1, 0, -1, 1]
[0, 0, 0, 0, 0, 1, 0, 0, 0, 0, 0, 0, 0, 0, 0, 0, 0, 0, 4, 3, 0, -2]
[0, 0, 0, 0, 0, 0, 1, 0, 0, 0, 0, 0, 0, 0, 0, 0, 0, 0, 3, 3, 0, -2]
[0, 0, 0, 0, 0, 0, 0, 1, 0, 0, 0, 0, 0, 0, 0, 0, 0, 0, 1, 0, 0, -1]
[0, 0, 0, 0, 0, 0, 0, 0, 1, 0, 0, 0, 0, 0, 0, 1, 0, 0, 2, 1, -1, 0]
[0, 0, 0, 0, 0, 0, 0, 0, 0, 1, 0, 0, 0, 0, 0, 0, 0, 0, 0, 0, 0, -1]
[0, 0, 0, 0, 0, 0, 0, 0, 0, 0, 1, 0, 0, 0, 0, 0, 0, 0, 0, 0, -1, 0]
[0, 0, 0, 0, 0, 0, 0, 0, 0, 0, 0, 1, 0, 0, 0, 0, 0, 0, -2, -1, 0, 1]
[0, 0, 0, 0, 0, 0, 0, 0, 0, 0, 0, 0, 1, 0, 0, 0, 0, 0, -1, -1, 0, 1]
[0, 0, 0, 0, 0, 0, 0, 0, 0, 0, 0, 0, 0, 1, 0, 0, 0, 0, 2, 3, -2, -2]
[0, 0, 0, 0, 0, 0, 0, 0, 0, 0, 0, 0, 0, 0, 1, 0, 0, 0, 1, 1, -1, -1]
[0, 0, 0, 0, 0, 0, 0, 0, 0, 0, 0, 0, 0, 0, 0, 2, 0, 0, 4, 2, -1, -1]
[0, 0, 0, 0, 0, 0, 0, 0, 0, 0, 0, 0, 0, 0, 0, 0, 1, 0, 1, 1, -1, -1]
[0, 0, 0, 0, 0, 0, 0, 0, 0, 0, 0, 0, 0, 0, 0, 0, 0, 1, 0, -1, 0, 0]

Class of hyperplane section:
[0, 0, 2, 0, 0, 0, 2, 0, -3, -2, 1, -1, 3, -2, 3, -1, 0, 0, 0, 0, 0, 0]

Action of the group on homology:
[[0, 0, 0, 1, 0, 0, -1, 0, 0, 0, 1, -1, 0, 0, 0, 0, 0, 0, 0, 1, 1, 0], [1, 0, 0, -1, 0, 0, 1, 0, 0, 1, 0, 1, 0, 1, 1, 0, 0, 0, 0, -1, 0, 0], [-1, 0, -1, 0, -2, 2, 0, 1, -2, 1, -2, -2, -1, -1, 0, -1, -1, -1, -1, 1, 0, 1], [0, 1, 0, 1, 0, 0, 0, 0, 0, -1, 0, -1, 0, 0, -1, 0, 0, 0, 1, 1, 0, 0], [0, 0, 1, 1, 2, -1, -1, 0, 1, -1, 2, 1, 1, 1, 0, 1, 1, 1, 0, 0, 1, -1], [-1, 0, 0, 0, 0, -1, 0, -1, 0, -1, -1, 0, 0, -1, -1, 0, -1, 0, 1, 0, -1, 0], [0, 0, -1, 0, -1, 2, 0, 1, -1, 0, 0, -1, 0, 0, 0, 0, 0, 0, -1, 0, 0, 0], [0, 0, 0, -1, -1, 1, 1, 1, -1, 1, -1, 0, -1, 0, 0, -1, 0, 0, 0, 0, 0, 1], [0, 0, 0, 0, 1, -1, 0, 0, 1, -1, 0, 1, 1, 0, -1, 1, 0, 1, 1, -1, -1, 0], [0, 0, 0, 0, 0, -1, 0, 0, 0, -1, 0, 1, 0, 0, -1, 0, 0, 0, 1, 0, -1, 0], [0, 0, -1, 0, -1, 1, 0, 1, -1, 0, 0, 0, 0, 0, 0, 0, 0, 0, -1, 0, 0, 0], [0, 0, 0, -1, 0, -1, 0, -1, 0, -1, -1, 1, 0, -1, -1, 0, -1, 0, 1, -1, -2, 0], [0, -1, -1, -2, -2, 1, 1, 0, -2, 1, -2, 0, -1, -1, 0, -2, -1, -1, 0, -1, -1, 1], [0, 0, 0, 0, 1, -1, 0, 0, 0, -1, 0, 1, 0, 0, -1, 0, 0, 0, 1, -1, -1, 0], [0, 0, 1, 0, 0, 0, 0, 0, 0, 1, 1, 0, 0, 1, 1, -1, 1, 0, 0, 0, 1, 1], [0, 0, 0, 0, -1, 1, 0, 0, 0, 1, 0, -1, -1, 0, 1, 0, 0, -1, -1, 1, 1, 0], [0, 0, 1, 0, 0, 0, 0, -1, 1, 1, 1, -1, 0, 1, 1, 0, 1, 0, 0, 1, 1, 0], [0, 0, 0, 1, 1, -1, -1, 0, 1, -1, 1, 0, 1, 0, 0, 1, 0, 1, 0, 0, 0, -1], [0, 0, 1, -1, -1, -1, 1, -1, 0, 1, -1, 0, -1, 0, 0, -2, 0, -1, 1, 0, 0, 1], [0, -1, 0, -1, 0, -1, 0, 0, -1, 0, 0, 1, 0, 0, -1, -1, 0, 0, 1, -1, -1, 1], [0, 0, 0, 0, 0, 0, 0, -1, 1, 0, -1, 0, 0, -1, 1, 1, -1, 0, -1, 0, 0, -1], [0, 0, 0, 1, 1, 0, -1, 0, 1, 0, 1, 0, 1, 0, 1, 2, 0, 1, -1, 0, 1, -1]]
[[0, 0, 0, 0, 0, 0, 0, 0, 0, 0, 0, 0, 0, 0, 0, 0, 0, 0, 0, 0, -1, 1], [0, -1, 0, -1, -1, -1, 0, -1, -1, 0, -1, 0, -1, -1, -1, -2, -1, -1, 1, 0, 0, 0], [-1, 1, -1, 1, -1, 2, 1, 1, 0, 0, 1, -1, 0, 1, 1, 1, 1, 1, -1, 0, -1, 1], [0, 2, 2, 1, 2, 0, 0, 0, 2, 0, 1, 1, 1, 1, 1, 2, 1, 1, 0, 0, 0, 0], [1, 0, 0, 0, 1, 0, 0, 0, 0, 0, 0, 0, 0, 0, 0, 0, 0, 0, 0, 0, 1, -1], [0, 1, 1, 1, 2, 0, -1, 0, 1, -1, 1, 1, 1, 0, 0, 2, 0, 1, 0, 0, 0, -1], [-1, 0, -1, 0, -1, 1, 1, 0, 0, 0, -1, -1, 0, -1, 0, 0, 0, 0, -1, 0, -1, 0], [0, 0, -1, 0, -1, 1, 1, 1, 0, 0, 1, -1, 0, 1, 0, 0, 1, 1, 0, 0, 0, 0], [1, 1, 1, 1, 2, -1, -1, 0, 2, -1, 1, 1, 1, 0, 0, 2, 0, 1, 0, 0, 1, -2], [1, 1, 1, 0, 1, 0, 0, 0, 1, 1, 0, 1, 0, 0, 1, 1, 0, 0, 0, 0, 1, -1], [0, 0, -1, 0, -1, 1, 0, 0, 0, 0, 0, -1, 0, -1, 0, 0, 0, 0, -1, 0, 0, -1], [0, 0, 1, 0, 1, -1, -1, -1, 1, 0, -1, 1, 1, -1, 0, 1, -1, 0, 0, 0, 0, -1], [-1, -1, -1, 0, -1, 0, 0, 0, -1, -1, 0, 0, 0, -1, -1, -1, 0, 0, 0, 0, -1, 0], [1, 1, 1, 0, 1, 0, 0, 0, 1, 0, 0, 1, 0, 1, 1, 1, 0, 0, 0, 0, 1, -1], [0, -1, -1, 0, -1, 0, 0, 1, -2, 0, 1, -1, 0, 1, -1, -2, 1, 0, 0, 0, 0, 1], [-1, -1, -1, -1, -2, 1, 1, 0, -1, 1, -1, -1, -1, 0, 0, -1, 0, -1, 0, 0, -1, 2], [0, -1, 0, 0, 0, -1, 0, 0, -1, 1, 0, 0, 0, 1, 0, -1, 0, -1, 1, 0, 0, 2], [0, 0, 1, 0, 1, -1, -1, 0, 0, 0, -1, 1, 0, -1, 0, 0, -1, 0, 0, 0, 0, 0], [0, 0, 0, 0, 0, 0, 0, 1, -1, 0, 1, 0, 0, 1, -1, -1, 1, 0, 1, 0, 0, 1], [1, 0, 0, 0, 0, 0, 0, 0, 0, 0, 0, 0, 0, 0, 0, 0, 0, 0, 0, 1, 1, -1], [-2, -1, 0, 0, 0, -1, -1, -1, 0, -1, -1, 0, 0, -2, -1, 0, -1, 0, 0, 0, -1, 0], [-1, -1, 0, 0, 0, -1, -1, -1, 0, -1, -1, 0, 0, -2, -1, 0, -1, 0, 0, 0, -1, 0]]
[[0, -1, 0, -1, 0, 0, 0, 0, 0, 1, -1, 0, 1, 0, 0, 0, 0, 0, 0, -1, -1, 1], [0, 0, -1, 0, -1, 0, 0, 0, -1, 0, -1, 0, -1, -1, 0, -1, -1, -1, 0, 0, 0, 0], [-1, -1, 0, -1, 0, 1, 1, 0, 0, 1, -1, -1, 1, 0, 0, 1, 0, 1, 0, 0, -1, 0], [1, 1, 1, 0, 1, 1, 1, 1, 1, 1, 2, 0, 1, 3, 1, 1, 2, 1, 0, 0, 1, 0], [0, 0, 0, 1, 1, -1, -1, 0, 0, -1, 1, 1, 0, 0, 0, 0, 0, 0, 0, -1, 0, 0], [1, 1, 0, 1, 1, 1, 0, 1, 1, -1, 3, 0, 1, 2, 0, 1, 2, 1, 0, 0, 1, -1], [-1, -1, -1, -1, -1, 1, 1, 0, -1, 1, -2, -1, 0, -1, 0, 0, -1, 0, -1, 0, -1, 0], [-1, 0, 0, 0, 0, 0, 0, 0, 0, 0, -1, 0, 0, -1, 0, 1, -1, 1, 0, 0, -1, 0], [1, 1, 0, 1, 1, 0, 0, 1, 1, -1, 2, 1, 0, 1, 0, 1, 1, 1, 0, 0, 1, -1], [1, 1, 1, 1, 1, -1, 0, 0, 1, 0, 2, 1, 0, 1, 0, 0, 1, 0, 1, 0, 1, 0], [-1, -1, -1, 0, 0, 0, 0, 0, -1, 0, -1, 0, 0, -2, -1, 0, -1, 0, 0, 0, -1, 0], [1, 1, 0, 1, 0, 0, 0, 0, 1, -1, 2, 0, 0, 1, 0, 0, 1, 0, 0, 1, 1, -1], [0, 0, -1, 0, -1, 1, 0, 0, -1, 0, -1, -1, 0, -1, 0, 0, -1, 0, -1, 1, 0, -1], [1, 1, 1, 1, 1, -1, 0, 0, 1, -1, 2, 1, 0, 2, 0, 0, 1, 0, 1, 0, 1, 0], [-1, 0, 0, 0, 0, 0, -1, 0, -1, 0, -2, 0, 0, -2, 0, 0, -1, 0, -1, 0, -1, 0], [-1, -1, 0, -1, -1, 0, 0, -1, 0, 1, -2, -1, 0, -1, 0, 0, -1, -1, 0, 0, -1, 1], [0, 0, 1, -1, -1, 0, 0, -1, 0, 1, -1, 0, -1, 0, 1, -1, 0, -1, 0, 0, 0, 1], [1, 0, 0, 0, 0, 0, 0, 1, 0, 0, 1, 0, 0, 1, 0, -1, 1, 0, 0, 0, 1, 0], [0, 1, 1, 0, 0, 0, -1, 0, 0, 0, 0, 0, 0, 0, 0, 0, 0, 0, 0, 0, 0, 0], [0, 0, 0, 1, 0, -1, -1, 0, 0, -1, 1, 1, 0, 0, 0, 0, 0, 0, 0, 0, 0, 0], [0, 0, -1, 0, -1, 1, 0, 0, 0, 0, 0, -2, 0, 0, 0, 0, 0, 0, -1, 1, 1, -1], [0, -1, -2, 0, -1, 1, 0, 1, -1, 0, 0, -1, 0, 0, 0, 0, 0, 0, -1, 0, 0, 0]]
[[0, 0, 1, 1, 2, -1, -1, 0, 1, 0, 0, 1, 1, -1, 0, 1, 0, 0, 0, 0, 0, 0], [0, 0, 0, -1, -1, 0, 1, -1, 0, 0, 0, 0, -1, 0, 0, -1, 0, 0, 1, 0, 0, 0], [0, 0, 0, 1, 1, 0, 0, 1, 0, 0, 0, 0, 1, 0, 0, 1, 0, 0, 0, 0, 0, 0], [0, 0, 0, 0, 0, 0, 0, 1, -1, 0, -1, 0, 0, 0, -1, -1, 0, -1, 0, 0, -1, 1], [0, 0, 0, 0, 0, 0, 0, -1, 0, 0, 0, 0, 0, 0, 0, 0, 0, 0, 0, 0, 0, 0], [0, 0, -1, 0, 0, 1, 0, 1, -1, -1, 0, 0, 0, 0, -1, 0, 0, 0, 0, 0, -1, 0], [0, 0, 0, 0, 0, 0, 1, 0, 0, 0, 0, 0, 0, 0, 0, 0, 0, 0, 0, 0, 0, 0], [0, 0, 0, 0, -1, 0, 0, 0, 0, 0, 0, 0, 0, 0, 0, 0, 0, 0, 0, 0, 0, 0], [0, 0, -1, 0, -1, 0, 0, 0, 0, -1, 0, 0, 0, 0, -1, 0, 0, 0, 0, 0, -1, 0], [0, -1, -1, -2, -2, 0, 1, 0, -2, 1, -2, 0, -1, 0, -1, -2, -1, -1, 1, -1, -2, 2], [0, -1, -1, -1, -1, 0, 1, 0, -1, 0, 0, 0, 0, 0, -1, -1, 0, 0, 1, -1, -1, 1], [1, 0, -1, -1, -1, 1, 1, 1, -1, 0, 0, 0, -1, 1, 0, -1, 0, 0, 0, 0, 0, 0], [0, 0, 0, 0, 0, 0, 0, 0, 0, -1, 1, 0, 0, 0, 0, 0, 0, 1, 0, 0, 0, -1], [0, 0, 0, 0, 0, 0, 0, 0, 0, 0, 0, 0, 0, 1, 0, 0, 0, 0, 0, 0, 0, 0], [0, 1, 1, 1, 1, 0, -1, 0, 1, 0, 1, 0, 1, 0, 1, 1, 1, 1, -1, 0, 1, -1], [0, 0, 1, 0, 1, 0, 0, 0, 1, 1, 0, 0, 0, 0, 1, 1, 0, 0, 0, 0, 1, 0], [0, 1, 1, 1, 1, 0, -1, 0, 1, 1, 0, 0, 0, 0, 2, 1, 0, 0, -1, 0, 1, 0], [0, 0, 0, 0, 0, 0, 0, 0, 0, 0, 0, 0, 0, 0, 0, 0, 0, 0, 0, 1, 0, 0], [0, 1, 1, 0, 0, 0, -1, 0, 0, 0, 0, 0, 0, 0, 0, 0, 0, 0, 0, 0, 0, 0], [0, 0, 0, 0, 0, 0, 0, 0, 0, 0, 0, 0, 0, 0, 0, 0, 0, 1, 0, 0, 0, 0], [0, 0, 0, 0, 0, 0, 0, 0, 0, -1, 1, 0, -1, 0, 0, 0, 0, 0, 0, 1, 1, -1], [0, 0, 0, 1, 1, 0, 0, 0, 1, -1, 2, 0, 0, 0, 0, 1, 1, 1, 0, 1, 1, -1]]
[[1, 0, 0, 1, 1, 0, 0, 1, 1, 0, 2, 0, 1, 2, 1, 1, 1, 1, 0, 0, 1, 0], [0, 0, 0, -1, -1, 0, 0, 0, -1, 0, -1, 0, -1, -1, -1, -2, 0, -1, 0, 0, 0, 0], [0, 0, 0, 1, 1, 0, 1, 1, 0, 0, 2, 0, 1, 2, 0, 1, 1, 1, 1, 0, 0, 1], [0, 0, 0, 0, 0, 0, 1, -1, 1, 1, 0, 0, 1, 1, 1, 1, 0, 0, 1, -1, -1, 1], [0, 0, 0, 0, 0, 0, -1, 0, 0, -1, 0, 0, 0, 0, 0, 0, 0, 0, -1, 0, 0, -1], [0, 0, -1, 0, 0, 1, 0, 0, 0, 0, 0, 0, 1, 0, 0, 1, 0, 0, 0, -1, -1, 0], [0, 0, 0, 0, 0, 0, 1, 0, 0, 0, 0, 0, 0, 0, 0, 0, 0, 0, 0, 0, 0, 0], [0, 0, 0, -1, -1, 0, 1, 0, -1, 0, 0, 0, -1, 0, -1, -1, 0, 0, 1, 0, -1, 1], [0, 0, -1, -1, -1, 0, 0, -1, 0, 0, -2, 0, 0, -2, -1, 0, -1, -1, 0, -1, -2, 0], [0, 0, 0, -1, -1, 0, 0, -1, 0, 1, -2, 0, 0, -1, 0, 0, -1, -1, 0, 0, -1, 0], [0, 0, 0, 0, 0, 0, 0, 0, 0, -1, 0, 0, 0, -1, -1, 0, 0, 0, 0, 1, 0, -1], [0, 0, 0, -1, 0, 0, 0, -1, 0, 1, -2, 1, 0, -2, 0, 0, -1, -1, 0, -1, -1, 0], [0, 0, 0, 0, 0, 0, 0, 0, -1, 0, 0, 0, 0, -1, -1, -1, 0, 0, 0, 0, 0, 0], [0, 0, 0, -1, 0, 0, 0, -1, 0, 1, -2, 0, 0, -1, 0, 0, -1, -1, 0, -1, -1, 0], [0, 0, 0, 1, 0, 0, 0, 1, -1, -1, 2, 0, -1, 1, 0, -1, 1, 1, 0, 1, 1, 0], [0, 0, 1, 1, 1, 0, 0, 1, 1, 0, 2, 0, 0, 2, 1, 1, 1, 1, 0, 1, 2, 0], [0, 1, 1, 2, 1, 0, -1, 1, 1, 0, 2, 0, 0, 2, 2, 1, 1, 1, -1, 1, 2, 0], [0, -1, -1, -1, -1, 0, 0, 0, -1, 1, -2, 0, 0, -1, 0, -1, -1, -1, 0, -1, -1, 1], [0, 0, 0, 0, -1, 0, 0, 0, -1, 0, 1, 0, -1, 1, 0, -1, 0, 0, 1, 0, 0, 1], [0, 0, 0, 0, 0, 0, -1, 0, 0, 0, 0, 0, 0, -1, 0, 0, 0, 0, -1, 0, 0, -1], [0, 0, 0, 0, 0, 0, 0, 0, 0, 0, 0, 0, 0, 0, 0, 0, 0, 0, 0, 0, 1, 0], [0, 0, 0, 1, 1, 0, -1, 1, 1, -1, 1, 0, 1, 0, 0, 1, 1, 1, -1, 0, 1, -1]]

####################
# ALGEBRAIC CURVES #
####################


There are 464 conics:
[0, 0, 2, 0, -1, -1, 2, 1, -2, -2, 1, -1, 2, -2, 2, 0, 0, -1, 0, -1, 1, 0]
[0, 0, 0, 0, 1, 1, 0, -1, -1, 0, 0, 0, 1, 0, 1, -1, 0, 1, 0, 1, -1, 0]
[1, -1, 3, 1, -1, 0, 2, 1, -2, -2, 1, -1, 2, -2, 2, 0, 0, -1, 0, -1, 0, 0]
[-1, 1, -1, -1, 1, 0, 0, -1, -1, 0, 0, 0, 1, 0, 1, -1, 0, 1, 0, 1, 0, 0]
[0, 0, 3, -1, -1, -1, 2, 1, -3, -2, 1, -1, 3, -2, 2, 1, 0, -1, 0, -1, 1, 0]
[0, 0, -1, 1, 1, 1, 0, -1, 0, 0, 0, 0, 0, 0, 1, -2, 0, 1, 0, 1, -1, 0]
[1, -1, 3, 0, -1, -1, 2, 0, -3, -2, 1, -2, 2, -2, 2, 1, 1, -1, 0, -1, 0, 0]
[-1, 1, -1, 0, 1, 1, 0, 0, 0, 0, 0, 1, 1, 0, 1, -2, -1, 1, 0, 1, 0, 0]
[1, -1, 3, 1, -1, 0, 2, 0, -3, -1, 1, -1, 2, -2, 1, 1, 0, -1, 0, -1, 1, 0]
[-1, 1, -1, -1, 1, 0, 0, 0, 0, -1, 0, 0, 1, 0, 2, -2, 0, 1, 0, 1, -1, 0]
[1, -1, 3, 1, -1, -1, 2, 1, -3, -2, 0, -2, 2, -2, 2, 1, 1, -1, 1, -1, 0, -1]
[-1, 1, -1, -1, 1, 1, 0, -1, 0, 0, 1, 1, 1, 0, 1, -2, -1, 1, -1, 1, 0, 1]
[1, -1, 3, 0, -1, -1, 2, 1, -3, -2, 1, -2, 2, -2, 3, 1, 0, -1, 1, -1, 0, -1]
[-1, 1, -1, 0, 1, 1, 0, -1, 0, 0, 0, 1, 1, 0, 0, -2, 0, 1, -1, 1, 0, 1]
[0, 0, 2, 0, 0, -1, 2, 1, -2, -1, 2, -2, 2, -2, 2, 0, -1, -1, 0, -1, 0, 0]
[0, 0, 0, 0, 0, 1, 0, -1, -1, -1, -1, 1, 1, 0, 1, -1, 1, 1, 0, 1, 0, 0]
[1, -1, 3, 0, 0, -1, 2, 1, -3, -2, 1, -2, 1, -2, 2, 1, 0, -1, 0, -1, 0, 0]
[-1, 1, -1, 0, 0, 1, 0, -1, 0, 0, 0, 1, 2, 0, 1, -2, 0, 1, 0, 1, 0, 0]
[1, -1, 4, 1, -1, 0, 2, 1, -2, -2, 1, -2, 2, -2, 2, 0, -1, -1, 0, -1, 0, 0]
[-1, 1, -2, -1, 1, 0, 0, -1, -1, 0, 0, 1, 1, 0, 1, -1, 1, 1, 0, 1, 0, 0]
[0, 0, 2, 0, -1, 0, 1, 0, -2, -1, 1, 0, 2, -1, 1, 0, 0, -1, -1, 0, 0, 0]
[0, 0, 0, 0, 1, 0, 1, 0, -1, -1, 0, -1, 1, -1, 2, -1, 0, 1, 1, 0, 0, 0]
[0, 1, 1, -1, 1, 0, 1, 0, -1, -1, 1, -1, 1, -1, 1, -1, -1, 1, -1, 0, 0, 1]
[0, -1, 1, 1, -1, 0, 1, 0, -2, -1, 0, 0, 2, -1, 2, 0, 1, -1, 1, 0, 0, -1]
[0, 0, 1, 1, 0, 1, 1, -1, -1, 0, 1, 0, 1, -1, 1, -1, -1, 1, 0, 0, 0, 0]
[0, 0, 1, -1, 0, -1, 1, 1, -2, -2, 0, -1, 2, -1, 2, 0, 1, -1, 0, 0, 0, 0]
[1, 0, 1, 0, 0, 0, 1, -1, -2, -2, 0, -1, 1, -1, 2, 0, 0, 1, 0, 0, 0, 1]
[-1, 0, 1, 0, 0, 0, 1, 1, -1, 0, 1, 0, 2, -1, 1, -1, 0, -1, 0, 0, 0, -1]
[1, 0, 1, 0, 0, 0, 1, -1, -2, -1, 0, -1, 1, -1, 1, 0, 1, 1, 0, 0, 0, 0]
[-1, 0, 1, 0, 0, 0, 1, 1, -1, -1, 1, 0, 2, -1, 2, -1, -1, -1, 0, 0, 0, 0]
[0, 0, 1, 0, 0, 1, 1, -1, -1, -1, 0, 0, 2, -1, 1, -1, 0, 1, 0, 0, 1, 1]
[0, 0, 1, 0, 0, -1, 1, 1, -2, -1, 1, -1, 1, -1, 2, 0, 0, -1, 0, 0, -1, -1]
[0, 1, 0, 0, 0, 0, 1, -1, -2, -1, 0, 0, 2, -1, 1, 0, 0, 1, 0, 0, 1, 1]
[0, -1, 2, 0, 0, 0, 1, 1, -1, -1, 1, -1, 1, -1, 2, -1, 0, -1, 0, 0, -1, -1]
[0, 0, 1, 0, 0, 0, 1, 1, -1, -1, 1, -1, 2, -1, 2, -1, -1, -1, 0, 0, 0, 0]
[0, 0, 1, 0, 0, 0, 1, -1, -2, -1, 0, 0, 1, -1, 1, 0, 1, 1, 0, 0, 0, 0]
[0, 0, 1, 1, 0, 1, 1, 0, 0, -1, 0, 0, 1, -1, 1, -2, 0, 1, 0, 0, 0, 0]
[0, 0, 1, -1, 0, -1, 1, 0, -3, -1, 1, -1, 2, -1, 2, 1, 0, -1, 0, 0, 0, 0]
[1, 0, 1, 1, 0, 1, 1, -1, -1, -1, 0, 0, 1, -1, 1, -1, 0, 1, -1, 0, 0, 1]
[-1, 0, 1, -1, 0, -1, 1, 1, -2, -1, 1, -1, 2, -1, 2, 0, 0, -1, 1, 0, 0, -1]
[0, 0, 2, -1, 0, -1, 1, 1, -2, -1, 1, -2, 2, -1, 2, 0, 0, -1, 0, 0, -1, -1]
[0, 0, 0, 1, 0, 1, 1, -1, -1, -1, 0, 1, 1, -1, 1, -1, 0, 1, 0, 0, 1, 1]
[0, 0, 2, 0, 0, 0, 1, 1, -2, -1, 1, -1, 2, -1, 1, 0, -1, -1, 0, 0, 0, 0]
[0, 0, 0, 0, 0, 0, 1, -1, -1, -1, 0, 0, 1, -1, 2, -1, 1, 1, 0, 0, 0, 0]
[0, 1, 0, -1, 0, 0, 1, 0, -1, -2, 0, 0, 2, -1, 2, -1, 0, 1, 0, 0, 1, 1]
[0, -1, 2, 1, 0, 0, 1, 0, -2, 0, 1, -1, 1, -1, 1, 0, 0, -1, 0, 0, -1, -1]
[0, 1, 0, 0, 0, 0, 1, -1, -1, -1, 1, 0, 1, -1, 1, -1, 0, 1, -1, 0, 0, 1]
[0, -1, 2, 0, 0, 0, 1, 1, -2, -1, 0, -1, 2, -1, 2, 0, 0, -1, 1, 0, 0, -1]
[0, 0, 2, -1, 0, -1, 2, 1, -2, -1, 2, -1, 2, -1, 1, 0, -1, -1, -1, 0, 0, 0]
[0, 0, 0, 1, 0, 1, 0, -1, -1, -1, -1, 0, 1, -1, 2, -1, 1, 1, 1, 0, 0, 0]
[0, 0, 2, 0, -1, -1, 2, 1, -2, -2, 1, -1, 3, -1, 2, 0, -1, -1, 0, 0, 0, 0]
[0, 0, 0, 0, 1, 1, 0, -1, -1, 0, 0, 0, 0, -1, 1, -1, 1, 1, 0, 0, 0, 0]
[0, 1, 0, 0, 0, 1, 0, -1, -1, -1, 0, 0, 1, -1, 1, -1, 0, 1, 0, 0, 1, 1]
[0, -1, 2, 0, 0, -1, 2, 1, -2, -1, 1, -1, 2, -1, 2, 0, 0, -1, 0, 0, -1, -1]
[0, 1, -1, -1, 1, 0, 0, -1, -1, -1, 0, -1, 1, -1, 2, -1, 1, 1, 0, 0, 0, 1]
[0, -1, 3, 1, -1, 0, 2, 1, -2, -1, 1, 0, 2, -1, 1, 0, -1, -1, 0, 0, 0, -1]
[0, 0, 2, 0, 0, -1, 2, 1, -2, -1, 1, -1, 2, -1, 1, 0, -1, -1, -1, 0, 0, 0]
[0, 0, 0, 0, 0, 1, 0, -1, -1, -1, 0, 0, 1, -1, 2, -1, 1, 1, 1, 0, 0, 0]
[0, 1, 0, -1, 0, 0, 0, -1, -2, -1, 0, 0, 1, -1, 2, 0, 1, 1, 0, 0, 0, 0]
[0, -1, 2, 1, 0, 0, 2, 1, -1, -1, 1, -1, 2, -1, 1, -1, -1, -1, 0, 0, 0, 0]
[0, 1, 0, -1, 1, 0, 1, 0, -1, -1, 1, -1, 2, -1, 2, -1, -1, 0, 0, 1, 0, 1]
[0, -1, 2, 1, -1, 0, 1, 0, -2, -1, 0, 0, 1, -1, 1, 0, 1, 0, 0, -1, 0, -1]
[0, 0, 1, 1, -1, 0, 1, 0, -2, -1, 0, 0, 2, -1, 1, 0, 0, 0, 0, -1, 1, 0]
[0, 0, 1, -1, 1, 0, 1, 0, -1, -1, 1, -1, 1, -1, 2, -1, 0, 0, 0, 1, -1, 0]
[0, 1, 0, -1, 1, -1, 1, 0, -2, -1, 1, -1, 1, -1, 2, 0, 0, 0, 0, 1, -1, 0]
[0, -1, 2, 1, -1, 1, 1, 0, -1, -1, 0, 0, 2, -1, 1, -1, 0, 0, 0, -1, 1, 0]
[1, -1, 2, 1, -1, 0, 1, 0, -2, -1, 0, -1, 1, -1, 1, 0, 1, 0, 0, -1, 0, -1]
[-1, 1, 0, -1, 1, 0, 1, 0, -1, -1, 1, 0, 2, -1, 2, -1, -1, 0, 0, 1, 0, 1]
[1, -1, 2, 1, -1, 0, 1, 0, -2, -2, 0, -1, 1, -1, 2, 0, 0, 0, 0, -1, 0, 0]
[-1, 1, 0, -1, 1, 0, 1, 0, -1, 0, 1, 0, 2, -1, 1, -1, 0, 0, 0, 1, 0, 0]
[0, 1, 0, -2, 1, -1, 1, 0, -2, -2, 0, -1, 2, -1, 2, 0, 1, 0, 0, 1, 0, 1]
[0, -1, 2, 2, -1, 1, 1, 0, -1, 0, 1, 0, 1, -1, 1, -1, -1, 0, 0, -1, 0, -1]
[0, 0, 2, 0, 0, 0, 1, 1, -1, -1, 1, -1, 1, -1, 1, -1, -1, 0, -1, -1, 0, 0]
[0, 0, 0, 0, 0, 0, 1, -1, -2, -1, 0, 0, 2, -1, 2, 0, 1, 0, 1, 1, 0, 0]
[0, 1, 1, -1, 0, 0, 1, -1, -2, -1, 1, 0, 2, -1, 1, 0, 0, 0, -1, 1, 0, 1]
[0, -1, 1, 1, 0, 0, 1, 1, -1, -1, 0, -1, 1, -1, 2, -1, 0, 0, 1, -1, 0, -1]
[0, 0, 2, 0, -1, 0, 1, 0, -2, -1, 1, -1, 2, -1, 1, 0, -1, 0, 0, -1, 1, 0]
[0, 0, 0, 0, 1, 0, 1, 0, -1, -1, 0, 0, 1, -1, 2, -1, 1, 0, 0, 1, -1, 0]
[0, 1, 0, 0, 0, 0, 1, 0, -1, -2, 0, 0, 2, -1, 2, -1, 0, 0, 0, 1, 0, 1]
[0, -1, 2, 0, 0, 0, 1, 0, -2, 0, 1, -1, 1, -1, 1, 0, 0, 0, 0, -1, 0, -1]
[0, 1, 0, -1, 1, 0, 1, 0, -1, -1, 1, 0, 1, -1, 1, -1, 0, 0, -1, 1, 0, 1]
[0, -1, 2, 1, -1, 0, 1, 0, -2, -1, 0, -1, 2, -1, 2, 0, 0, 0, 1, -1, 0, -1]
[1, -1, 3, 1, -1, 0, 1, 0, -3, -1, 0, -1, 1, -1, 1, 1, 0, 0, 0, -1, 0, -1]
[-1, 1, -1, -1, 1, 0, 1, 0, 0, -1, 1, 0, 2, -1, 2, -2, 0, 0, 0, 1, 0, 1]
[1, -2, 3, 2, -1, 1, 1, 0, -2, -1, 0, -1, 1, -1, 1, 0, 0, 0, 1, -1, 0, -1]
[-1, 2, -1, -2, 1, -1, 1, 0, -1, -1, 1, 0, 2, -1, 2, -1, 0, 0, -1, 1, 0, 1]
[1, -1, 2, 1, 0, 0, 1, 0, -2, -1, 0, -2, 1, -1, 1, 0, 0, 0, 0, -1, 0, 0]
[-1, 1, 0, -1, 0, 0, 1, 0, -1, -1, 1, 1, 2, -1, 2, -1, 0, 0, 0, 1, 0, 0]
[0, 1, 0, -1, 1, 0, 0, 0, -1, -1, 0, -1, 1, -1, 2, -1, 1, 0, 0, 1, -1, 0]
[0, -1, 2, 1, -1, 0, 2, 0, -2, -1, 1, 0, 2, -1, 1, 0, -1, 0, 0, -1, 1, 0]
[1, -1, 3, 1, -1, 0, 2, 0, -2, -1, 1, -1, 2, -1, 1, 0, -1, 0, -1, -1, 0, 0]
[-1, 1, -1, -1, 1, 0, 0, 0, -1, -1, 0, 0, 1, -1, 2, -1, 1, 0, 1, 1, 0, 0]
[0, 1, -1, -1, 1, 0, 0, -1, -2, -1, 0, 0, 1, -1, 2, 0, 1, 0, 0, 1, 0, 1]
[0, -1, 3, 1, -1, 0, 2, 1, -1, -1, 1, -1, 2, -1, 1, -1, -1, 0, 0, -1, 0, -1]
[1, -1, 3, 2, -1, 0, 2, 0, -2, -1, 1, -1, 1, -1, 0, 0, -1, 0, -1, -1, 0, 0]
[-1, 1, -1, -2, 1, 0, 0, 0, -1, -1, 0, 0, 2, -1, 3, -1, 1, 0, 1, 1, 0, 0]
[1, -1, 3, 1, -1, 0, 2, 1, -2, -2, 0, -1, 2, -1, 1, 0, -1, 0, 0, -1, 1, 0]
[-1, 1, -1, -1, 1, 0, 0, -1, -1, 0, 1, 0, 1, -1, 2, -1, 1, 0, 0, 1, -1, 0]
[1, -2, 3, 2, -1, 0, 2, 0, -2, -1, 0, -1, 1, -1, 1, 0, 0, 0, 0, -1, 0, -1]
[-1, 2, -1, -2, 1, 0, 0, 0, -1, -1, 1, 0, 2, -1, 2, -1, 0, 0, 0, 1, 0, 1]
[1, 0, 2, 0, 0, 0, 2, 0, -2, -2, 1, -1, 2, -2, 2, 0, 0, 0, 0, 0, 0, 1]
[-1, 0, 0, 0, 0, 0, 0, 0, -1, 0, 0, 0, 1, 0, 1, -1, 0, 0, 0, 0, 0, -1]
[0, 1, 1, -1, 0, -1, 2, 0, -2, -2, 1, -1, 2, -2, 2, 0, 0, 0, 0, 0, 1, 1]
[0, -1, 1, 1, 0, 1, 0, 0, -1, 0, 0, 0, 1, 0, 1, -1, 0, 0, 0, 0, -1, -1]
[0, 1, 0, 0, 1, 0, 1, 0, -1, -1, 1, -1, 1, -2, 2, -1, 0, 0, 0, 0, 0, 1]
[0, -1, 2, 0, -1, 0, 1, 0, -2, -1, 0, 0, 2, 0, 1, 0, 0, 0, 0, 0, 0, -1]
[1, 0, 1, 0, 0, 0, 1, 0, -2, -2, 0, -1, 1, -2, 3, 0, 1, 0, 1, 0, 0, 0]
[-1, 0, 1, 0, 0, 0, 1, 0, -1, 0, 1, 0, 2, 0, 0, -1, -1, 0, -1, 0, 0, 0]
[0, 1, 1, -1, 0, 0, 1, 0, -1, -2, 1, -1, 2, -2, 3, -1, 0, 0, 0, 0, 0, 1]
[0, -1, 1, 1, 0, 0, 1, 0, -2, 0, 0, 0, 1, 0, 0, 0, 0, 0, 0, 0, 0, -1]
[0, 1, 0, -2, 1, -1, 1, 0, -2, -2, 1, -1, 1, -2, 3, 0, 1, 0, 0, 0, 0, 1]
[0, -1, 2, 2, -1, 1, 1, 0, -1, 0, 0, 0, 2, 0, 0, -1, -1, 0, 0, 0, 0, -1]
[1, 0, 1, 0, 0, 0, 1, -1, -2, -2, 0, -1, 1, -2, 2, 0, 2, 0, 0, 0, 0, 1]
[-1, 0, 1, 0, 0, 0, 1, 1, -1, 0, 1, 0, 2, 0, 1, -1, -2, 0, 0, 0, 0, -1]
[0, 1, 1, -1, 0, 0, 1, 0, -2, -2, 0, 0, 2, -2, 2, 0, 1, 0, 0, 0, 1, 1]
[0, -1, 1, 1, 0, 0, 1, 0, -1, 0, 1, -1, 1, 0, 1, -1, -1, 0, 0, 0, -1, -1]
[0, 1, 0, -1, 0, -1, 1, 0, -2, -2, 0, -1, 2, -2, 3, 0, 2, 0, 1, 0, 0, 0]
[0, -1, 2, 1, 0, 1, 1, 0, -1, 0, 1, 0, 1, 0, 0, -1, -2, 0, -1, 0, 0, 0]
[0, 1, 0, -1, 0, 0, 1, -1, -2, -1, 1, 0, 2, -2, 2, 0, 1, 0, 0, 0, 1, 1]
[0, -1, 2, 1, 0, 0, 1, 1, -1, -1, 0, -1, 1, 0, 1, -1, -1, 0, 0, 0, -1, -1]
[0, 1, 0, -1, 0, -1, 1, 0, -2, -2, 1, -1, 2, -2, 3, 0, 1, -1, 0, 0, 0, 1]
[0, -1, 2, 1, 0, 1, 1, 0, -1, 0, 0, 0, 1, 0, 0, -1, -1, 1, 0, 0, 0, -1]
[0, 1, 1, -2, 0, -1, 1, 1, -2, -2, 1, -1, 2, -2, 3, 0, 1, -1, 0, 0, 0, 0]
[0, -1, 1, 2, 0, 1, 1, -1, -1, 0, 0, 0, 1, 0, 0, -1, -1, 1, 0, 0, 0, 0]
[0, 0, 1, 0, 0, 0, 1, 0, -1, -1, 0, -1, 2, 0, 1, -1, -1, 1, 0, 0, 0, 0]
[0, 0, 1, 0, 0, 0, 1, 0, -2, -1, 1, 0, 1, -2, 2, 0, 1, -1, 0, 0, 0, 0]
[0, 0, 1, 0, 0, 0, 1, 1, -1, -2, 0, -1, 2, -2, 3, -1, 1, -1, 1, 0, 0, 0]
[0, 0, 1, 0, 0, 0, 1, -1, -2, 0, 1, 0, 1, 0, 0, 0, -1, 1, -1, 0, 0, 0]
[0, 1, 1, -2, 0, -1, 1, 0, -3, -2, 1, -1, 2, -2, 2, 1, 1, -1, 0, 0, 1, 1]
[0, -1, 1, 2, 0, 1, 1, 0, 0, 0, 0, 0, 1, 0, 1, -2, -1, 1, 0, 0, -1, -1]
[0, 0, 1, 1, 0, 1, 1, 0, 0, 0, 1, 0, 1, 0, 0, -2, -2, 1, -1, 0, 0, 0]
[0, 0, 1, -1, 0, -1, 1, 0, -3, -2, 0, -1, 2, -2, 3, 1, 2, -1, 1, 0, 0, 0]
[0, 1, 1, -1, 0, -1, 1, 0, -3, -1, 1, -1, 2, -2, 2, 1, 1, -1, 0, 0, 0, 0]
[0, -1, 1, 1, 0, 1, 1, 0, 0, -1, 0, 0, 1, 0, 1, -2, -1, 1, 0, 0, 0, 0]
[0, 0, 2, -1, 0, 0, 1, 0, -2, -1, 1, -1, 2, -2, 2, 0, 1, -1, 0, 0, 0, 0]
[0, 0, 0, 1, 0, 0, 1, 0, -1, -1, 0, 0, 1, 0, 1, -1, -1, 1, 0, 0, 0, 0]
[0, 0, 1, 0, 0, 0, 1, 0, -1, -1, 0, 0, 1, 0, 1, -1, -1, 1, -1, 0, 0, 0]
[0, 0, 1, 0, 0, 0, 1, 0, -2, -1, 1, -1, 2, -2, 2, 0, 1, -1, 1, 0, 0, 0]
[1, 0, 1, -1, 0, -1, 1, 0, -3, -2, 0, -2, 2, -2, 3, 1, 2, -1, 1, 0, 0, 0]
[-1, 0, 1, 1, 0, 1, 1, 0, 0, 0, 1, 1, 1, 0, 0, -2, -2, 1, -1, 0, 0, 0]
[0, 0, 2, 0, -1, 0, 2, 0, -2, -2, 1, 0, 3, -2, 2, 0, 0, -1, 0, 0, 1, 1]
[0, 0, 0, 0, 1, 0, 0, 0, -1, 0, 0, -1, 0, 0, 1, -1, 0, 1, 0, 0, -1, -1]
[1, 0, 2, 0, -1, -1, 2, 0, -3, -2, 1, -1, 2, -2, 2, 1, 1, -1, 0, 0, 0, 0]
[-1, 0, 0, 0, 1, 1, 0, 0, 0, 0, 0, 0, 1, 0, 1, -2, -1, 1, 0, 0, 0, 0]
[1, 0, 2, -1, 0, -1, 2, 0, -3, -2, 1, -1, 2, -2, 2, 1, 1, -1, -1, 0, 0, 1]
[-1, 0, 0, 1, 0, 1, 0, 0, 0, 0, 0, 0, 1, 0, 1, -2, -1, 1, 1, 0, 0, -1]
[0, 0, 2, -1, 0, -1, 2, 1, -2, -2, 1, -1, 2, -2, 2, 0, 1, -1, 0, 0, 0, 0]
[0, 0, 0, 1, 0, 1, 0, -1, -1, 0, 0, 0, 1, 0, 1, -1, -1, 1, 0, 0, 0, 0]
[0, 1, 1, -1, 0, -1, 2, 1, -2, -2, 1, -1, 3, -2, 2, 0, 0, -1, 0, 0, 1, 1]
[0, -1, 1, 1, 0, 1, 0, -1, -1, 0, 0, 0, 0, 0, 1, -1, 0, 1, 0, 0, -1, -1]
[0, 0, 1, 0, 0, 1, 0, 0, -1, -1, 0, 0, 1, 0, 1, -1, -1, 1, 0, 0, 0, 0]
[0, 0, 1, 0, 0, -1, 2, 0, -2, -1, 1, -1, 2, -2, 2, 0, 1, -1, 0, 0, 0, 0]
[0, 0, 2, -1, 0, 0, 1, 1, -2, -2, 1, -1, 2, -2, 3, 0, 0, -1, 1, 0, 0, 0]
[0, 0, 0, 1, 0, 0, 1, -1, -1, 0, 0, 0, 1, 0, 0, -1, 0, 1, -1, 0, 0, 0]
[1, 0, 2, -1, 0, -1, 1, 0, -3, -2, 1, -2, 1, -2, 3, 1, 1, -1, 0, 0, -1, 0]
[-1, 0, 0, 1, 0, 1, 1, 0, 0, 0, 0, 1, 2, 0, 0, -2, -1, 1, 0, 0, 1, 0]
[0, 0, 1, 0, 0, 0, 1, 0, -1, -1, 0, 0, 1, 0, 0, -1, 0, 1, -1, 0, 0, 0]
[0, 0, 1, 0, 0, 0, 1, 0, -2, -1, 1, -1, 2, -2, 3, 0, 0, -1, 1, 0, 0, 0]
[0, 1, 1, -1, 0, -1, 1, 1, -2, -2, 1, -2, 2, -2, 3, 0, 0, -1, 1, 0, 0, 0]
[0, -1, 1, 1, 0, 1, 1, -1, -1, 0, 0, 1, 1, 0, 0, -1, 0, 1, -1, 0, 0, 0]
[0, 1, 1, -2, 1, -1, 1, 1, -2, -2, 1, -2, 2, -2, 3, 0, 0, -1, 0, 0, 0, 1]
[0, -1, 1, 2, -1, 1, 1, -1, -1, 0, 0, 1, 1, 0, 0, -1, 0, 1, 0, 0, 0, -1]
[0, 0, 1, 1, -1, 1, 1, -1, -1, -1, 0, 1, 2, 0, 0, -1, -1, 1, -1, 0, 1, 1]
[0, 0, 1, -1, 1, -1, 1, 1, -2, -1, 1, -2, 1, -2, 3, 0, 1, -1, 1, 0, -1, -1]
[0, 1, 2, -1, 0, -1, 2, 1, -2, -2, 2, -1, 2, -2, 2, 0, -1, -1, -1, 0, 0, 1]
[0, -1, 0, 1, 0, 1, 0, -1, -1, 0, -1, 0, 1, 0, 1, -1, 1, 1, 1, 0, 0, -1]
[0, 0, 2, -1, 0, -1, 2, 1, -2, -2, 1, -1, 2, -2, 3, 0, 0, -1, 0, 0, 0, 0]
[0, 0, 0, 1, 0, 1, 0, -1, -1, 0, 0, 0, 1, 0, 0, -1, 0, 1, 0, 0, 0, 0]
[0, 0, 1, 0, 0, 1, 0, -1, -1, 0, 0, 0, 1, 0, 0, -1, 0, 1, -1, 0, 0, 0]
[0, 0, 1, 0, 0, -1, 2, 1, -2, -2, 1, -1, 2, -2, 3, 0, 0, -1, 1, 0, 0, 0]
[1, 0, 2, -1, 0, -1, 2, 1, -2, -3, 1, -2, 2, -2, 3, 0, 0, -1, 0, 0, 0, 1]
[-1, 0, 0, 1, 0, 1, 0, -1, -1, 1, 0, 1, 1, 0, 0, -1, 0, 1, 0, 0, 0, -1]
[0, 0, 2, 0, 0, 0, 2, 1, -1, -1, 2, -1, 2, -2, 2, -1, -1, -1, 0, 0, 0, 0]
[0, 0, 0, 0, 0, 0, 0, -1, -2, -1, -1, 0, 1, 0, 1, 0, 1, 1, 0, 0, 0, 0]
[1, 0, 2, 0, 0, -1, 2, 1, -2, -2, 1, -2, 2, -2, 3, 0, 0, -1, 0, 0, -1, 0]
[-1, 0, 0, 0, 0, 1, 0, -1, -1, 0, 0, 1, 1, 0, 0, -1, 0, 1, 0, 0, 1, 0]
[0, 0, 2, -1, 0, -1, 2, 0, -3, -1, 2, -1, 2, -2, 2, 1, 0, -1, 0, 0, 0, 0]
[0, 0, 0, 1, 0, 1, 0, 0, 0, -1, -1, 0, 1, 0, 1, -2, 0, 1, 0, 0, 0, 0]
[0, 0, 2, -1, 0, -1, 2, 1, -2, -2, 1, -2, 3, -2, 3, 0, 0, -1, 1, 0, 0, 0]
[0, 0, 0, 1, 0, 1, 0, -1, -1, 0, 0, 1, 0, 0, 0, -1, 0, 1, -1, 0, 0, 0]
[1, 0, 2, 0, 0, -1, 2, 0, -3, -2, 1, -2, 2, -2, 2, 1, 0, -1, 0, 0, 0, 1]
[-1, 0, 0, 0, 0, 1, 0, 0, 0, 0, 0, 1, 1, 0, 1, -2, 0, 1, 0, 0, 0, -1]
[1, 0, 3, -1, 0, -1, 2, 1, -3, -2, 1, -2, 2, -2, 2, 1, 0, -1, 0, 0, 0, 0]
[-1, 0, -1, 1, 0, 1, 0, -1, 0, 0, 0, 1, 1, 0, 1, -2, 0, 1, 0, 0, 0, 0]
[1, -1, 2, 2, 0, 1, 1, 0, -1, -1, 0, -1, 0, -1, 1, -1, -1, 1, 0, -1, 0, 0]
[-1, 1, 0, -2, 0, -1, 1, 0, -2, -1, 1, 0, 3, -1, 2, 0, 1, -1, 0, 1, 0, 0]
[0, 0, 1, 0, 0, 0, 1, 0, -1, -1, 1, -1, 1, -1, 2, -1, -1, 1, 0, -1, 0, 0]
[0, 0, 1, 0, 0, 0, 1, 0, -2, -1, 0, 0, 2, -1, 1, 0, 1, -1, 0, 1, 0, 0]
[1, -1, 2, 1, 0, 1, 1, 0, -1, -1, 0, -1, 1, -1, 1, -1, 0, 1, 0, -1, 0, 0]
[-1, 1, 0, -1, 0, -1, 1, 0, -2, -1, 1, 0, 2, -1, 2, 0, 0, -1, 0, 1, 0, 0]
[1, -1, 2, 2, -1, 1, 1, -1, -1, -1, 0, -1, 1, -1, 1, -1, 0, 1, 0, -1, 0, 0]
[-1, 1, 0, -2, 1, -1, 1, 1, -2, -1, 1, 0, 2, -1, 2, 0, 0, -1, 0, 1, 0, 0]
[0, 0, 1, 1, 0, 0, 1, 0, -1, -1, 0, -1, 1, -1, 1, -1, 0, 1, 0, -1, 0, 0]
[0, 0, 1, -1, 0, 0, 1, 0, -2, -1, 1, 0, 2, -1, 2, 0, 0, -1, 0, 1, 0, 0]
[0, 0, 1, 0, 0, 0, 1, 0, -1, -1, 0, -1, 1, -1, 1, -1, 0, 1, 0, -1, 1, 0]
[0, 0, 1, 0, 0, 0, 1, 0, -2, -1, 1, 0, 2, -1, 2, 0, 0, -1, 0, 1, -1, 0]
[0, 0, 2, 1, -1, 1, 1, 0, -1, -1, 0, 0, 2, -1, 1, -1, -1, 1, 0, -1, 1, 0]
[0, 0, 0, -1, 1, -1, 1, 0, -2, -1, 1, -1, 1, -1, 2, 0, 1, -1, 0, 1, -1, 0]
[0, 0, 1, 1, 0, 1, 1, -1, -1, 0, 1, 0, 1, -1, 0, -1, -1, 1, -1, -1, 1, 1]
[0, 0, 1, -1, 0, -1, 1, 1, -2, -2, 0, -1, 2, -1, 3, 0, 1, -1, 1, 1, -1, -1]
[1, -1, 2, 1, -1, 0, 1, 0, -2, -2, -1, -1, 1, -1, 2, 0, 1, 1, 1, -1, 0, -1]
[-1, 1, 0, -1, 1, 0, 1, 0, -1, 0, 2, 0, 2, -1, 1, -1, -1, -1, -1, 1, 0, 1]
[1, -1, 1, 1, 0, 0, 1, -1, -2, -1, 0, -1, 0, -1, 1, 0, 1, 1, 0, -1, 0, 0]
[-1, 1, 1, -1, 0, 0, 1, 1, -1, -1, 1, 0, 3, -1, 2, -1, -1, -1, 0, 1, 0, 0]
[1, -1, 2, 2, -1, 1, 1, -1, -2, -1, 0, 0, 1, -1, 1, 0, 0, 1, 0, -1, 0, 0]
[-1, 1, 0, -2, 1, -1, 1, 1, -1, -1, 1, -1, 2, -1, 2, -1, 0, -1, 0, 1, 0, 0]
[1, -1, 2, 1, -1, 1, 1, -1, -2, -1, 0, 0, 1, -1, 1, 0, 0, 1, 0, -1, 1, 0]
[-1, 1, 0, -1, 1, -1, 1, 1, -1, -1, 1, -1, 2, -1, 2, -1, 0, -1, 0, 1, -1, 0]
[0, 0, 1, 0, 0, 0, 1, 0, -1, -1, 1, -1, 2, -1, 2, -1, 0, -1, 0, 1, -1, 0]
[0, 0, 1, 0, 0, 0, 1, 0, -2, -1, 0, 0, 1, -1, 1, 0, 0, 1, 0, -1, 1, 0]
[0, 0, 1, 1, -1, 0, 1, -1, -2, -1, 0, 0, 1, -1, 1, 0, 0, 1, 0, -1, 1, 0]
[0, 0, 1, -1, 1, 0, 1, 1, -1, -1, 1, -1, 2, -1, 2, -1, 0, -1, 0, 1, -1, 0]
[1, -1, 2, 2, -1, 1, 1, -1, -2, -1, -1, 0, 1, -1, 0, 0, 1, 1, 0, -1, 1, 0]
[-1, 1, 0, -2, 1, -1, 1, 1, -1, -1, 2, -1, 2, -1, 3, -1, -1, -1, 0, 1, -1, 0]
[0, 0, 1, 0, 1, 0, 1, 1, -1, -1, 1, -1, 1, -1, 2, -1, -1, -1, 0, 1, -1, 0]
[0, 0, 1, 0, -1, 0, 1, -1, -2, -1, 0, 0, 2, -1, 1, 0, 1, 1, 0, -1, 1, 0]
[0, 0, 1, 0, 1, 0, 1, 0, -1, 0, 1, -1, 1, 0, 0, -1, -1, 0, -1, 1, -1, 0]
[0, 0, 1, 0, -1, 0, 1, 0, -2, -2, 0, 0, 2, -2, 3, 0, 1, 0, 1, -1, 1, 0]
[0, 0, 1, 0, 0, 0, 1, 0, -1, -1, 1, -1, 1, -2, 2, -1, 1, 0, 0, -1, 0, 0]
[0, 0, 1, 0, 0, 0, 1, 0, -2, -1, 0, 0, 2, 0, 1, 0, -1, 0, 0, 1, 0, 0]
[1, 0, 2, 1, -1, 0, 1, 0, -2, -2, 0, -1, 1, -2, 2, 0, 1, 0, 0, -1, 0, 0]
[-1, 0, 0, -1, 1, 0, 1, 0, -1, 0, 1, 0, 2, 0, 1, -1, -1, 0, 0, 1, 0, 0]
[1, 0, 1, 0, 0, 0, 1, 0, -2, -2, 0, -1, 1, -2, 2, 0, 1, 0, 0, -1, 1, 1]
[-1, 0, 1, 0, 0, 0, 1, 0, -1, 0, 1, 0, 2, 0, 1, -1, -1, 0, 0, 1, -1, -1]
[1, 0, 2, 0, -1, 0, 1, -1, -3, -2, 0, -1, 2, -2, 2, 1, 1, 0, 0, -1, 1, 1]
[-1, 0, 0, 0, 1, 0, 1, 1, 0, 0, 1, 0, 1, 0, 1, -2, -1, 0, 0, 1, -1, -1]
[1, 0, 2, 0, -1, 0, 1, 0, -3, -2, 0, -1, 2, -2, 2, 1, 1, 0, 1, -1, 1, 0]
[-1, 0, 0, 0, 1, 0, 1, 0, 0, 0, 1, 0, 1, 0, 1, -2, -1, 0, -1, 1, -1, 0]
[0, 0, 2, 0, -1, 0, 1, 0, -2, -2, 0, -1, 2, -2, 2, 0, 1, 0, 1, -1, 1, 0]
[0, 0, 0, 0, 1, 0, 1, 0, -1, 0, 1, 0, 1, 0, 1, -1, -1, 0, -1, 1, -1, 0]
[1, -1, 2, 1, -1, 0, 1, -1, -3, -1, 0, -1, 1, -2, 2, 1, 2, 0, 1, -1, 0, -1]
[-1, 1, 0, -1, 1, 0, 1, 1, 0, -1, 1, 0, 2, 0, 1, -2, -2, 0, -1, 1, 0, 1]
[1, 0, 2, -1, 0, -1, 1, 0, -3, -2, 0, -2, 1, -2, 2, 1, 2, 0, 0, -1, 0, 0]
[-1, 0, 0, 1, 0, 1, 1, 0, 0, 0, 1, 1, 2, 0, 1, -2, -2, 0, 0, 1, 0, 0]
[0, 0, 1, 0, 0, 0, 1, 0, -1, -1, 1, 0, 1, 0, 1, -1, -1, 0, -1, 1, -1, 0]
[0, 0, 1, 0, 0, 0, 1, 0, -2, -1, 0, -1, 2, -2, 2, 0, 1, 0, 1, -1, 1, 0]
[1, 0, 2, 0, -1, -1, 2, 0, -3, -3, 0, -1, 2, -2, 2, 1, 1, 0, 0, -1, 1, 1]
[-1, 0, 0, 0, 1, 1, 0, 0, 0, 1, 1, 0, 1, 0, 1, -2, -1, 0, 0, 1, -1, -1]
[0, 0, 2, 1, -1, 0, 2, 0, -2, -1, 1, 0, 2, -2, 1, 0, 0, 0, 0, -1, 1, 0]
[0, 0, 0, -1, 1, 0, 0, 0, -1, -1, 0, -1, 1, 0, 2, -1, 0, 0, 0, 1, -1, 0]
[1, 0, 3, 0, -1, 0, 2, 0, -2, -2, 1, -1, 2, -2, 1, 0, 0, 0, -1, -1, 1, 1]
[-1, 0, -1, 0, 1, 0, 0, 0, -1, 0, 0, 0, 1, 0, 2, -1, 0, 0, 1, 1, -1, -1]
[1, 0, 2, 0, -1, -1, 2, 0, -3, -2, 0, -1, 2, -2, 2, 1, 1, 0, 0, -1, 1, 0]
[-1, 0, 0, 0, 1, 1, 0, 0, 0, 0, 1, 0, 1, 0, 1, -2, -1, 0, 0, 1, -1, 0]
[1, -1, 2, 1, -1, 0, 2, 0, -2, -2, 0, -1, 2, -2, 2, 0, 1, 0, 1, -1, 1, 0]
[-1, 1, 0, -1, 1, 0, 0, 0, -1, 0, 1, 0, 1, 0, 1, -1, -1, 0, -1, 1, -1, 0]
[1, -1, 3, 1, -1, 0, 2, 0, -2, -2, 0, -1, 2, -2, 2, 0, 1, 0, 0, -1, 0, 0]
[-1, 1, -1, -1, 1, 0, 0, 0, -1, 0, 1, 0, 1, 0, 1, -1, -1, 0, 0, 1, 0, 0]
[0, 0, 1, 0, 0, 0, 1, 0, -1, -1, 0, 0, 2, 0, 1, -1, 0, 0, -1, 1, -1, 0]
[0, 0, 1, 0, 0, 0, 1, 0, -2, -1, 1, -1, 1, -2, 2, 0, 0, 0, 1, -1, 1, 0]
[0, 0, 2, 0, 0, 0, 1, 0, -2, -1, 1, -1, 1, -2, 2, 0, 0, 0, 0, -1, 0, 0]
[0, 0, 0, 0, 0, 0, 1, 0, -1, -1, 0, 0, 2, 0, 1, -1, 0, 0, 0, 1, 0, 0]
[1, 0, 2, 0, 0, 0, 1, 0, -2, -2, 1, -2, 1, -2, 2, 0, 0, 0, 0, -1, 0, 1]
[-1, 0, 0, 0, 0, 0, 1, 0, -1, 0, 0, 1, 2, 0, 1, -1, 0, 0, 0, 1, 0, -1]
[1, 0, 1, 0, 0, -1, 1, 0, -3, -2, 0, -2, 1, -2, 3, 1, 1, 0, 1, -1, 0, 0]
[-1, 0, 1, 0, 0, 1, 1, 0, 0, 0, 1, 1, 2, 0, 0, -2, -1, 0, -1, 1, 0, 0]
[1, -1, 2, 0, 0, 0, 1, 0, -2, -2, 0, -2, 1, -2, 3, 0, 1, 0, 1, -1, 0, 0]
[-1, 1, 0, 0, 0, 0, 1, 0, -1, 0, 1, 1, 2, 0, 0, -1, -1, 0, -1, 1, 0, 0]
[1, 0, 2, 0, 0, 0, 1, 0, -2, -1, 1, -2, 1, -2, 2, 0, 0, 0, 0, -1, 0, 0]
[-1, 0, 0, 0, 0, 0, 1, 0, -1, -1, 0, 1, 2, 0, 1, -1, 0, 0, 0, 1, 0, 0]
[1, -1, 3, 1, -1, 0, 2, 0, -2, -2, 1, -1, 1, -2, 2, 0, 0, 0, 0, -1, 0, 0]
[-1, 1, -1, -1, 1, 0, 0, 0, -1, 0, 0, 0, 2, 0, 1, -1, 0, 0, 0, 1, 0, 0]
[1, 0, 2, 1, -1, 0, 2, 0, -2, -2, 1, -1, 2, -2, 2, 0, -1, 0, 0, -1, 1, 1]
[-1, 0, 0, -1, 1, 0, 0, 0, -1, 0, 0, 0, 1, 0, 1, -1, 1, 0, 0, 1, -1, -1]
[0, 0, 2, 0, 0, 0, 2, 1, -1, -2, 1, -1, 2, -2, 2, -1, -1, 0, 0, -1, 1, 1]
[0, 0, 0, 0, 0, 0, 0, -1, -2, 0, 0, 0, 1, 0, 1, 0, 1, 0, 0, 1, -1, -1]
[1, -1, 2, 1, 0, 0, 2, 0, -2, -1, 1, -1, 1, -2, 2, 0, 0, 0, 0, -1, 0, 0]
[-1, 1, 0, -1, 0, 0, 0, 0, -1, -1, 0, 0, 2, 0, 1, -1, 0, 0, 0, 1, 0, 0]
[1, 0, 2, 0, 0, -1, 2, 0, -2, -2, 1, -2, 1, -2, 2, 0, 0, 0, -1, -1, 0, 1]
[-1, 0, 0, 0, 0, 1, 0, 0, -1, 0, 0, 1, 2, 0, 1, -1, 0, 0, 1, 1, 0, -1]
[1, 0, 2, 0, 0, -1, 2, 1, -2, -2, 1, -2, 1, -2, 2, 0, 0, 0, 0, -1, 0, 0]
[-1, 0, 0, 0, 0, 1, 0, -1, -1, 0, 0, 1, 2, 0, 1, -1, 0, 0, 0, 1, 0, 0]
[1, 0, 3, 0, -1, -1, 2, 0, -3, -2, 1, -2, 2, -2, 2, 1, 0, 0, 0, -1, 0, 0]
[-1, 0, -1, 0, 1, 1, 0, 0, 0, 0, 0, 1, 1, 0, 1, -2, 0, 0, 0, 1, 0, 0]
[1, 0, 2, -1, 0, -1, 2, 0, -3, -2, 1, -2, 2, -2, 2, 1, 0, 0, 0, -1, 1, 1]
[-1, 0, 0, 1, 0, 1, 0, 0, 0, 0, 0, 1, 1, 0, 1, -2, 0, 0, 0, 1, -1, -1]
[1, -1, 3, 1, -1, 0, 2, 0, -3, -2, 0, -1, 2, -2, 2, 1, 0, 0, 1, -1, 1, 0]
[-1, 1, -1, -1, 1, 0, 0, 0, 0, 0, 1, 0, 1, 0, 1, -2, 0, 0, -1, 1, -1, 0]
[1, -1, 3, 1, 0, 0, 2, 0, -2, -1, 1, -2, 1, -2, 1, 0, 0, 0, 0, -1, 0, 0]
[-1, 1, -1, -1, 0, 0, 0, 0, -1, -1, 0, 1, 2, 0, 2, -1, 0, 0, 0, 1, 0, 0]
[0, 0, 2, 1, 0, 0, 2, 1, -1, -1, 1, -1, 2, -1, 1, -1, -2, 0, 0, 0, 0, 0]
[0, 0, 0, -1, 0, 0, 0, -1, -2, -1, 0, 0, 1, -1, 2, 0, 2, 0, 0, 0, 0, 0]
[1, -1, 3, 1, 0, 0, 2, 0, -2, -1, 1, -1, 1, -1, 1, 0, -1, 0, -1, 0, -1, 0]
[-1, 1, -1, -1, 0, 0, 0, 0, -1, -1, 0, 0, 2, -1, 2, -1, 1, 0, 1, 0, 1, 0]
[1, -1, 2, 1, 0, 0, 2, 0, -2, -1, 1, -1, 1, -1, 1, 0, -1, 0, 0, 0, 0, 0]
[-1, 1, 0, -1, 0, 0, 0, 0, -1, -1, 0, 0, 2, -1, 2, -1, 1, 0, 0, 0, 0, 0]
[0, 0, 1, 0, 0, 1, 0, 0, -1, -1, 0, 0, 1, -1, 1, -1, 1, 0, 0, 0, 0, 0]
[0, 0, 1, 0, 0, -1, 2, 0, -2, -1, 1, -1, 2, -1, 2, 0, -1, 0, 0, 0, 0, 0]
[0, 0, 2, 0, 0, 0, 2, 0, -1, -1, 2, -1, 2, -1, 1, -1, -2, 0, -1, 0, 0, 1]
[0, 0, 0, 0, 0, 0, 0, 0, -2, -1, -1, 0, 1, -1, 2, 0, 2, 0, 1, 0, 0, -1]
[0, 0, 2, -1, 0, -1, 2, 1, -2, -2, 1, -1, 2, -1, 2, 0, -1, 0, 0, 0, 0, 0]
[0, 0, 0, 1, 0, 1, 0, -1, -1, 0, 0, 0, 1, -1, 1, -1, 1, 0, 0, 0, 0, 0]
[1, -1, 2, 1, 0, 0, 1, 0, -2, -1, 0, -2, 1, -1, 2, 0, 0, 0, 1, 0, -1, -1]
[-1, 1, 0, -1, 0, 0, 1, 0, -1, -1, 1, 1, 2, -1, 1, -1, 0, 0, -1, 0, 1, 1]
[0, 0, 1, 0, 1, 0, 1, 0, -2, 0, 1, -1, 1, -1, 1, 0, -1, 0, 0, 0, 0, 0]
[0, 0, 1, 0, -1, 0, 1, 0, -1, -2, 0, 0, 2, -1, 2, -1, 1, 0, 0, 0, 0, 0]
[0, 0, 2, 0, 0, 0, 1, 0, -2, -1, 1, -1, 1, -1, 1, 0, -1, 0, 0, 0, 0, 0]
[0, 0, 0, 0, 0, 0, 1, 0, -1, -1, 0, 0, 2, -1, 2, -1, 1, 0, 0, 0, 0, 0]
[0, 0, 1, 1, -1, 1, 1, 0, -1, -1, 0, 1, 2, -1, 1, -1, 0, 0, 0, 0, 1, 0]
[0, 0, 1, -1, 1, -1, 1, 0, -2, -1, 1, -2, 1, -1, 2, 0, 0, 0, 0, 0, -1, 0]
[0, 0, 1, 0, 0, 0, 1, 0, -1, -1, 0, 0, 1, -1, 1, -1, 1, 0, -1, 0, 0, 0]
[0, 0, 1, 0, 0, 0, 1, 0, -2, -1, 1, -1, 2, -1, 2, 0, -1, 0, 1, 0, 0, 0]
[0, 0, 2, -1, 0, 0, 1, 0, -2, -1, 1, -1, 2, -1, 2, 0, -1, 0, 0, 0, 0, 0]
[0, 0, 0, 1, 0, 0, 1, 0, -1, -1, 0, 0, 1, -1, 1, -1, 1, 0, 0, 0, 0, 0]
[0, 0, 1, 0, 1, 0, 1, 1, 0, -1, 1, -2, 1, -1, 2, -2, -1, 0, 0, 0, -1, 0]
[0, 0, 1, 0, -1, 0, 1, -1, -3, -1, 0, 1, 2, -1, 1, 1, 1, 0, 0, 0, 1, 0]
[0, 0, 1, 0, 0, 0, 1, 1, -1, -2, 0, -1, 2, -1, 3, -1, -1, 0, 1, 0, 0, 0]
[0, 0, 1, 0, 0, 0, 1, -1, -2, 0, 1, 0, 1, -1, 0, 0, 1, 0, -1, 0, 0, 0]
[1, -1, 2, 1, 0, 1, 1, 0, -1, -1, 1, -1, 1, -1, 2, -1, -1, 0, 0, 0, -1, 0]
[-1, 1, 0, -1, 0, -1, 1, 0, -2, -1, 0, 0, 2, -1, 1, 0, 1, 0, 0, 0, 1, 0]
[0, 0, 1, 0, 1, 0, 1, 1, -1, -1, 1, -1, 1, -1, 2, -1, -1, 0, 0, 0, -1, 0]
[0, 0, 1, 0, -1, 0, 1, -1, -2, -1, 0, 0, 2, -1, 1, 0, 1, 0, 0, 0, 1, 0]
[0, 0, 1, 1, -1, 0, 1, -1, -2, -1, 0, 0, 2, -1, 1, 0, 1, 0, 0, 0, 0, 0]
[0, 0, 1, -1, 1, 0, 1, 1, -1, -1, 1, -1, 1, -1, 2, -1, -1, 0, 0, 0, 0, 0]
[0, 0, 2, 0, 0, 0, 1, 1, -1, -1, 1, -1, 1, -1, 2, -1, -1, 0, 0, 0, -1, -1]
[0, 0, 0, 0, 0, 0, 1, -1, -2, -1, 0, 0, 2, -1, 1, 0, 1, 0, 0, 0, 1, 1]
[0, 0, 2, 0, -1, 0, 1, 0, -2, -1, 0, 0, 2, -1, 1, 0, 1, 0, 0, 0, 0, -1]
[0, 0, 0, 0, 1, 0, 1, 0, -1, -1, 1, -1, 1, -1, 2, -1, -1, 0, 0, 0, 0, 1]
[0, 0, 1, 1, 0, 0, 1, 0, -1, -1, 1, -1, 1, -1, 2, -1, -1, 0, 0, 0, -1, 0]
[0, 0, 1, -1, 0, 0, 1, 0, -2, -1, 0, 0, 2, -1, 1, 0, 1, 0, 0, 0, 1, 0]
[0, 0, 1, 0, 0, 0, 1, 0, -1, -1, 1, -1, 1, -1, 2, -1, -1, 0, 0, 0, 0, 0]
[0, 0, 1, 0, 0, 0, 1, 0, -2, -1, 0, 0, 2, -1, 1, 0, 1, 0, 0, 0, 0, 0]
[1, -1, 2, 1, -1, 1, 1, -1, -2, -1, 0, 0, 2, -1, 1, 0, 1, 0, 0, 0, 0, 0]
[-1, 1, 0, -1, 1, -1, 1, 1, -1, -1, 1, -1, 1, -1, 2, -1, -1, 0, 0, 0, 0, 0]
[0, 0, 1, 0, 1, 0, 1, 0, -1, 0, 2, -1, 0, -1, 1, -1, -1, 0, -1, 0, -1, 0]
[0, 0, 1, 0, -1, 0, 1, 0, -2, -2, -1, 0, 3, -1, 2, 0, 1, 0, 1, 0, 1, 0]
[0, 0, 1, 0, 0, 0, 1, 0, -1, -1, 0, -1, 2, -1, 1, -1, 1, 0, 0, 0, 0, 0]
[0, 0, 1, 0, 0, 0, 1, 0, -2, -1, 1, 0, 1, -1, 2, 0, -1, 0, 0, 0, 0, 0]
[1, -1, 2, 1, 0, 0, 2, 0, -2, -1, 0, -1, 2, -1, 1, 0, 0, 0, 0, 0, 0, 0]
[-1, 1, 0, -1, 0, 0, 0, 0, -1, -1, 1, 0, 1, -1, 2, -1, 0, 0, 0, 0, 0, 0]
[1, -1, 3, 1, -1, 0, 2, 0, -2, -2, 0, -1, 2, -1, 1, 0, 0, 0, 0, 0, 0, 0]
[-1, 1, -1, -1, 1, 0, 0, 0, -1, 0, 1, 0, 1, -1, 2, -1, 0, 0, 0, 0, 0, 0]
[0, 0, 2, 0, 0, 0, 2, 0, -2, -1, 1, 0, 2, -1, 0, 0, -1, 0, -1, 0, 1, 1]
[0, 0, 0, 0, 0, 0, 0, 0, -1, -1, 0, -1, 1, -1, 3, -1, 1, 0, 1, 0, -1, -1]
[0, 0, 1, 0, 0, 1, 0, 0, -1, -1, 0, 0, 1, -1, 2, -1, 0, 0, 0, 0, 0, 0]
[0, 0, 1, 0, 0, -1, 2, 0, -2, -1, 1, -1, 2, -1, 1, 0, 0, 0, 0, 0, 0, 0]
[0, 0, 2, -1, 0, -1, 2, 0, -2, -1, 1, -1, 2, -1, 1, 0, 0, 0, -1, 0, 0, 0]
[0, 0, 0, 1, 0, 1, 0, 0, -1, -1, 0, 0, 1, -1, 2, -1, 0, 0, 1, 0, 0, 0]
[0, 0, 2, 0, -1, 0, 2, 0, -2, -1, 1, 0, 3, -1, 1, 0, -1, 0, 0, 0, 1, 0]
[0, 0, 0, 0, 1, 0, 0, 0, -1, -1, 0, -1, 0, -1, 2, -1, 1, 0, 0, 0, -1, 0]
[0, 0, 2, 0, 0, 0, 1, 0, -2, -1, 0, -1, 2, -1, 1, 0, 0, 0, 0, 0, 0, 0]
[0, 0, 0, 0, 0, 0, 1, 0, -1, -1, 1, 0, 1, -1, 2, -1, 0, 0, 0, 0, 0, 0]
[0, 0, 1, 0, 0, 0, 1, 0, -1, -1, 1, 0, 1, -1, 2, -1, 0, 0, -1, 0, -1, 0]
[0, 0, 1, 0, 0, 0, 1, 0, -2, -1, 0, -1, 2, -1, 1, 0, 0, 0, 1, 0, 1, 0]
[1, -1, 2, 0, 0, 0, 1, -1, -3, -1, 0, -1, 1, -1, 1, 1, 1, 0, 0, 0, 0, 0]
[-1, 1, 0, 0, 0, 0, 1, 1, 0, -1, 1, 0, 2, -1, 2, -2, -1, 0, 0, 0, 0, 0]
[0, 0, 1, 0, 0, 0, 1, 1, -1, -2, 0, 0, 1, -1, 2, -1, 0, 0, 0, 0, 0, 0]
[0, 0, 1, 0, 0, 0, 1, -1, -2, 0, 1, -1, 2, -1, 1, 0, 0, 0, 0, 0, 0, 0]
[0, 0, 1, 1, 0, 1, 1, 0, 0, -1, 1, 0, 1, -1, 1, -2, -1, 0, -1, 0, 0, 1]
[0, 0, 1, -1, 0, -1, 1, 0, -3, -1, 0, -1, 2, -1, 2, 1, 1, 0, 1, 0, 0, -1]
[0, 0, 2, -1, 0, 0, 1, 0, -2, -1, 1, -1, 2, -1, 1, 0, 0, 0, 0, 0, 0, 0]
[0, 0, 0, 1, 0, 0, 1, 0, -1, -1, 0, 0, 1, -1, 2, -1, 0, 0, 0, 0, 0, 0]
[0, 0, 1, 0, 0, 1, 0, -1, -2, 0, 1, 0, 1, -1, 1, 0, 0, 0, 0, 0, 0, 0]
[0, 0, 1, 0, 0, -1, 2, 1, -1, -2, 0, -1, 2, -1, 2, -1, 0, 0, 0, 0, 0, 0]
[1, -1, 2, 1, 0, 0, 2, 0, -1, -1, 1, -1, 1, -1, 1, -1, 0, 0, -1, 0, -1, 0]
[-1, 1, 0, -1, 0, 0, 0, 0, -2, -1, 0, 0, 2, -1, 2, 0, 0, 0, 1, 0, 1, 0]
[0, 0, 2, 0, 0, 0, 2, 1, -1, -1, 1, 0, 2, -1, 1, -1, -1, 0, -1, 0, 0, 0]
[0, 0, 0, 0, 0, 0, 0, -1, -2, -1, 0, -1, 1, -1, 2, 0, 1, 0, 1, 0, 0, 0]
[0, 0, 1, 1, 0, 0, 2, 0, -1, -1, 1, 0, 2, -1, 1, -1, -1, 0, -1, 0, 0, 1]
[0, 0, 1, -1, 0, 0, 0, 0, -2, -1, 0, -1, 1, -1, 2, 0, 1, 0, 1, 0, 0, -1]
[0, 0, 1, 0, 0, 0, 2, 0, -1, -1, 1, 0, 2, -1, 1, -1, -1, 0, -1, 0, 1, 1]
[0, 0, 1, 0, 0, 0, 0, 0, -2, -1, 0, -1, 1, -1, 2, 0, 1, 0, 1, 0, -1, -1]
[0, 0, 2, 1, -1, 0, 2, 0, -1, -1, 1, 0, 2, -1, 1, -1, -1, 0, -1, 0, 0, 0]
[0, 0, 0, -1, 1, 0, 0, 0, -2, -1, 0, -1, 1, -1, 2, 0, 1, 0, 1, 0, 0, 0]
[1, -1, 2, 1, -1, 0, 2, 0, -2, -2, 0, 0, 2, -1, 2, 0, 0, 0, 0, 0, 0, 0]
[-1, 1, 0, -1, 1, 0, 0, 0, -1, 0, 1, -1, 1, -1, 1, -1, 0, 0, 0, 0, 0, 0]
[0, 0, 1, 0, 0, 1, 0, 0, -1, -1, 0, -1, 2, -1, 2, -1, 0, 0, 1, 0, 0, 0]
[0, 0, 1, 0, 0, -1, 2, 0, -2, -1, 1, 0, 1, -1, 1, 0, 0, 0, -1, 0, 0, 0]
[1, -1, 2, 2, 0, 1, 1, 0, -1, -1, 0, -1, 1, -1, 1, -1, 0, 0, 0, 0, -1, 0]
[-1, 1, 0, -2, 0, -1, 1, 0, -2, -1, 1, 0, 2, -1, 2, 0, 0, 0, 0, 0, 1, 0]
[1, -1, 2, 1, 0, 1, 1, 0, -1, -1, 0, -1, 1, -1, 1, -1, 0, 0, 0, 0, 0, 0]
[-1, 1, 0, -1, 0, -1, 1, 0, -2, -1, 1, 0, 2, -1, 2, 0, 0, 0, 0, 0, 0, 0]
[0, 0, 1, 0, 1, 0, 1, 1, -1, -1, 0, -1, 1, -1, 1, -1, 0, 0, 0, 0, 0, 0]
[0, 0, 1, 0, -1, 0, 1, -1, -2, -1, 1, 0, 2, -1, 2, 0, 0, 0, 0, 0, 0, 0]
[0, 0, 1, 1, 0, 0, 1, 0, -1, -1, 0, -1, 1, -1, 1, -1, 0, 0, 0, 0, 0, 0]
[0, 0, 1, -1, 0, 0, 1, 0, -2, -1, 1, 0, 2, -1, 2, 0, 0, 0, 0, 0, 0, 0]
[1, 0, 1, 1, 0, 0, 1, 0, -2, -1, 0, -1, 1, -1, 1, 0, 0, 0, 0, 0, 0, 0]
[-1, 0, 1, -1, 0, 0, 1, 0, -1, -1, 1, 0, 2, -1, 2, -1, 0, 0, 0, 0, 0, 0]
[0, 1, 1, -2, 0, -1, 1, 0, -2, -2, 1, -1, 2, -1, 2, 0, 0, 0, -1, 0, 0, 1]
[0, -1, 1, 2, 0, 1, 1, 0, -1, 0, 0, 0, 1, -1, 1, -1, 0, 0, 1, 0, 0, -1]
[0, 0, 1, 1, 0, 1, 1, 0, -1, -1, 0, 0, 2, -1, 1, -1, -1, 0, 0, 0, 1, 1]
[0, 0, 1, -1, 0, -1, 1, 0, -2, -1, 1, -1, 1, -1, 2, 0, 1, 0, 0, 0, -1, -1]
[0, 0, 2, 1, 0, 1, 1, 0, -1, 0, 1, 0, 1, -1, 0, -1, -1, 0, -1, 0, 0, 0]
[0, 0, 0, -1, 0, -1, 1, 0, -2, -2, 0, -1, 2, -1, 3, 0, 1, 0, 1, 0, 0, 0]
[1, -1, 1, 1, 0, 0, 1, 0, -2, -2, -1, -1, 1, -1, 2, 0, 1, 0, 1, 0, 0, 0]
[-1, 1, 1, -1, 0, 0, 1, 0, -1, 0, 2, 0, 2, -1, 1, -1, -1, 0, -1, 0, 0, 0]
[1, -1, 2, 1, 0, 0, 1, 0, -2, -1, 0, -1, 0, -1, 1, 0, 1, 0, 0, 0, -1, -1]
[-1, 1, 0, -1, 0, 0, 1, 0, -1, -1, 1, 0, 3, -1, 2, -1, -1, 0, 0, 0, 1, 1]
[1, 0, 2, 0, 0, 0, 1, 0, -2, -2, 0, -1, 1, -1, 1, 0, 0, 0, -1, 0, 0, 1]
[-1, 0, 0, 0, 0, 0, 1, 0, -1, 0, 1, 0, 2, -1, 2, -1, 0, 0, 1, 0, 0, -1]
[0, 1, 0, -1, 0, -1, 1, 0, -2, -1, 1, -1, 2, -1, 2, 0, 0, 0, 0, 0, 0, 0]
[0, -1, 2, 1, 0, 1, 1, 0, -1, -1, 0, 0, 1, -1, 1, -1, 0, 0, 0, 0, 0, 0]
[1, -1, 2, 1, 0, 1, 1, 0, -2, -1, 0, 0, 1, -1, 1, 0, 0, 0, 0, 0, 0, 0]
[-1, 1, 0, -1, 0, -1, 1, 0, -1, -1, 1, -1, 2, -1, 2, -1, 0, 0, 0, 0, 0, 0]
[1, -1, 2, 2, -1, 1, 1, -1, -2, -1, 0, 0, 1, -1, 1, 0, 0, 0, 0, 0, 0, 0]
[-1, 1, 0, -2, 1, -1, 1, 1, -1, -1, 1, -1, 2, -1, 2, -1, 0, 0, 0, 0, 0, 0]
[0, 0, 1, 1, 0, 0, 1, 0, -2, -1, 0, 0, 1, -1, 1, 0, 0, 0, 0, 0, 0, 0]
[0, 0, 1, -1, 0, 0, 1, 0, -1, -1, 1, -1, 2, -1, 2, -1, 0, 0, 0, 0, 0, 0]
[0, 0, 1, 0, 0, 0, 1, 0, -1, -1, 1, -1, 2, -1, 2, -1, 0, 0, 0, 0, -1, 0]
[0, 0, 1, 0, 0, 0, 1, 0, -2, -1, 0, 0, 1, -1, 1, 0, 0, 0, 0, 0, 1, 0]
[0, 0, 1, 0, 0, 0, 1, 1, -1, -1, 0, -1, 2, -1, 2, -1, 0, 0, 1, 0, 0, -1]
[0, 0, 1, 0, 0, 0, 1, -1, -2, -1, 1, 0, 1, -1, 1, 0, 0, 0, -1, 0, 0, 1]
[0, 0, 2, -1, 0, 0, 1, 0, -2, -1, 1, 0, 1, -1, 1, 0, 0, 0, -1, 0, 0, 0]
[0, 0, 0, 1, 0, 0, 1, 0, -1, -1, 0, -1, 2, -1, 2, -1, 0, 0, 1, 0, 0, 0]
[0, 0, 1, 0, 0, 0, 1, 0, -1, -1, 0, -1, 2, -1, 2, -1, 0, 0, 0, 0, 0, 0]
[0, 0, 1, 0, 0, 0, 1, 0, -2, -1, 1, 0, 1, -1, 1, 0, 0, 0, 0, 0, 0, 0]
[0, 0, 1, 0, 1, 0, 1, 0, -1, 0, 1, -1, 1, -1, 1, -1, 0, 0, -1, 0, -1, 0]
[0, 0, 1, 0, -1, 0, 1, 0, -2, -2, 0, 0, 2, -1, 2, 0, 0, 0, 1, 0, 1, 0]
[0, 0, 2, 0, -1, 0, 1, 0, -2, -2, 0, 0, 2, -1, 2, 0, 0, 0, 0, 0, 0, 0]
[0, 0, 0, 0, 1, 0, 1, 0, -1, 0, 1, -1, 1, -1, 1, -1, 0, 0, 0, 0, 0, 0]
[0, 0, 1, 1, 0, 0, 1, 0, -1, 0, 1, -1, 1, -1, 1, -1, 0, 0, 0, 0, -1, -1]
[0, 0, 1, -1, 0, 0, 1, 0, -2, -2, 0, 0, 2, -1, 2, 0, 0, 0, 0, 0, 1, 1]
[0, 1, 1, 0, 0, 0, 1, 0, -1, -1, 1, -1, 2, -1, 1, -1, -1, 0, -1, 0, 0, 1]
[0, -1, 1, 0, 0, 0, 1, 0, -2, -1, 0, 0, 1, -1, 2, 0, 1, 0, 1, 0, 0, -1]
[1, 0, 1, -1, 0, -1, 1, 0, -3, -2, 0, -1, 1, -1, 2, 1, 1, 0, 0, 0, 0, 0]
[-1, 0, 1, 1, 0, 1, 1, 0, 0, 0, 1, 0, 2, -1, 1, -2, -1, 0, 0, 0, 0, 0]
[0, 0, 1, 1, 0, 1, 1, 0, -1, 0, 1, 0, 2, -1, 1, -1, -1, 0, 0, 0, 0, 0]
[0, 0, 1, -1, 0, -1, 1, 0, -2, -2, 0, -1, 1, -1, 2, 0, 1, 0, 0, 0, 0, 0]
[1, -1, 2, 0, 0, 0, 1, 0, -2, -2, 0, -1, 1, -1, 2, 0, 1, 0, 0, 0, -1, 0]
[-1, 1, 0, 0, 0, 0, 1, 0, -1, 0, 1, 0, 2, -1, 1, -1, -1, 0, 0, 0, 1, 0]
[1, 0, 1, 0, 0, -1, 1, 0, -2, -2, 0, -2, 1, -1, 2, 0, 1, 0, 0, 0, -1, 0]
[-1, 0, 1, 0, 0, 1, 1, 0, -1, 0, 1, 1, 2, -1, 1, -1, -1, 0, 0, 0, 1, 0]
[0, 1, 1, -1, 0, 0, 1, 0, -2, -1, 1, 0, 2, -1, 1, 0, -1, 0, -1, 0, 1, 1]
[0, -1, 1, 1, 0, 0, 1, 0, -1, -1, 0, -1, 1, -1, 2, -1, 1, 0, 1, 0, -1, -1]
[1, -1, 1, 1, 0, 0, 1, 0, -2, -1, 0, -1, 1, -1, 2, 0, 1, 0, 1, 0, -1, -1]
[-1, 1, 1, -1, 0, 0, 1, 0, -1, -1, 1, 0, 2, -1, 1, -1, -1, 0, -1, 0, 1, 1]
[1, -1, 2, 0, 0, 0, 1, 0, -2, -1, 0, -1, 1, -1, 2, 0, 1, 0, 0, 0, -1, -1]
[-1, 1, 0, 0, 0, 0, 1, 0, -1, -1, 1, 0, 2, -1, 1, -1, -1, 0, 0, 0, 1, 1]
[1, -1, 1, 1, 0, 0, 1, -1, -2, -1, 0, -1, 1, -1, 2, 0, 1, 0, 0, 0, -1, 0]
[-1, 1, 1, -1, 0, 0, 1, 1, -1, -1, 1, 0, 2, -1, 1, -1, -1, 0, 0, 0, 1, 0]
[0, 0, 2, 1, -1, 1, 1, 0, -1, -1, 1, 0, 2, -1, 1, -1, -1, 0, 0, 0, 0, 0]
[0, 0, 0, -1, 1, -1, 1, 0, -2, -1, 0, -1, 1, -1, 2, 0, 1, 0, 0, 0, 0, 0]
[0, 0, 1, 0, 0, 1, 1, 0, -1, -1, 1, 0, 2, -1, 1, -1, -1, 0, 0, 0, 1, 1]
[0, 0, 1, 0, 0, -1, 1, 0, -2, -1, 0, -1, 1, -1, 2, 0, 1, 0, 0, 0, -1, -1]
[0, 0, 2, 0, 0, 1, 1, 0, -1, -1, 1, 0, 2, -1, 1, -1, -1, 0, -1, 0, 0, 1]
[0, 0, 0, 0, 0, -1, 1, 0, -2, -1, 0, -1, 1, -1, 2, 0, 1, 0, 1, 0, 0, -1]
[0, 0, 1, 0, 0, 0, 1, 1, -1, -2, 0, -1, 2, -1, 2, -1, 0, 0, 1, 0, 0, 0]
[0, 0, 1, 0, 0, 0, 1, -1, -2, 0, 1, 0, 1, -1, 1, 0, 0, 0, -1, 0, 0, 0]
[0, 0, 2, -1, 0, 0, 1, 1, -1, -2, 0, -1, 2, -1, 2, -1, 0, 0, 0, 0, 0, 0]
[0, 0, 0, 1, 0, 0, 1, -1, -2, 0, 1, 0, 1, -1, 1, 0, 0, 0, 0, 0, 0, 0]
[0, 0, 1, 0, 0, 0, 1, 0, -1, -2, 0, -1, 2, -1, 2, -1, 0, 0, 0, 0, 0, 1]
[0, 0, 1, 0, 0, 0, 1, 0, -2, 0, 1, 0, 1, -1, 1, 0, 0, 0, 0, 0, 0, -1]
[0, 0, 1, 1, -1, 0, 1, 0, -2, -1, 0, 0, 2, -1, 2, 0, 0, 0, 1, 0, 0, -1]
[0, 0, 1, -1, 1, 0, 1, 0, -1, -1, 1, -1, 1, -1, 1, -1, 0, 0, -1, 0, 0, 1]
[0, 0, 2, 0, 0, 0, 1, 0, -1, -1, 1, -1, 1, -1, 1, -1, 0, 0, -1, 0, -1, 0]
[0, 0, 0, 0, 0, 0, 1, 0, -2, -1, 0, 0, 2, -1, 2, 0, 0, 0, 1, 0, 1, 0]
[0, 0, 1, 0, 0, 0, 1, 0, -1, -1, 1, -1, 1, -1, 1, -1, 0, 0, 0, 0, 0, 0]
[0, 0, 1, 0, 0, 0, 1, 0, -2, -1, 0, 0, 2, -1, 2, 0, 0, 0, 0, 0, 0, 0]
[1, 0, 1, 0, 0, 0, 1, 0, -2, -2, 0, -1, 2, -1, 2, 0, 0, 0, 0, 0, 0, 1]
[-1, 0, 1, 0, 0, 0, 1, 0, -1, 0, 1, 0, 1, -1, 1, -1, 0, 0, 0, 0, 0, -1]
[1, 0, 2, 0, -1, 0, 1, 0, -2, -2, 0, -1, 2, -1, 2, 0, 0, 0, 0, 0, 0, 0]
[-1, 0, 0, 0, 1, 0, 1, 0, -1, 0, 1, 0, 1, -1, 1, -1, 0, 0, 0, 0, 0, 0]
[0, 1, 1, -1, 0, -1, 1, 1, -2, -2, 0, -1, 2, -1, 2, 0, 0, 0, 0, 0, 0, 0]
[0, -1, 1, 1, 0, 1, 1, -1, -1, 0, 1, 0, 1, -1, 1, -1, 0, 0, 0, 0, 0, 0]
[0, 1, 0, -1, 0, -1, 1, 0, -2, -2, 0, -1, 2, -1, 2, 0, 0, 0, 0, 0, 1, 1]
[0, -1, 2, 1, 0, 1, 1, 0, -1, 0, 1, 0, 1, -1, 1, -1, 0, 0, 0, 0, -1, -1]
[1, 0, 2, 0, 0, 0, 1, 0, -2, -1, 1, -1, 1, -1, 1, 0, 0, 0, -1, 0, -1, 0]
[-1, 0, 0, 0, 0, 0, 1, 0, -1, -1, 0, 0, 2, -1, 2, -1, 0, 0, 1, 0, 1, 0]
[1, 0, 1, 0, 0, 0, 1, -1, -2, -1, 1, -1, 1, -1, 1, 0, 0, 0, -1, 0, 0, 1]
[-1, 0, 1, 0, 0, 0, 1, 1, -1, -1, 0, 0, 2, -1, 2, -1, 0, 0, 1, 0, 0, -1]
[0, 1, 0, -1, 1, -1, 1, 0, -2, -1, 1, -1, 1, -1, 1, 0, 0, 0, -1, 0, 0, 1]
[0, -1, 2, 1, -1, 1, 1, 0, -1, -1, 0, 0, 2, -1, 2, -1, 0, 0, 1, 0, 0, -1]
[0, 1, 1, -1, 0, -1, 1, 0, -2, -1, 1, -1, 1, -1, 1, 0, 0, 0, -1, 0, 0, 0]
[0, -1, 1, 1, 0, 1, 1, 0, -1, -1, 0, 0, 2, -1, 2, -1, 0, 0, 1, 0, 0, 0]

################
# DISCRIMINANT #
################

The discriminant has 7 components of degree 1, and 1 component of degree 3:
16*Z[0]^3 - 12*Z[0]*Z[1]^2 + Z[0]*Z[2]^2 + 4*Z[1]^3
2*Z[0] + Z[1]
2*Z[0] - Z[1]
4*Z[0] + 6*Z[1] + Z[2]
4*Z[0] + 6*Z[1] - Z[2]
4*Z[0] - 2*Z[1] + Z[2]
4*Z[0] - 2*Z[1] - Z[2]
Z[0]

#############
# MONODROMY #
#############


Generators of the monodromy group on the second homology group:
[[1, 0, 0, 0, 0, 0, 0, 0, 0, 0, 0, 0, 0, 0, 0, 0, 0, 0, 0, 0, 0, 0], [0, 1, 0, 0, 0, 0, 0, 0, 0, 0, 0, 0, 0, 0, 0, 0, 0, 0, 0, 0, 0, 0], [0, 0, 1, 0, 0, 0, 0, 0, 0, 0, 0, 0, 0, 0, 0, 0, 0, 0, 0, 0, 0, 0], [0, 0, 0, 1, 0, 0, 0, 0, 0, 0, 0, 0, 0, 0, 0, 0, 0, 0, 0, 0, 0, 0], [0, 0, 0, 0, 1, 0, 0, 0, 0, 0, 0, 0, 0, 0, 0, 0, 0, 0, 0, 0, 0, 0], [0, 0, 0, 0, 0, 1, 0, 0, 0, 0, 0, 0, 0, 0, 0, 0, 0, 0, 0, 0, 0, 0], [0, 0, 0, 0, 0, 0, 1, 0, 0, 0, 0, 0, 0, 0, 0, 0, 0, 0, 0, 0, 0, 0], [0, 0, 0, 0, 0, 0, 0, 1, 0, 0, 0, 0, 0, 0, 0, 0, 0, 0, 0, 0, 0, 0], [0, 0, 0, 0, 0, 0, 0, 0, 1, 0, 0, 0, 0, 0, 0, 0, 0, 0, 0, 0, 0, 0], [0, 0, 0, 0, 0, 0, 0, 0, 0, 1, 0, 0, 0, 0, 0, 0, 0, 0, 0, 0, 0, 0], [0, 0, 0, 0, 0, 0, 0, 0, 0, 0, 1, 0, 0, 0, 0, 0, 0, 0, 0, 0, 0, 0], [0, 0, 0, 0, 0, 0, 0, 0, 0, 0, 0, 1, 0, 0, 0, 0, 0, 0, 0, 0, 0, 0], [0, 0, 0, 0, 0, 0, 0, 0, 0, 0, 0, 0, 1, 0, 0, 0, 0, 0, 0, 0, 0, 0], [0, 0, 0, 0, 0, 0, 0, 0, 0, 0, 0, 0, 0, 1, 0, 0, 0, 0, 0, 0, 0, 0], [0, 0, 0, 0, 0, 0, 0, 0, 0, 0, 0, 0, 0, 0, 1, 0, 0, 0, 0, 0, 0, 0], [0, 0, 0, 0, 0, 0, 0, 0, 0, 0, 0, 0, 0, 0, 0, 1, 0, 0, 0, 0, 0, 0], [0, 0, 0, 0, 0, 0, 0, 0, 0, 0, 0, 0, 0, 0, 0, 0, 1, 0, 0, 0, 0, 0], [0, 0, 0, 0, 0, 0, 0, 0, 0, 0, 0, 0, 0, 0, 0, 0, 0, 1, 0, 0, 0, 0], [0, 0, 0, 0, 0, 0, 0, 0, 0, 0, 0, 0, 0, 0, 0, 0, 0, 0, 1, 0, 0, 0], [0, 0, 0, 0, 0, 0, 0, 0, 0, 0, 0, 0, 0, 0, 0, 0, 0, 0, 0, 1, 0, 0], [0, 0, 0, 0, 0, 0, 0, 0, 0, 0, 0, 0, 0, 0, 0, 0, 0, 0, 0, 0, 1, 0], [0, 0, 0, 0, 0, 0, 0, 0, 0, 0, 0, 0, 0, 0, 0, 0, 0, 0, 0, 0, 0, 1]]
[[1, 0, 0, 0, 0, 0, 0, 0, 0, 0, 0, 0, 0, 0, 0, 0, 0, 0, 0, 0, 0, 0], [0, 1, 0, 0, 0, 0, 0, 0, 0, 0, 0, 0, 0, 0, 0, 0, 0, 0, 0, 0, 0, 0], [0, 0, 1, 0, 0, 0, 0, 0, 0, 0, 0, 0, 0, 0, 0, 0, 0, 0, 0, 0, 0, 0], [0, 0, 0, 1, 0, 0, 0, 0, 0, 0, 0, 0, 0, 0, 0, 0, 0, 0, 0, 0, 0, 0], [0, 0, 0, 0, 1, 0, 0, 0, 0, 0, 0, 0, 0, 0, 0, 0, 0, 0, 0, 0, 0, 0], [0, 0, 0, 0, 0, 1, 0, 0, 0, 0, 0, 0, 0, 0, 0, 0, 0, 0, 0, 0, 0, 0], [0, 0, 0, 0, 0, 0, 1, 0, 0, 0, 0, 0, 0, 0, 0, 0, 0, 0, 0, 0, 0, 0], [0, 0, 0, 0, 0, 0, 0, 1, 0, 0, 0, 0, 0, 0, 0, 0, 0, 0, 0, 0, 0, 0], [0, 0, 0, 0, 0, 0, 0, 0, 1, 0, 0, 0, 0, 0, 0, 0, 0, 0, 0, 0, 0, 0], [0, 0, 0, 0, 0, 0, 0, 0, 0, 1, 0, 0, 0, 0, 0, 0, 0, 0, 0, 0, 0, 0], [0, 0, 0, 0, 0, 0, 0, 0, 0, 0, 1, 0, 0, 0, 0, 0, 0, 0, 0, 0, 0, 0], [0, 0, 0, 0, 0, 0, 0, 0, 0, 0, 0, 1, 0, 0, 0, 0, 0, 0, 0, 0, 0, 0], [0, 0, 0, 0, 0, 0, 0, 0, 0, 0, 0, 0, 1, 0, 0, 0, 0, 0, 0, 0, 0, 0], [0, 0, 0, 0, 0, 0, 0, 0, 0, 0, 0, 0, 0, 1, 0, 0, 0, 0, 0, 0, 0, 0], [0, 0, 0, 0, 0, 0, 0, 0, 0, 0, 0, 0, 0, 0, 1, 0, 0, 0, 0, 0, 0, 0], [0, 0, 0, 0, 0, 0, 0, 0, 0, 0, 0, 0, 0, 0, 0, 1, 0, 0, 0, 0, 0, 0], [0, 0, 0, 0, 0, 0, 0, 0, 0, 0, 0, 0, 0, 0, 0, 0, 1, 0, 0, 0, 0, 0], [0, 0, 0, 0, 0, 0, 0, 0, 0, 0, 0, 0, 0, 0, 0, 0, 0, 1, 0, 0, 0, 0], [0, 0, 0, 0, 0, 0, 0, 0, 0, 0, 0, 0, 0, 0, 0, 0, 0, 0, 1, 0, 0, 0], [0, 0, 0, 0, 0, 0, 0, 0, 0, 0, 0, 0, 0, 0, 0, 0, 0, 0, 0, 1, 0, 0], [0, 0, 0, 0, 0, 0, 0, 0, 0, 0, 0, 0, 0, 0, 0, 0, 0, 0, 0, 0, 1, 0], [0, 0, 0, 0, 0, 0, 0, 0, 0, 0, 0, 0, 0, 0, 0, 0, 0, 0, 0, 0, 0, 1]]
[[1, 0, 0, 0, 0, 0, 0, 0, 0, 0, 0, 0, 0, 0, 0, 0, 0, 0, 0, 0, 0, 0], [0, 1, 0, 0, 0, 0, 0, 0, 0, 0, 0, 0, 0, 0, 0, 0, 0, 0, 0, 0, 0, 0], [0, 0, 1, 0, 0, 0, 0, 0, 0, 0, 0, 0, 0, 0, 0, 0, 0, 0, 0, 0, 0, 0], [0, 0, 0, 1, 0, 0, 0, 0, 0, 0, 0, 0, 0, 0, 0, 0, 0, 0, 0, 0, 0, 0], [0, 0, 0, 0, 1, 0, 0, 0, 0, 0, 0, 0, 0, 0, 0, 0, 0, 0, 0, 0, 0, 0], [0, 0, 0, 0, 0, 1, 0, 0, 0, 0, 0, 0, 0, 0, 0, 0, 0, 0, 0, 0, 0, 0], [0, 0, 0, 0, 0, 0, 1, 0, 0, 0, 0, 0, 0, 0, 0, 0, 0, 0, 0, 0, 0, 0], [0, 0, 0, 0, 0, 0, 0, 1, 0, 0, 0, 0, 0, 0, 0, 0, 0, 0, 0, 0, 0, 0], [0, 0, 0, 0, 0, 0, 0, 0, 1, 0, 0, 0, 0, 0, 0, 0, 0, 0, 0, 0, 0, 0], [0, 0, 0, 0, 0, 0, 0, 0, 0, 1, 0, 0, 0, 0, 0, 0, 0, 0, 0, 0, 0, 0], [0, 0, 0, 0, 0, 0, 0, 0, 0, 0, 1, 0, 0, 0, 0, 0, 0, 0, 0, 0, 0, 0], [0, 0, 0, 0, 0, 0, 0, 0, 0, 0, 0, 1, 0, 0, 0, 0, 0, 0, 0, 0, 0, 0], [0, 0, 0, 0, 0, 0, 0, 0, 0, 0, 0, 0, 1, 0, 0, 0, 0, 0, 0, 0, 0, 0], [0, 0, 0, 0, 0, 0, 0, 0, 0, 0, 0, 0, 0, 1, 0, 0, 0, 0, 0, 0, 0, 0], [0, 0, 0, 0, 0, 0, 0, 0, 0, 0, 0, 0, 0, 0, 1, 0, 0, 0, 0, 0, 0, 0], [0, 0, 0, 0, 0, 0, 0, 0, 0, 0, 0, 0, 0, 0, 0, 1, 0, 0, 0, 0, 0, 0], [0, 0, 0, 0, 0, 0, 0, 0, 0, 0, 0, 0, 0, 0, 0, 0, 1, 0, 0, 0, 0, 0], [0, 0, 0, 0, 0, 0, 0, 0, 0, 0, 0, 0, 0, 0, 0, 0, 0, 1, 0, 0, 0, 0], [0, 0, 0, 0, 0, 0, 0, 0, 0, 0, 0, 0, 0, 0, 0, 0, 0, 0, 1, 0, 0, 0], [0, 0, 0, 0, 0, 0, 0, 0, 0, 0, 0, 0, 0, 0, 0, 0, 0, 0, 0, 1, 0, 0], [0, 0, 0, 0, 0, 0, 0, 0, 0, 0, 0, 0, 0, 0, 0, 0, 0, 0, 0, 0, 1, 0], [0, 0, 0, 0, 0, 0, 0, 0, 0, 0, 0, 0, 0, 0, 0, 0, 0, 0, 0, 0, 0, 1]]
[[1, 0, 0, 0, 0, 0, 0, 0, 0, 0, 0, 0, 0, 0, 0, 0, 0, 0, 0, 0, 0, 0], [0, 1, 0, 0, 0, 0, 0, 0, 0, 0, 0, 0, 0, 0, 0, 0, 0, 0, 0, 0, 0, 0], [0, 0, 1, 0, 0, 0, 0, 0, 0, 0, 0, 0, 0, 0, 0, 0, 0, 0, 0, 0, 0, 0], [0, 0, 0, 1, 0, 0, 0, 0, 0, 0, 0, 0, 0, 0, 0, 0, 0, 0, 0, 0, 0, 0], [0, 0, 0, 0, 1, 0, 0, 0, 0, 0, 0, 0, 0, 0, 0, 0, 0, 0, 0, 0, 0, 0], [0, 0, 0, 0, 0, 1, 0, 0, 0, 0, 0, 0, 0, 0, 0, 0, 0, 0, 0, 0, 0, 0], [0, 0, 0, 0, 0, 0, 1, 0, 0, 0, 0, 0, 0, 0, 0, 0, 0, 0, 0, 0, 0, 0], [0, 0, 0, 0, 0, 0, 0, 1, 0, 0, 0, 0, 0, 0, 0, 0, 0, 0, 0, 0, 0, 0], [0, 0, 0, 0, 0, 0, 0, 0, 1, 0, 0, 0, 0, 0, 0, 0, 0, 0, 0, 0, 0, 0], [0, 0, 0, 0, 0, 0, 0, 0, 0, 1, 0, 0, 0, 0, 0, 0, 0, 0, 0, 0, 0, 0], [0, 0, 0, 0, 0, 0, 0, 0, 0, 0, 1, 0, 0, 0, 0, 0, 0, 0, 0, 0, 0, 0], [0, 0, 0, 0, 0, 0, 0, 0, 0, 0, 0, 1, 0, 0, 0, 0, 0, 0, 0, 0, 0, 0], [0, 0, 0, 0, 0, 0, 0, 0, 0, 0, 0, 0, 1, 0, 0, 0, 0, 0, 0, 0, 0, 0], [0, 0, 0, 0, 0, 0, 0, 0, 0, 0, 0, 0, 0, 1, 0, 0, 0, 0, 0, 0, 0, 0], [0, 0, 0, 0, 0, 0, 0, 0, 0, 0, 0, 0, 0, 0, 1, 0, 0, 0, 0, 0, 0, 0], [0, 0, 0, 0, 0, 0, 0, 0, 0, 0, 0, 0, 0, 0, 0, 1, 0, 0, 0, 0, 0, 0], [0, 0, 0, 0, 0, 0, 0, 0, 0, 0, 0, 0, 0, 0, 0, 0, 1, 0, 0, 0, 0, 0], [0, 0, 0, 0, 0, 0, 0, 0, 0, 0, 0, 0, 0, 0, 0, 0, 0, 1, 0, 0, 0, 0], [0, 0, 0, 0, 0, 0, 0, 0, 0, 0, 0, 0, 0, 0, 0, 0, 0, 0, 1, 0, 0, 0], [0, 0, 0, 0, 0, 0, 0, 0, 0, 0, 0, 0, 0, 0, 0, 0, 0, 0, 0, 1, 0, 0], [0, 0, 0, 0, 0, 0, 0, 0, 0, 0, 0, 0, 0, 0, 0, 0, 0, 0, 0, 0, 1, 0], [0, 0, 0, 0, 0, 0, 0, 0, 0, 0, 0, 0, 0, 0, 0, 0, 0, 0, 0, 0, 0, 1]]
[[1, 0, 0, 0, 0, 0, 0, 0, 0, 0, 0, 0, 0, 0, 0, 0, 0, 0, 0, 0, 0, 0], [0, 1, 0, 0, 0, 0, 0, 0, 0, 0, 0, 0, 0, 0, 0, 0, 0, 0, 0, 0, 0, 0], [0, 0, 1, 0, 0, 0, 0, 0, 0, 0, 0, 0, 0, 0, 0, 0, 0, 0, 0, 0, 0, 0], [0, 0, 0, 1, 0, 0, 0, 0, 0, 0, 0, 0, 0, 0, 0, 0, 0, 0, 0, 0, 0, 0], [0, 0, 0, 0, 1, 0, 0, 0, 0, 0, 0, 0, 0, 0, 0, 0, 0, 0, 0, 0, 0, 0], [0, 0, 0, 0, 0, 1, 0, 0, 0, 0, 0, 0, 0, 0, 0, 0, 0, 0, 0, 0, 0, 0], [0, 0, 0, 0, 0, 0, 1, 0, 0, 0, 0, 0, 0, 0, 0, 0, 0, 0, 0, 0, 0, 0], [0, 0, 0, 0, 0, 0, 0, 1, 0, 0, 0, 0, 0, 0, 0, 0, 0, 0, 0, 0, 0, 0], [0, 0, 0, 0, 0, 0, 0, 0, 1, 0, 0, 0, 0, 0, 0, 0, 0, 0, 0, 0, 0, 0], [0, 0, 0, 0, 0, 0, 0, 0, 0, 1, 0, 0, 0, 0, 0, 0, 0, 0, 0, 0, 0, 0], [0, 0, 0, 0, 0, 0, 0, 0, 0, 0, 1, 0, 0, 0, 0, 0, 0, 0, 0, 0, 0, 0], [0, 0, 0, 0, 0, 0, 0, 0, 0, 0, 0, 1, 0, 0, 0, 0, 0, 0, 0, 0, 0, 0], [0, 0, 0, 0, 0, 0, 0, 0, 0, 0, 0, 0, 1, 0, 0, 0, 0, 0, 0, 0, 0, 0], [0, 0, 0, 0, 0, 0, 0, 0, 0, 0, 0, 0, 0, 1, 0, 0, 0, 0, 0, 0, 0, 0], [0, 0, 0, 0, 0, 0, 0, 0, 0, 0, 0, 0, 0, 0, 1, 0, 0, 0, 0, 0, 0, 0], [0, 0, 0, 0, 0, 0, 0, 0, 0, 0, 0, 0, 0, 0, 0, 1, 0, 0, 0, 0, 0, 0], [0, 0, 0, 0, 0, 0, 0, 0, 0, 0, 0, 0, 0, 0, 0, 0, 1, 0, 0, 0, 0, 0], [0, 0, 0, 0, 0, 0, 0, 0, 0, 0, 0, 0, 0, 0, 0, 0, 0, 1, 0, 0, 0, 0], [0, 0, 0, 0, 0, 0, 0, 0, 0, 0, 0, 0, 0, 0, 0, 0, 0, 0, 1, 0, 0, 0], [0, 0, 0, 0, 0, 0, 0, 0, 0, 0, 0, 0, 0, 0, 0, 0, 0, 0, 0, 1, 0, 0], [0, 0, 0, 0, 0, 0, 0, 0, 0, 0, 0, 0, 0, 0, 0, 0, 0, 0, 0, 0, 1, 0], [0, 0, 0, 0, 0, 0, 0, 0, 0, 0, 0, 0, 0, 0, 0, 0, 0, 0, 0, 0, 0, 1]]
[[-3, 2, 2, 7, 6, 2, -3, 1, 5, -4, 6, -3, 2, 5, 4, 8, 4, 3, -5, 4, 7, -5], [2, -1, -1, -4, -3, -1, 2, -1, -2, 2, -3, 2, -1, -3, -2, -4, -2, -1, 3, -2, -4, 2], [-3, 0, 0, 3, 2, 2, -1, 1, 1, -1, 1, -3, 1, 2, 2, 4, 1, 1, -3, 2, 3, -2], [-1, 0, 0, 0, 0, 0, 0, 1, -2, 0, -1, 0, -1, 0, -1, -1, 0, -1, 0, 0, 0, 1], [2, 0, 0, -2, -2, -1, 1, -1, -1, 1, -1, 1, -1, -1, -1, -3, -1, -1, 2, 0, -1, 1], [2, -2, -2, -7, -6, -3, 3, -1, -6, 4, -8, 3, -3, -7, -5, -9, -5, -4, 5, -3, -7, 5], [0, -2, -2, -4, -4, 0, 1, 0, -4, 2, -4, 0, -1, -4, -3, -4, -3, -1, 2, -1, -4, 2], [-1, 0, 0, 1, 0, 2, 0, 0, 1, 0, 1, -2, 0, 2, 2, 2, 1, 0, -2, 1, 2, -1], [3, -2, -2, -7, -6, -2, 3, -1, -5, 4, -6, 3, -3, -5, -4, -8, -4, -4, 5, -3, -6, 5], [1, 0, 0, -1, -1, -1, 1, 0, -1, 0, 0, 1, -1, 1, -1, -2, 0, -1, 2, -1, -1, 2], [1, -2, -2, -4, -4, 0, 2, 0, -3, 2, -3, 0, -1, -2, -2, -4, -2, -1, 2, -1, -3, 2], [2, -2, -2, -6, -5, -3, 2, -1, -5, 3, -6, 3, -2, -6, -5, -8, -4, -3, 5, -4, -7, 5], [0, -2, -1, -4, -3, -1, 1, -1, -3, 2, -4, 1, -1, -4, -2, -4, -3, -1, 2, -2, -4, 2], [3, -1, -1, -5, -4, -3, 2, -1, -4, 3, -4, 3, -2, -4, -4, -7, -3, -3, 5, -3, -5, 4], [-3, 3, 3, 8, 7, 4, -3, 1, 7, -4, 8, -4, 3, 8, 7, 10, 6, 4, -7, 4, 9, -6], [-3, 2, 2, 7, 6, 2, -3, 1, 6, -4, 6, -3, 3, 5, 4, 9, 4, 4, -5, 3, 6, -5], [-4, 5, 4, 13, 11, 4, -5, 2, 10, -7, 12, -4, 4, 11, 9, 15, 8, 6, -9, 5, 12, -8], [-1, 1, 1, 3, 3, 0, -1, 0, 2, -2, 3, 0, 1, 2, 1, 3, 2, 1, -1, 1, 2, -1], [-1, 2, 2, 3, 3, 1, -1, 0, 3, -1, 2, -1, 1, 3, 3, 4, 2, 1, -3, 1, 3, -2], [0, 1, 1, 2, 2, 1, 0, 0, 2, -1, 3, -1, 0, 3, 2, 2, 2, 1, -1, 1, 3, -1], [0, -2, -1, -3, -2, -2, 0, -1, -2, 1, -4, 2, 0, -5, -3, -3, -3, -1, 2, -2, -5, 2], [-2, 0, 1, 3, 3, 1, -1, 0, 3, -2, 3, -1, 1, 2, 2, 4, 2, 2, -2, 2, 3, -2]]
[[-2, -1, 1, 7, 8, 0, -6, 0, 7, -6, 7, -1, 5, 2, 3, 9, 3, 4, -6, 3, 6, -6], [0, -1, 0, -1, -1, -1, 0, -1, -1, 0, -1, 0, -1, -1, -1, -2, -1, -1, 1, 0, 0, 0], [1, 1, -3, -8, -10, 3, 9, 3, -9, 9, -8, 1, -5, -1, -2, -9, -2, -3, 6, -4, -9, 9], [1, 1, 0, -3, -2, 1, 3, 1, -2, 3, -2, 1, -1, 1, 0, -2, 0, -1, 2, -2, -3, 3], [0, 0, 1, 3, 3, -1, -3, -1, 3, -3, 3, 0, 2, 1, 1, 3, 1, 1, -2, 1, 3, -3], [2, 1, -1, -6, -6, 0, 5, 1, -6, 5, -5, 2, -3, -1, -3, -7, -2, -3, 6, -4, -7, 6], [2, 1, -3, -13, -15, 2, 12, 2, -13, 13, -14, 2, -8, -4, -4, -15, -5, -6, 9, -6, -13, 12], [0, 0, -1, -3, -4, 1, 3, 0, -3, 3, -3, 0, -2, -1, -1, -3, -1, -1, 2, -1, -3, 3], [1, 0, 0, -1, 0, -1, 0, -1, 0, 0, -1, 1, 0, -1, -1, 0, -1, -1, 1, -1, -1, 0], [0, 0, 1, 3, 4, -1, -3, -1, 4, -4, 3, 0, 2, 1, 1, 4, 1, 1, -2, 1, 3, -3], [1, 0, -2, -7, -8, 1, 6, 1, -7, 6, -8, 1, -4, -3, -3, -8, -3, -3, 5, -3, -7, 6], [1, 0, 0, -1, 0, -1, 0, -1, 0, 0, -1, 0, 0, -1, -1, -1, -1, -1, 1, -1, -1, 0], [1, 0, -2, -7, -8, 1, 6, 1, -8, 6, -7, 1, -5, -3, -3, -9, -3, -3, 5, -3, -7, 6], [1, 1, 1, 0, 1, -1, 0, -1, 1, 0, 0, 1, 0, 0, 0, 0, 0, -1, 1, -1, 0, 0], [-2, -1, 1, 7, 7, 0, -6, 0, 5, -6, 7, -2, 4, 2, 2, 7, 3, 4, -6, 4, 7, -6], [-1, 0, 0, 1, 0, 1, 0, 1, 1, 0, 1, -1, 0, 1, 1, 1, 1, 1, -1, 1, 1, 0], [-3, -1, 3, 14, 15, -1, -12, -1, 13, -12, 14, -3, 8, 5, 6, 16, 5, 7, -11, 7, 14, -12], [-1, -1, 1, 6, 7, -1, -6, -1, 6, -6, 6, -1, 4, 1, 2, 7, 2, 2, -5, 3, 6, -6], [-1, 0, 1, 4, 4, 0, -4, 0, 3, -4, 5, -1, 2, 2, 1, 4, 2, 2, -3, 2, 4, -3], [-1, -1, 1, 6, 7, -1, -6, -1, 6, -6, 6, -1, 4, 1, 2, 7, 2, 3, -5, 2, 6, -6], [0, 0, -1, -4, -5, 0, 3, 0, -4, 3, -4, 0, -3, -2, -2, -5, -2, -2, 3, -1, -4, 3], [-1, -1, 0, 3, 3, 0, -3, 0, 3, -3, 3, -1, 2, 0, 1, 4, 1, 2, -3, 2, 3, -4]]
[[-1, -1, -1, 1, 1, 0, -2, 0, 1, -2, 1, -1, 1, -1, 0, 2, 0, 1, -2, 1, 1, -2], [-2, -7, -2, 10, 14, -2, -14, -4, 13, -16, 10, -2, 10, -6, 0, 15, 0, 6, -12, 6, 10, -16], [7, 20, 5, -35, -47, 7, 47, 12, -44, 53, -36, 7, -33, 17, -1, -51, -2, -21, 40, -21, -35, 52], [1, 5, 2, -6, -8, 1, 9, 3, -8, 10, -5, 2, -6, 5, 0, -9, 1, -3, 8, -4, -6, 10], [-2, -7, -2, 12, 16, -2, -16, -4, 15, -18, 13, -3, 11, -5, 1, 17, 1, 7, -14, 7, 13, -18], [0, 1, 1, -1, -1, -1, 2, 0, -1, 2, -1, 1, -1, 1, 0, -2, 0, -1, 2, -1, -1, 2], [6, 16, 4, -30, -40, 6, 39, 10, -38, 44, -30, 6, -28, 14, -2, -44, -2, -18, 34, -18, -30, 44], [3, 7, 2, -13, -17, 3, 17, 4, -15, 19, -13, 2, -12, 6, 0, -18, -1, -7, 14, -7, -12, 18], [-3, -9, -2, 16, 22, -3, -21, -5, 21, -24, 17, -3, 15, -7, 1, 24, 1, 10, -18, 10, 17, -24], [-3, -8, -2, 17, 22, -3, -21, -5, 21, -24, 18, -3, 15, -7, 1, 24, 2, 10, -18, 10, 17, -24], [3, 6, 1, -13, -17, 3, 17, 4, -16, 19, -13, 2, -12, 5, -1, -19, -1, -8, 14, -7, -12, 18], [-4, -9, -2, 17, 22, -4, -22, -6, 21, -25, 17, -3, 16, -8, 0, 24, 1, 10, -18, 10, 16, -24], [2, 6, 2, -13, -17, 2, 16, 3, -16, 18, -14, 3, -12, 4, -1, -19, -2, -8, 14, -7, -13, 18], [-3, -8, -2, 17, 22, -3, -21, -5, 21, -25, 18, -3, 15, -6, 1, 24, 2, 10, -18, 10, 17, -24], [1, 2, 1, -5, -6, 1, 5, 1, -6, 7, -6, 0, -4, 1, 0, -7, -1, -3, 4, -2, -4, 6], [3, 9, 2, -16, -22, 3, 21, 5, -20, 24, -17, 3, -15, 7, -1, -23, -1, -10, 18, -10, -17, 24], [-2, -4, -1, 9, 11, -2, -12, -3, 10, -12, 8, -2, 8, -4, 1, 13, 0, 5, -10, 5, 8, -12], [-3, -7, -2, 13, 17, -3, -17, -3, 15, -19, 13, -2, 12, -6, 0, 18, 1, 8, -14, 7, 12, -18], [-1, -2, 0, 5, 7, -1, -7, -2, 7, -7, 4, -1, 5, -3, 1, 8, 0, 3, -7, 3, 5, -8], [-2, -7, -2, 12, 15, -2, -16, -4, 15, -18, 13, -3, 11, -5, 1, 17, 1, 7, -14, 8, 13, -18], [0, 2, 1, -5, -6, 0, 6, 1, -6, 7, -6, 2, -4, 1, -1, -7, -1, -3, 6, -4, -7, 8], [0, 0, 0, -5, -6, 0, 5, 1, -6, 6, -5, 1, -4, 1, -1, -7, -1, -3, 5, -3, -5, 7]]
[[1, 5, 4, -2, -4, 0, 6, 3, -5, 9, -2, 2, -4, 8, 3, -6, 3, -2, 6, -3, -3, 9], [-4, -15, -10, 7, 13, -1, -18, -7, 15, -24, 7, -4, 13, -21, -7, 18, -7, 7, -17, 8, 8, -24], [9, 35, 23, -20, -36, 3, 47, 17, -41, 61, -20, 9, -35, 51, 16, -49, 16, -19, 44, -20, -21, 61], [2, 6, 4, -4, -5, 1, 8, 3, -6, 10, -3, 2, -5, 9, 3, -7, 3, -3, 7, -4, -4, 10], [-3, -12, -8, 8, 13, -1, -17, -6, 15, -22, 8, -3, 13, -17, -5, 18, -5, 7, -16, 7, 8, -22], [-1, -5, -4, 3, 6, 0, -7, -2, 6, -10, 4, -1, 6, -7, -3, 8, -2, 3, -6, 2, 2, -9], [6, 24, 16, -15, -26, 2, 33, 11, -29, 43, -16, 6, -25, 34, 11, -35, 10, -14, 30, -14, -15, 42], [3, 12, 8, -8, -14, 1, 17, 5, -15, 22, -8, 3, -13, 17, 5, -18, 5, -7, 16, -7, -8, 22], [-5, -21, -15, 11, 21, -1, -27, -10, 24, -36, 11, -5, 21, -31, -10, 30, -10, 11, -26, 11, 11, -36], [-4, -17, -12, 9, 17, -1, -22, -8, 20, -30, 9, -4, 17, -25, -8, 24, -8, 9, -21, 9, 9, -29], [2, 8, 5, -6, -10, 1, 12, 4, -11, 15, -7, 2, -9, 11, 3, -13, 3, -5, 11, -5, -6, 15], [-5, -21, -15, 11, 21, -1, -27, -10, 24, -36, 11, -6, 21, -31, -10, 29, -10, 11, -26, 11, 11, -36], [2, 8, 5, -6, -10, 1, 12, 4, -12, 15, -6, 2, -10, 11, 3, -14, 3, -5, 11, -5, -6, 15], [-5, -20, -14, 12, 22, -1, -27, -10, 25, -36, 12, -5, 21, -30, -9, 30, -9, 11, -26, 11, 12, -36], [3, 12, 9, -6, -12, 0, 15, 6, -15, 21, -6, 3, -12, 18, 5, -18, 6, -6, 15, -6, -6, 21], [5, 21, 15, -11, -21, 1, 27, 10, -23, 36, -11, 5, -21, 31, 10, -29, 10, -11, 26, -11, -11, 36], [1, 4, 4, 0, -2, -1, 3, 2, -3, 6, 0, 1, -3, 7, 3, -4, 2, -1, 4, -1, 0, 6], [-2, -9, -6, 5, 9, -1, -12, -4, 10, -15, 5, -2, 9, -13, -4, 12, -4, 4, -11, 5, 5, -15], [-1, -3, -2, 2, 3, 0, -5, -1, 3, -6, 3, -1, 3, -4, -2, 4, -1, 2, -4, 2, 2, -5], [-2, -9, -6, 5, 9, -1, -12, -4, 10, -15, 5, -2, 9, -13, -4, 12, -4, 5, -11, 4, 5, -15], [0, 3, 2, -2, -4, 0, 4, 1, -4, 5, -2, 0, -4, 4, 1, -5, 1, -2, 4, -1, -2, 5], [2, 8, 6, -4, -8, 0, 10, 4, -9, 14, -4, 2, -8, 12, 4, -11, 4, -4, 10, -4, -4, 13]]
[[1, 0, 0, 0, 0, 0, 0, 0, 0, 0, 0, 0, 0, 0, 0, 0, 0, 0, 0, 0, 0, 0], [0, 1, 0, 0, 0, 0, 0, 0, 0, 0, 0, 0, 0, 0, 0, 0, 0, 0, 0, 0, 0, 0], [0, 0, 1, 0, 0, 0, 0, 0, 0, 0, 0, 0, 0, 0, 0, 0, 0, 0, 0, 0, 0, 0], [0, 0, 0, 1, 0, 0, 0, 0, 0, 0, 0, 0, 0, 0, 0, 0, 0, 0, 0, 0, 0, 0], [0, 0, 0, 0, 1, 0, 0, 0, 0, 0, 0, 0, 0, 0, 0, 0, 0, 0, 0, 0, 0, 0], [0, 0, 0, 0, 0, 1, 0, 0, 0, 0, 0, 0, 0, 0, 0, 0, 0, 0, 0, 0, 0, 0], [0, 0, 0, 0, 0, 0, 1, 0, 0, 0, 0, 0, 0, 0, 0, 0, 0, 0, 0, 0, 0, 0], [0, 0, 0, 0, 0, 0, 0, 1, 0, 0, 0, 0, 0, 0, 0, 0, 0, 0, 0, 0, 0, 0], [0, 0, 0, 0, 0, 0, 0, 0, 1, 0, 0, 0, 0, 0, 0, 0, 0, 0, 0, 0, 0, 0], [0, 0, 0, 0, 0, 0, 0, 0, 0, 1, 0, 0, 0, 0, 0, 0, 0, 0, 0, 0, 0, 0], [0, 0, 0, 0, 0, 0, 0, 0, 0, 0, 1, 0, 0, 0, 0, 0, 0, 0, 0, 0, 0, 0], [0, 0, 0, 0, 0, 0, 0, 0, 0, 0, 0, 1, 0, 0, 0, 0, 0, 0, 0, 0, 0, 0], [0, 0, 0, 0, 0, 0, 0, 0, 0, 0, 0, 0, 1, 0, 0, 0, 0, 0, 0, 0, 0, 0], [0, 0, 0, 0, 0, 0, 0, 0, 0, 0, 0, 0, 0, 1, 0, 0, 0, 0, 0, 0, 0, 0], [0, 0, 0, 0, 0, 0, 0, 0, 0, 0, 0, 0, 0, 0, 1, 0, 0, 0, 0, 0, 0, 0], [0, 0, 0, 0, 0, 0, 0, 0, 0, 0, 0, 0, 0, 0, 0, 1, 0, 0, 0, 0, 0, 0], [0, 0, 0, 0, 0, 0, 0, 0, 0, 0, 0, 0, 0, 0, 0, 0, 1, 0, 0, 0, 0, 0], [0, 0, 0, 0, 0, 0, 0, 0, 0, 0, 0, 0, 0, 0, 0, 0, 0, 1, 0, 0, 0, 0], [0, 0, 0, 0, 0, 0, 0, 0, 0, 0, 0, 0, 0, 0, 0, 0, 0, 0, 1, 0, 0, 0], [0, 0, 0, 0, 0, 0, 0, 0, 0, 0, 0, 0, 0, 0, 0, 0, 0, 0, 0, 1, 0, 0], [0, 0, 0, 0, 0, 0, 0, 0, 0, 0, 0, 0, 0, 0, 0, 0, 0, 0, 0, 0, 1, 0], [0, 0, 0, 0, 0, 0, 0, 0, 0, 0, 0, 0, 0, 0, 0, 0, 0, 0, 0, 0, 0, 1]]
[[1, 4, 6, 10, 11, -2, -6, -1, 8, -5, 11, 0, 4, 11, 7, 8, 7, 3, -4, 2, 10, -5], [0, -3, -5, -8, -9, 1, 4, 1, -7, 4, -9, 0, -3, -9, -6, -7, -6, -3, 3, -2, -8, 4], [0, 6, 8, 12, 13, -1, -6, -1, 10, -6, 13, 0, 4, 13, 9, 10, 9, 4, -5, 3, 12, -6], [0, 0, -1, -1, -2, 1, 2, 0, 0, 1, 0, 0, 0, 0, 0, 0, 0, 1, 1, -1, -2, 1], [0, -3, -4, -6, -6, 1, 3, 1, -5, 3, -6, 0, -2, -6, -4, -5, -4, -2, 2, -2, -6, 3], [0, -4, -6, -10, -11, 3, 6, 1, -7, 5, -9, 0, -3, -9, -6, -7, -6, -2, 4, -3, -10, 5], [0, 2, 2, 4, 4, 0, -1, 0, 3, -2, 4, 0, 1, 4, 3, 3, 3, 1, -2, 1, 4, -2], [0, 3, 4, 6, 7, -1, -3, 0, 5, -3, 6, 0, 2, 6, 4, 5, 4, 2, -2, 2, 6, -3], [0, -5, -7, -12, -13, 2, 7, 1, -8, 6, -12, 0, -4, -12, -8, -9, -8, -3, 5, -3, -12, 6], [0, -3, -5, -8, -9, 2, 5, 1, -6, 5, -8, 0, -3, -8, -5, -6, -5, -2, 3, -2, -8, 4], [0, 1, 1, 2, 2, 0, -1, 0, 1, -1, 2, 0, 0, 1, 1, 1, 1, 0, -1, 1, 2, -1], [0, -5, -7, -12, -13, 2, 7, 1, -9, 6, -12, 1, -4, -12, -8, -9, -8, -3, 5, -3, -12, 6], [0, 1, 1, 2, 2, 0, -1, 0, 1, -1, 1, 0, 1, 1, 1, 1, 1, 0, -1, 1, 2, -1], [0, -6, -10, -16, -18, 4, 10, 2, -12, 8, -16, 0, -6, -15, -10, -12, -10, -4, 6, -4, -16, 8], [0, 5, 9, 14, 16, -4, -9, -2, 10, -7, 13, 0, 5, 13, 9, 10, 8, 3, -5, 4, 14, -7], [0, 5, 7, 12, 13, -2, -7, -1, 9, -6, 12, 0, 4, 12, 8, 10, 8, 3, -5, 3, 12, -6], [0, 4, 8, 12, 14, -4, -8, -2, 9, -6, 12, 0, 5, 12, 7, 9, 8, 3, -4, 3, 12, -6], [0, 0, 1, 2, 2, -1, -2, 0, 1, -1, 2, 0, 1, 2, 1, 1, 1, 1, -1, 0, 2, -1], [0, 0, 0, 0, 0, 0, 0, 0, 0, 0, 0, 0, 0, 0, 0, 0, 0, 0, 1, 0, 0, 0], [0, 0, 1, 2, 2, -1, -2, 0, 1, -1, 2, 0, 1, 2, 1, 1, 1, 0, -1, 1, 2, -1], [0, 0, 0, 0, 0, 0, 0, 0, 0, 0, 0, 0, 0, 0, 0, 0, 0, 0, 0, 0, 1, 0], [0, 3, 6, 10, 11, -3, -7, -1, 7, -5, 10, 0, 4, 10, 6, 7, 6, 2, -4, 2, 10, -4]]
[[1, 0, 0, 0, 0, 0, 0, 0, 0, 0, 0, 0, 0, 0, 0, 0, 0, 0, 0, 0, 0, 0], [0, 1, 0, 0, 0, 0, 0, 0, 0, 0, 0, 0, 0, 0, 0, 0, 0, 0, 0, 0, 0, 0], [0, 0, 1, 0, 0, 0, 0, 0, 0, 0, 0, 0, 0, 0, 0, 0, 0, 0, 0, 0, 0, 0], [0, 0, 0, 1, 0, 0, 0, 0, 0, 0, 0, 0, 0, 0, 0, 0, 0, 0, 0, 0, 0, 0], [0, 0, 0, 0, 1, 0, 0, 0, 0, 0, 0, 0, 0, 0, 0, 0, 0, 0, 0, 0, 0, 0], [0, 0, 0, 0, 0, 1, 0, 0, 0, 0, 0, 0, 0, 0, 0, 0, 0, 0, 0, 0, 0, 0], [0, 0, 0, 0, 0, 0, 1, 0, 0, 0, 0, 0, 0, 0, 0, 0, 0, 0, 0, 0, 0, 0], [0, 0, 0, 0, 0, 0, 0, 1, 0, 0, 0, 0, 0, 0, 0, 0, 0, 0, 0, 0, 0, 0], [0, 0, 0, 0, 0, 0, 0, 0, 1, 0, 0, 0, 0, 0, 0, 0, 0, 0, 0, 0, 0, 0], [0, 0, 0, 0, 0, 0, 0, 0, 0, 1, 0, 0, 0, 0, 0, 0, 0, 0, 0, 0, 0, 0], [0, 0, 0, 0, 0, 0, 0, 0, 0, 0, 1, 0, 0, 0, 0, 0, 0, 0, 0, 0, 0, 0], [0, 0, 0, 0, 0, 0, 0, 0, 0, 0, 0, 1, 0, 0, 0, 0, 0, 0, 0, 0, 0, 0], [0, 0, 0, 0, 0, 0, 0, 0, 0, 0, 0, 0, 1, 0, 0, 0, 0, 0, 0, 0, 0, 0], [0, 0, 0, 0, 0, 0, 0, 0, 0, 0, 0, 0, 0, 1, 0, 0, 0, 0, 0, 0, 0, 0], [0, 0, 0, 0, 0, 0, 0, 0, 0, 0, 0, 0, 0, 0, 1, 0, 0, 0, 0, 0, 0, 0], [0, 0, 0, 0, 0, 0, 0, 0, 0, 0, 0, 0, 0, 0, 0, 1, 0, 0, 0, 0, 0, 0], [0, 0, 0, 0, 0, 0, 0, 0, 0, 0, 0, 0, 0, 0, 0, 0, 1, 0, 0, 0, 0, 0], [0, 0, 0, 0, 0, 0, 0, 0, 0, 0, 0, 0, 0, 0, 0, 0, 0, 1, 0, 0, 0, 0], [0, 0, 0, 0, 0, 0, 0, 0, 0, 0, 0, 0, 0, 0, 0, 0, 0, 0, 1, 0, 0, 0], [0, 0, 0, 0, 0, 0, 0, 0, 0, 0, 0, 0, 0, 0, 0, 0, 0, 0, 0, 1, 0, 0], [0, 0, 0, 0, 0, 0, 0, 0, 0, 0, 0, 0, 0, 0, 0, 0, 0, 0, 0, 0, 1, 0], [0, 0, 0, 0, 0, 0, 0, 0, 0, 0, 0, 0, 0, 0, 0, 0, 0, 0, 0, 0, 0, 1]]
[[-1, -1, 0, -1, -1, -1, 0, 0, -2, 1, -2, 0, -1, -1, -1, -2, -1, -1, 1, 0, -1, 2], [0, -1, -1, 0, 1, 1, 0, -1, 2, -2, 1, 0, 1, -1, 0, 2, 0, 1, -1, 0, 0, -2], [0, 1, 1, -2, -4, -1, 3, 2, -6, 6, -3, 0, -3, 3, 0, -6, 0, -2, 4, -1, -2, 6], [0, 1, 1, 0, 0, 0, 0, 1, -1, 1, -1, 0, -1, 0, 0, -1, 0, -1, 0, 1, 1, 0], [0, 0, 0, 1, 2, 0, -1, -1, 2, -2, 1, 0, 1, -1, 0, 2, 0, 1, -1, 0, 1, -2], [0, 1, 0, 1, 1, 0, 0, 0, 1, -1, 0, 0, 0, -1, 0, 1, 0, 0, -1, 1, 1, -2], [0, 1, 1, -2, -3, 0, 2, 1, -4, 4, -2, 0, -2, 2, 0, -4, 0, -1, 3, -1, -2, 4], [0, 0, 0, -1, -2, 0, 1, 1, -2, 2, -1, 0, -1, 1, 0, -2, 0, 0, 1, -1, -1, 2], [0, 0, -1, 2, 3, 1, -2, 0, 4, -4, 2, 0, 2, -2, 0, 5, 0, 2, -3, 1, 2, -5], [0, 0, 0, 2, 3, 0, -2, -1, 4, -3, 2, 0, 2, -2, 0, 4, 0, 1, -2, 1, 2, -4], [0, 0, 0, -1, -1, 0, 1, 0, -1, 2, -1, 0, 0, 0, 0, -1, 0, 0, 1, -1, -1, 1], [0, 0, -1, 2, 2, 1, -2, -1, 4, -4, 2, -1, 2, -2, 0, 4, 0, 1, -3, 2, 2, -5], [0, 0, 0, -1, -2, 0, 1, 0, -2, 1, 0, 0, -1, 1, 0, -2, 0, 0, 1, 0, -1, 1], [0, 0, 0, 2, 3, 0, -2, -1, 4, -4, 2, 0, 2, -1, 0, 4, 0, 1, -2, 1, 2, -4], [0, 0, 0, -1, -2, 0, 1, 1, -3, 2, 0, 0, -1, 2, 0, -3, 1, 0, 1, -1, -1, 3], [0, 0, 1, -2, -3, -1, 2, 0, -3, 4, -2, 0, -2, 2, 0, -4, 0, -2, 3, -1, -2, 5], [0, 0, 0, 0, -1, 0, 0, 0, -1, 1, 0, 0, -1, 1, 1, -1, 0, -1, 0, 0, 0, 2], [0, 0, 0, 1, 2, 0, -1, 0, 2, -2, 1, 0, 1, -1, 0, 2, 0, 1, -1, 1, 1, -2], [0, 0, 0, 0, 0, 0, 0, 0, 0, 0, 0, 0, 0, 0, 0, 0, 0, 0, -1, 0, 0, 0], [0, 0, 0, 1, 1, 0, -1, -1, 2, -2, 1, 0, 1, -1, 0, 2, 0, 1, -1, 1, 1, -2], [0, 0, 0, 0, 0, 0, 0, 0, 0, 0, 0, 0, 0, 0, 0, 0, 0, 0, 0, 0, -1, 0], [0, 0, 0, -1, -1, 0, 1, 0, -1, 1, -1, 0, -1, 0, 0, -1, 0, 0, 1, 0, -1, 1]]
[[1, 2, 6, 10, 12, -5, -9, -3, 9, -7, 11, 1, 5, 7, 5, 7, 5, 3, -4, 3, 11, -7], [0, -1, -3, -5, -6, 2, 4, 2, -5, 4, -6, 0, -2, -4, -3, -4, -3, -2, 2, -2, -6, 4], [0, 2, 3, 5, 5, -1, -3, -1, 4, -4, 7, 0, 1, 5, 3, 3, 4, 2, -2, 2, 6, -3], [-1, -1, -4, -8, -11, 4, 8, 1, -6, 6, -7, -2, -5, -3, -2, -6, -3, -2, 4, -2, -7, 6], [-1, -1, -2, -3, -4, 1, 2, 1, -3, 2, -4, 0, -1, -3, -2, -2, -2, -1, 1, -1, -4, 2], [-1, -2, -6, -11, -14, 5, 10, 2, -9, 8, -11, -2, -6, -6, -4, -8, -5, -3, 4, -3, -10, 7], [0, 1, 1, 3, 3, 0, -2, 0, 2, -3, 4, 0, 1, 2, 1, 2, 2, 1, -1, 1, 3, -2], [0, 1, 2, 4, 5, -2, -3, -1, 3, -3, 4, 1, 2, 2, 1, 3, 2, 1, -1, 1, 3, -2], [-1, -2, -5, -9, -11, 3, 7, 1, -7, 6, -10, -1, -4, -7, -5, -6, -5, -3, 4, -3, -10, 6], [-1, -2, -5, -10, -12, 4, 8, 2, -8, 7, -11, -1, -5, -6, -4, -7, -5, -3, 4, -3, -10, 7], [0, 1, 2, 4, 5, -2, -4, -1, 3, -4, 3, 1, 2, 1, 1, 3, 1, 1, -2, 1, 3, -3], [0, -2, -5, -10, -11, 4, 8, 2, -8, 7, -10, -1, -5, -6, -4, -7, -5, -3, 4, -3, -9, 6], [1, 1, 1, 4, 5, -1, -3, 0, 2, -3, 4, 0, 2, 2, 1, 2, 2, 1, -2, 1, 4, -3], [-2, -3, -9, -17, -21, 8, 15, 4, -14, 13, -18, -2, -9, -11, -7, -12, -8, -5, 7, -5, -17, 12], [1, 2, 7, 14, 17, -7, -12, -3, 10, -10, 14, 2, 7, 8, 5, 9, 6, 4, -5, 4, 13, -9], [1, 2, 5, 9, 11, -3, -7, -1, 8, -6, 10, 1, 4, 7, 5, 7, 5, 3, -4, 3, 10, -6], [1, 1, 6, 9, 12, -5, -8, -2, 8, -6, 10, 1, 5, 7, 4, 6, 5, 3, -3, 3, 10, -6], [1, 0, 2, 3, 4, -2, -4, -2, 3, -2, 3, 0, 2, 2, 2, 2, 1, 0, -2, 1, 4, -3], [0, -1, -2, -3, -4, 1, 4, 1, -3, 3, -3, 0, -2, -1, -1, -3, -1, -1, 2, -1, -3, 3], [0, 0, 2, 4, 6, -3, -5, -1, 3, -3, 3, 1, 3, 1, 1, 3, 1, 1, -2, 0, 3, -3], [2, 1, 1, 3, 4, 0, -2, 0, 3, -2, 4, 0, 2, 3, 2, 3, 2, 1, -2, 1, 4, -3], [2, 3, 7, 14, 17, -6, -13, -3, 12, -10, 14, 1, 8, 8, 6, 11, 6, 4, -7, 4, 14, -11]]
[[0, 0, 1, 2, 3, -1, -2, 0, 2, -1, 2, 1, 2, 1, 1, 2, 1, 1, -1, 0, 1, -1], [0, -1, 0, -1, -1, -1, 0, -1, -1, 0, -1, 0, -1, -1, -1, -2, -1, -1, 1, 0, 0, 0], [-1, 0, -2, 0, -1, 3, 2, 2, -1, 1, 0, -1, 0, 1, 1, 1, 1, 1, -1, 0, -1, 1], [-1, 0, -2, -4, -5, 4, 5, 3, -3, 4, -3, -1, -2, 0, 0, -1, 0, 0, 1, -1, -4, 4], [0, 0, 0, 0, -1, 0, 0, 0, 0, 0, 0, 0, 0, 0, 0, 0, 0, 0, 0, 0, 0, 0], [0, 0, -1, -1, -1, 1, 1, 1, -1, 0, 0, 0, 0, 0, -1, 0, 0, 0, 1, -1, -2, 1], [0, 0, 0, 1, 2, 0, -1, -1, 1, -1, 0, 0, 1, 0, 1, 1, 0, 0, -2, 0, 1, -2], [0, 0, 0, 0, 0, 0, 0, -1, 0, 0, 0, 0, 0, 0, 0, 0, 0, 0, 0, 0, 0, 0], [1, 0, 0, -1, 0, -1, 0, -1, 0, 0, -1, 1, 0, -1, -1, 0, -1, -1, 1, -1, -1, 0], [0, 0, -1, -3, -4, 1, 3, 1, -2, 2, -3, 0, -2, -1, -1, -2, -1, -1, 2, -1, -3, 3], [1, 0, 1, 2, 4, -2, -3, -2, 2, -3, 1, 1, 2, 0, 0, 1, 0, 0, -1, 0, 2, -3], [1, 0, 0, -1, 0, -1, 0, -1, 0, 0, -1, 0, 0, -1, -1, -1, -1, -1, 1, -1, -1, 0], [1, 0, 1, 2, 4, -2, -3, -2, 1, -3, 2, 1, 1, 0, 0, 0, 0, 0, -1, 0, 2, -3], [-1, 0, -2, -4, -6, 3, 5, 2, -3, 4, -4, -1, -3, -2, -1, -2, -1, -1, 2, -1, -4, 4], [0, 0, 1, 2, 2, -1, -2, 0, 0, -1, 2, 0, 1, 1, 0, 0, 1, 1, -1, 1, 2, -1], [-1, 0, 0, 1, 0, 1, 0, 1, 1, 0, 1, -1, 0, 1, 1, 1, 1, 1, -1, 1, 1, 0], [-1, 0, 0, 0, -2, 1, 1, 2, -1, 2, 0, -1, -1, 1, 1, 0, 0, 1, 0, 1, 0, 2], [1, 0, 1, 1, 2, -2, -2, -1, 1, -1, 1, 1, 1, 0, 0, 0, 0, -1, 0, 0, 1, -1], [-1, 0, -1, -2, -4, 2, 2, 2, -3, 2, -1, -1, -2, 0, -1, -2, 0, 0, 1, 0, -2, 3], [1, 0, 1, 1, 2, -2, -2, -1, 1, -1, 1, 1, 1, 0, 0, 0, 0, 0, 0, -1, 1, -1], [0, 0, 1, 2, 3, -2, -3, -2, 2, -3, 2, 0, 1, 0, 0, 1, 0, 0, -1, 1, 2, -3], [1, 0, 2, 4, 6, -3, -5, -2, 4, -4, 4, 1, 3, 1, 1, 3, 1, 1, -2, 1, 4, -5]]
[[0, -1, 0, 0, 0, 0, 0, 0, 0, 0, 0, 0, 0, 0, 0, 0, 0, 0, 0, 0, 0, 1], [0, 1, 0, 0, 0, 0, 0, 0, 0, 0, 0, 0, 0, 0, 0, 0, 0, 0, 0, 0, 0, 0], [1, 0, 1, -1, -1, -1, 1, 0, -2, 1, 0, 1, -1, 1, -1, -3, 0, -1, 2, -1, -1, 2], [0, 0, 0, 1, 0, 1, 0, 0, 1, 0, 0, -1, 0, 0, 1, 1, 0, 0, -1, 1, 1, -1], [-1, 0, 0, 1, 2, 0, -1, 0, 1, -1, 0, 0, 1, -1, 0, 2, 0, 1, -1, 0, 0, -1], [1, 1, 0, 0, 0, 1, 0, 0, 0, 0, 0, 0, 0, 0, 0, 0, 0, 0, 0, 0, 0, -1], [2, 1, 1, -2, -1, -2, 2, -1, -2, 2, -2, 2, -1, 0, -1, -4, -1, -2, 3, -2, -2, 2], [0, 0, 0, 0, 0, -1, 0, 1, -1, 0, 0, 1, 0, 0, -1, -1, 0, 0, 1, -1, -1, 1], [0, 1, 0, 1, 1, 0, -1, 0, 2, -1, 0, 0, 1, -1, 0, 2, 0, 1, -1, 0, 0, -2], [-1, 0, 0, 1, 1, 1, -1, 0, 2, 0, 0, -1, 1, -1, 1, 3, 0, 1, -2, 1, 1, -2], [1, 1, 1, -1, 0, -2, 0, -1, -1, 1, -1, 2, 0, -1, -1, -2, -1, -1, 2, -2, -2, 1], [1, 1, 0, 0, 0, 1, 0, 0, 1, 0, 0, 0, 0, 0, 1, 1, 0, 0, -1, 1, 1, -2], [2, 1, 0, -1, -1, -1, 1, 0, -2, 1, 0, 1, 0, 1, -1, -3, 0, -1, 2, -1, -1, 1], [-1, 0, 0, 1, 1, 1, -1, 0, 2, -1, 0, -1, 1, 0, 1, 3, 0, 1, -2, 1, 1, -2], [-1, -1, -1, 1, 0, 0, 0, 1, -1, -1, 2, 0, 0, 1, 0, 0, 1, 1, 0, 0, 0, 1], [0, -1, 0, -1, -1, 0, 1, 0, -1, 1, 0, 0, -1, 1, 0, -1, 0, -1, 1, 0, 0, 2], [-2, -2, -1, 1, 0, 2, 0, 1, 1, -1, 2, -2, 0, 1, 1, 2, 2, 1, -2, 2, 2, 0], [0, 0, 0, 0, 0, 1, 0, 0, 1, 0, 0, -1, 0, 0, 1, 1, 0, 1, -1, 1, 1, -1], [-1, -1, -1, 1, 0, 1, 0, 1, 0, -1, 2, -1, 0, 1, 0, 1, 1, 1, 0, 1, 1, 0], [-1, 0, 0, 1, 1, 0, -1, 0, 1, -1, 0, 0, 1, -1, 0, 2, 0, 1, -1, 1, 0, -1], [2, 1, 0, -1, -1, 0, 1, 0, -1, 1, 0, 0, -1, 1, 0, -2, 0, -1, 1, 0, 1, 0], [1, 1, 0, 0, 0, 0, 0, 0, 0, 0, 0, 0, 0, 0, 0, 0, 0, 0, 0, 0, 0, 0]]
[[1, 0, 0, 0, 0, 0, 0, 0, 0, 0, 0, 0, 0, 0, 0, 0, 0, 0, 0, 0, 0, 0], [0, 1, 0, 0, 0, 0, 0, 0, 0, 0, 0, 0, 0, 0, 0, 0, 0, 0, 0, 0, 0, 0], [0, 0, 1, 0, 0, 0, 0, 0, 0, 0, 0, 0, 0, 0, 0, 0, 0, 0, 0, 0, 0, 0], [0, 0, 0, 1, 0, 0, 0, 0, 0, 0, 0, 0, 0, 0, 0, 0, 0, 0, 0, 0, 0, 0], [0, 0, 0, 0, 1, 0, 0, 0, 0, 0, 0, 0, 0, 0, 0, 0, 0, 0, 0, 0, 0, 0], [0, 0, 0, 0, 0, 1, 0, 0, 0, 0, 0, 0, 0, 0, 0, 0, 0, 0, 0, 0, 0, 0], [0, 0, 0, 0, 0, 0, 1, 0, 0, 0, 0, 0, 0, 0, 0, 0, 0, 0, 0, 0, 0, 0], [0, 0, 0, 0, 0, 0, 0, 1, 0, 0, 0, 0, 0, 0, 0, 0, 0, 0, 0, 0, 0, 0], [0, 0, 0, 0, 0, 0, 0, 0, 1, 0, 0, 0, 0, 0, 0, 0, 0, 0, 0, 0, 0, 0], [0, 0, 0, 0, 0, 0, 0, 0, 0, 1, 0, 0, 0, 0, 0, 0, 0, 0, 0, 0, 0, 0], [0, 0, 0, 0, 0, 0, 0, 0, 0, 0, 1, 0, 0, 0, 0, 0, 0, 0, 0, 0, 0, 0], [0, 0, 0, 0, 0, 0, 0, 0, 0, 0, 0, 1, 0, 0, 0, 0, 0, 0, 0, 0, 0, 0], [0, 0, 0, 0, 0, 0, 0, 0, 0, 0, 0, 0, 1, 0, 0, 0, 0, 0, 0, 0, 0, 0], [0, 0, 0, 0, 0, 0, 0, 0, 0, 0, 0, 0, 0, 1, 0, 0, 0, 0, 0, 0, 0, 0], [0, 0, 0, 0, 0, 0, 0, 0, 0, 0, 0, 0, 0, 0, 1, 0, 0, 0, 0, 0, 0, 0], [0, 0, 0, 0, 0, 0, 0, 0, 0, 0, 0, 0, 0, 0, 0, 1, 0, 0, 0, 0, 0, 0], [0, 0, 0, 0, 0, 0, 0, 0, 0, 0, 0, 0, 0, 0, 0, 0, 1, 0, 0, 0, 0, 0], [0, 0, 0, 0, 0, 0, 0, 0, 0, 0, 0, 0, 0, 0, 0, 0, 0, 1, 0, 0, 0, 0], [0, 0, 0, 0, 0, 0, 0, 0, 0, 0, 0, 0, 0, 0, 0, 0, 0, 0, 1, 0, 0, 0], [0, 0, 0, 0, 0, 0, 0, 0, 0, 0, 0, 0, 0, 0, 0, 0, 0, 0, 0, 1, 0, 0], [0, 0, 0, 0, 0, 0, 0, 0, 0, 0, 0, 0, 0, 0, 0, 0, 0, 0, 0, 0, 1, 0], [0, 0, 0, 0, 0, 0, 0, 0, 0, 0, 0, 0, 0, 0, 0, 0, 0, 0, 0, 0, 0, 1]]
[[1, 1, 1, 2, 2, 0, -1, 0, 2, -1, 2, 0, 1, 1, 1, 2, 1, 1, -1, 1, 2, -2], [0, 1, 0, 0, 0, 0, 0, 0, 0, 0, 0, 0, 0, 0, 0, 0, 0, 0, 0, 0, 0, 0], [0, 0, 1, 0, 0, 0, 0, 0, 0, 0, 0, 0, 0, 0, 0, 0, 0, 0, 0, 0, 0, 0], [0, -1, -1, -1, -2, 0, 1, 0, -2, 1, -2, 0, -1, -1, -1, -2, -1, -1, 1, -1, -2, 2], [0, 0, 0, 0, 0, 0, 0, 0, 0, 0, 0, 0, 0, 0, 0, 0, 0, 0, 0, 1, 0, 0], [0, -1, -1, -2, -2, 1, 1, 0, -2, 1, -2, 0, -1, -1, -1, -2, -1, -1, 1, -1, -2, 2], [0, 0, 0, 0, 0, 0, 1, 0, 0, 0, 0, 0, 0, 0, 0, 0, 0, 0, 0, 0, 0, 0], [0, 0, 0, 0, 0, 0, 0, 0, 0, 0, 0, 0, 0, 0, 0, 0, 0, -1, 0, 0, 0, 0], [0, -1, -1, -2, -2, 0, 1, -1, -1, 1, -2, 0, -1, -1, -1, -2, -1, -2, 1, -1, -2, 2], [0, -1, -1, -2, -2, 0, 1, 0, -2, 1, -2, 0, -1, 0, -1, -2, -1, -1, 1, -1, -2, 2], [0, 0, 0, 0, 0, 0, 0, 0, 0, -1, 1, 0, 0, 1, 0, 0, 0, 0, 0, 0, 0, 0], [0, -1, -1, -2, -1, 0, 1, 0, -2, 1, -2, 1, -1, -1, -1, -2, -1, -1, 1, -2, -2, 2], [0, 0, 0, 0, 1, 0, 0, 0, 0, 0, 0, 0, 1, 0, 0, 0, 0, 0, 0, -1, 0, 0], [0, -1, -1, -2, -2, 0, 1, 0, -2, 2, -2, 0, -1, -1, -1, -2, -1, -1, 1, -1, -2, 2], [0, 1, 1, 2, 2, 0, -1, 0, 2, -1, 2, 0, 1, 1, 2, 2, 1, 1, -1, 1, 2, -2], [0, 1, 1, 2, 2, 0, -1, 1, 2, -1, 2, 0, 1, 1, 1, 3, 1, 2, -1, 1, 2, -2], [0, 1, 1, 2, 2, 0, -1, 1, 2, -1, 2, 0, 1, 1, 1, 2, 2, 2, -1, 1, 2, -2], [0, 0, 0, 0, 0, 0, 0, -1, 0, 0, 0, 0, 0, 0, 0, 0, 0, 0, 0, 0, 0, 0], [0, 0, 0, 0, 0, 0, 0, 0, 0, 0, 0, 0, 0, 0, 0, 0, 0, 0, 1, 0, 0, 0], [0, 0, 0, 0, 1, 0, 0, 0, 0, 0, 0, 0, 0, 0, 0, 0, 0, 0, 0, 0, 0, 0], [0, 0, 0, 0, 0, 0, 0, 0, 0, 0, 0, 0, 0, 0, 0, 0, 0, 0, 0, 0, 1, 0], [0, 1, 1, 2, 2, 0, -1, 0, 2, -1, 2, 0, 1, 1, 1, 2, 1, 1, -1, 1, 2, -1]]

#################
# GALOIS GROUPS #
#################


Generators of the monodromy group on the generic Picard lattice:
[[1, 0, 0, 0, 0, 0, 0, 0, 0, 0, 0, 0, 0, 0, 0, 0, 0], [0, 1, 0, 0, 0, 0, 0, 0, 0, 0, 0, 0, 0, 0, 0, 0, 0], [0, 0, 1, 0, 0, 0, 0, 0, 0, 0, 0, 0, 0, 0, 0, 0, 0], [0, 0, 0, 1, 0, 0, 0, 0, 0, 0, 0, 0, 0, 0, 0, 0, 0], [0, 0, 0, 0, 1, 0, 0, 0, 0, 0, 0, 0, 0, 0, 0, 0, 0], [0, 0, 0, 0, 0, 1, 0, 0, 0, 0, 0, 0, 0, 0, 0, 0, 0], [0, 0, 0, 0, 0, 0, 1, 0, 0, 0, 0, 0, 0, 0, 0, 0, 0], [0, 0, 0, 0, 0, 0, 0, 1, 0, 0, 0, 0, 0, 0, 0, 0, 0], [0, 0, 0, 0, 0, 0, 0, 0, 1, 0, 0, 0, 0, 0, 0, 0, 0], [0, 0, 0, 0, 0, 0, 0, 0, 0, 1, 0, 0, 0, 0, 0, 0, 0], [0, 0, 0, 0, 0, 0, 0, 0, 0, 0, 1, 0, 0, 0, 0, 0, 0], [0, 0, 0, 0, 0, 0, 0, 0, 0, 0, 0, 1, 0, 0, 0, 0, 0], [0, 0, 0, 0, 0, 0, 0, 0, 0, 0, 0, 0, 1, 0, 0, 0, 0], [0, 0, 0, 0, 0, 0, 0, 0, 0, 0, 0, 0, 0, 1, 0, 0, 0], [0, 0, 0, 0, 0, 0, 0, 0, 0, 0, 0, 0, 0, 0, 1, 0, 0], [0, 0, 0, 0, 0, 0, 0, 0, 0, 0, 0, 0, 0, 0, 0, 1, 0], [0, 0, 0, 0, 0, 0, 0, 0, 0, 0, 0, 0, 0, 0, 0, 0, 1]]
[[1, 0, 0, 0, 0, 0, 0, 0, 0, 0, 0, 0, 0, 0, 0, 0, 0], [0, 1, 0, 0, 0, 0, 0, 0, 0, 0, 0, 0, 0, 0, 0, 0, 0], [0, 0, 1, 0, 0, 0, 0, 0, 0, 0, 0, 0, 0, 0, 0, 0, 0], [0, 0, 0, 1, 0, 0, 0, 0, 0, 0, 0, 0, 0, 0, 0, 0, 0], [0, 0, 0, 0, 1, 0, 0, 0, 0, 0, 0, 0, 0, 0, 0, 0, 0], [0, 0, 0, 0, 0, 1, 0, 0, 0, 0, 0, 0, 0, 0, 0, 0, 0], [0, 0, 0, 0, 0, 0, 1, 0, 0, 0, 0, 0, 0, 0, 0, 0, 0], [0, 0, 0, 0, 0, 0, 0, 1, 0, 0, 0, 0, 0, 0, 0, 0, 0], [0, 0, 0, 0, 0, 0, 0, 0, 1, 0, 0, 0, 0, 0, 0, 0, 0], [0, 0, 0, 0, 0, 0, 0, 0, 0, 1, 0, 0, 0, 0, 0, 0, 0], [0, 0, 0, 0, 0, 0, 0, 0, 0, 0, 1, 0, 0, 0, 0, 0, 0], [0, 0, 0, 0, 0, 0, 0, 0, 0, 0, 0, 1, 0, 0, 0, 0, 0], [0, 0, 0, 0, 0, 0, 0, 0, 0, 0, 0, 0, 1, 0, 0, 0, 0], [0, 0, 0, 0, 0, 0, 0, 0, 0, 0, 0, 0, 0, 1, 0, 0, 0], [0, 0, 0, 0, 0, 0, 0, 0, 0, 0, 0, 0, 0, 0, 1, 0, 0], [0, 0, 0, 0, 0, 0, 0, 0, 0, 0, 0, 0, 0, 0, 0, 1, 0], [0, 0, 0, 0, 0, 0, 0, 0, 0, 0, 0, 0, 0, 0, 0, 0, 1]]
[[1, 0, 0, 0, 0, 0, 0, 0, 0, 0, 0, 0, 0, 0, 0, 0, 0], [0, 1, 0, 0, 0, 0, 0, 0, 0, 0, 0, 0, 0, 0, 0, 0, 0], [0, 0, 1, 0, 0, 0, 0, 0, 0, 0, 0, 0, 0, 0, 0, 0, 0], [0, 0, 0, 1, 0, 0, 0, 0, 0, 0, 0, 0, 0, 0, 0, 0, 0], [0, 0, 0, 0, 1, 0, 0, 0, 0, 0, 0, 0, 0, 0, 0, 0, 0], [0, 0, 0, 0, 0, 1, 0, 0, 0, 0, 0, 0, 0, 0, 0, 0, 0], [0, 0, 0, 0, 0, 0, 1, 0, 0, 0, 0, 0, 0, 0, 0, 0, 0], [0, 0, 0, 0, 0, 0, 0, 1, 0, 0, 0, 0, 0, 0, 0, 0, 0], [0, 0, 0, 0, 0, 0, 0, 0, 1, 0, 0, 0, 0, 0, 0, 0, 0], [0, 0, 0, 0, 0, 0, 0, 0, 0, 1, 0, 0, 0, 0, 0, 0, 0], [0, 0, 0, 0, 0, 0, 0, 0, 0, 0, 1, 0, 0, 0, 0, 0, 0], [0, 0, 0, 0, 0, 0, 0, 0, 0, 0, 0, 1, 0, 0, 0, 0, 0], [0, 0, 0, 0, 0, 0, 0, 0, 0, 0, 0, 0, 1, 0, 0, 0, 0], [0, 0, 0, 0, 0, 0, 0, 0, 0, 0, 0, 0, 0, 1, 0, 0, 0], [0, 0, 0, 0, 0, 0, 0, 0, 0, 0, 0, 0, 0, 0, 1, 0, 0], [0, 0, 0, 0, 0, 0, 0, 0, 0, 0, 0, 0, 0, 0, 0, 1, 0], [0, 0, 0, 0, 0, 0, 0, 0, 0, 0, 0, 0, 0, 0, 0, 0, 1]]
[[1, 0, 0, 0, 0, 0, 0, 0, 0, 0, 0, 0, 0, 0, 0, 0, 0], [0, 1, 0, 0, 0, 0, 0, 0, 0, 0, 0, 0, 0, 0, 0, 0, 0], [0, 0, 1, 0, 0, 0, 0, 0, 0, 0, 0, 0, 0, 0, 0, 0, 0], [0, 0, 0, 1, 0, 0, 0, 0, 0, 0, 0, 0, 0, 0, 0, 0, 0], [0, 0, 0, 0, 1, 0, 0, 0, 0, 0, 0, 0, 0, 0, 0, 0, 0], [0, 0, 0, 0, 0, 1, 0, 0, 0, 0, 0, 0, 0, 0, 0, 0, 0], [0, 0, 0, 0, 0, 0, 1, 0, 0, 0, 0, 0, 0, 0, 0, 0, 0], [0, 0, 0, 0, 0, 0, 0, 1, 0, 0, 0, 0, 0, 0, 0, 0, 0], [0, 0, 0, 0, 0, 0, 0, 0, 1, 0, 0, 0, 0, 0, 0, 0, 0], [0, 0, 0, 0, 0, 0, 0, 0, 0, 1, 0, 0, 0, 0, 0, 0, 0], [0, 0, 0, 0, 0, 0, 0, 0, 0, 0, 1, 0, 0, 0, 0, 0, 0], [0, 0, 0, 0, 0, 0, 0, 0, 0, 0, 0, 1, 0, 0, 0, 0, 0], [0, 0, 0, 0, 0, 0, 0, 0, 0, 0, 0, 0, 1, 0, 0, 0, 0], [0, 0, 0, 0, 0, 0, 0, 0, 0, 0, 0, 0, 0, 1, 0, 0, 0], [0, 0, 0, 0, 0, 0, 0, 0, 0, 0, 0, 0, 0, 0, 1, 0, 0], [0, 0, 0, 0, 0, 0, 0, 0, 0, 0, 0, 0, 0, 0, 0, 1, 0], [0, 0, 0, 0, 0, 0, 0, 0, 0, 0, 0, 0, 0, 0, 0, 0, 1]]
[[1, 0, 0, 0, 0, 0, 0, 0, 0, 0, 0, 0, 0, 0, 0, 0, 0], [0, 1, 0, 0, 0, 0, 0, 0, 0, 0, 0, 0, 0, 0, 0, 0, 0], [0, 0, 1, 0, 0, 0, 0, 0, 0, 0, 0, 0, 0, 0, 0, 0, 0], [0, 0, 0, 1, 0, 0, 0, 0, 0, 0, 0, 0, 0, 0, 0, 0, 0], [0, 0, 0, 0, 1, 0, 0, 0, 0, 0, 0, 0, 0, 0, 0, 0, 0], [0, 0, 0, 0, 0, 1, 0, 0, 0, 0, 0, 0, 0, 0, 0, 0, 0], [0, 0, 0, 0, 0, 0, 1, 0, 0, 0, 0, 0, 0, 0, 0, 0, 0], [0, 0, 0, 0, 0, 0, 0, 1, 0, 0, 0, 0, 0, 0, 0, 0, 0], [0, 0, 0, 0, 0, 0, 0, 0, 1, 0, 0, 0, 0, 0, 0, 0, 0], [0, 0, 0, 0, 0, 0, 0, 0, 0, 1, 0, 0, 0, 0, 0, 0, 0], [0, 0, 0, 0, 0, 0, 0, 0, 0, 0, 1, 0, 0, 0, 0, 0, 0], [0, 0, 0, 0, 0, 0, 0, 0, 0, 0, 0, 1, 0, 0, 0, 0, 0], [0, 0, 0, 0, 0, 0, 0, 0, 0, 0, 0, 0, 1, 0, 0, 0, 0], [0, 0, 0, 0, 0, 0, 0, 0, 0, 0, 0, 0, 0, 1, 0, 0, 0], [0, 0, 0, 0, 0, 0, 0, 0, 0, 0, 0, 0, 0, 0, 1, 0, 0], [0, 0, 0, 0, 0, 0, 0, 0, 0, 0, 0, 0, 0, 0, 0, 1, 0], [0, 0, 0, 0, 0, 0, 0, 0, 0, 0, 0, 0, 0, 0, 0, 0, 1]]
[[-2, 3, 0, 0, -1, 4, 4, 1, -2, 1, -1, -2, -2, 3, 1, 1, -1], [0, 0, 0, 0, 0, 1, 1, 0, 0, 0, 1, 0, 0, 1, 1, 1, 1], [-1, 0, 0, 0, 0, 0, 0, 0, -1, 1, -2, -1, 0, 0, 0, -1, -1], [0, -1, 0, 0, 1, -2, -2, 0, 0, -1, -1, 1, 0, -2, -2, -1, -1], [-1, 2, -1, -1, -2, 5, 5, 0, -1, 0, 0, -2, -2, 3, 1, 1, -1], [0, -1, 0, 0, 1, -2, -1, -1, 1, -1, -1, 1, 0, -2, -1, -1, -1], [-1, 0, 0, 0, 0, 1, 0, 0, -1, 0, 0, -1, 0, 1, 0, 0, 0], [1, -1, 0, -1, -1, -1, -1, -1, 1, 1, -1, 0, 0, -1, 0, -1, -1], [1, -2, -1, -1, 0, -1, -1, -1, 1, -1, 0, 1, 0, -2, -1, -1, -1], [0, -1, -1, 0, 0, 0, 0, 0, 0, -2, 1, 0, 0, 0, -1, 0, 0], [0, -1, -1, -1, -1, 1, 1, 0, 0, 0, 0, -1, 0, 1, 0, 0, 0], [1, -3, 0, 1, 2, -5, -5, -1, 2, -2, 1, 2, 2, -4, -2, -1, 1], [0, -2, 1, 0, 1, -3, -3, -1, 1, 0, 0, 1, 1, -2, 0, -1, 1], [0, -1, -1, 0, 0, 0, 0, 0, 0, -1, 1, 0, 0, -1, -1, 0, 0], [1, 1, 1, -1, -1, 0, 0, 0, 1, 2, -1, 0, 0, 0, 1, 0, 0], [1, 2, 1, 1, 0, -1, -1, 1, 0, 1, 0, 1, 0, 0, 1, 0, 1], [-1, 1, 0, 1, 1, 1, 1, 0, -1, -1, 1, 0, 0, 1, 0, 1, 0]]
[[1, -1, 1, 1, 2, -3, -3, 0, 1, 0, 1, 2, 2, -1, 0, 0, 1], [-2, 0, -1, -1, -2, 3, 3, 0, -1, 0, -1, -2, -2, 1, 0, 0, -1], [2, -1, 0, 1, 2, -3, -3, 0, 1, 0, 1, 2, 2, -1, 0, 0, 1], [2, -1, 1, 0, 2, -3, -3, 0, 1, 0, 1, 2, 2, -1, 0, 0, 1], [0, 0, 0, 0, -1, 0, 0, 0, 0, 0, 0, 0, 0, 0, 0, 0, 0], [0, 0, 0, 1, 1, 0, -1, 1, -1, -1, 2, 0, 1, 1, 0, 1, 1], [2, -1, 1, 0, 1, -4, -3, -1, 2, 1, -1, 2, 1, -2, 0, -1, 0], [0, 0, 0, 0, 0, 0, 0, -1, 0, 0, 0, 0, 0, 0, 0, 0, 0], [0, 0, 0, 0, 0, 0, 0, 0, -1, 0, 0, 0, 0, 0, 0, 0, 0], [0, 0, 0, 0, 0, 0, 0, 0, 0, -1, 0, 0, 0, 0, 0, 0, 0], [0, 0, 0, 0, 0, 0, 0, 0, 0, 0, -1, 0, 0, 0, 0, 0, 0], [0, 0, 0, 0, 0, 0, 0, 0, 0, 0, 0, -1, 0, 0, 0, 0, 0], [0, 0, 0, 0, 0, 0, 0, 0, 0, 0, 0, 0, -1, 0, 0, 0, 0], [0, 0, 0, 0, 0, 0, 0, 0, 0, 0, 0, 0, 0, -1, 0, 0, 0], [0, 0, 0, 0, 0, 0, 0, 0, 0, 0, 0, 0, 0, 0, -1, 0, 0], [0, 0, 0, 0, 0, 0, 0, 0, 0, 0, 0, 0, 0, 0, 0, -1, 0], [0, 0, 0, 0, 0, 0, 0, 0, 0, 0, 0, 0, 0, 0, 0, 0, -1]]
[[0, 0, 0, 0, 0, -1, -1, 0, 0, 0, 0, 0, 0, 0, 0, 0, 0], [0, -1, 0, 0, 0, 0, 0, 0, 0, 0, 0, 0, 0, 0, 0, 0, 0], [0, 1, 0, 0, 0, 0, 0, 0, 0, 1, -1, 0, 0, 0, 1, 0, 0], [-1, 1, 0, 0, 0, 1, 1, 1, -1, 0, 1, 0, 0, 1, 0, 1, 1], [1, -2, -1, -1, -1, -1, -1, 0, 1, 0, 0, 0, 0, -2, -1, -1, 0], [-1, 0, 0, 0, 0, 0, 1, 0, 0, 0, 0, 0, 0, 0, 0, 0, 0], [0, 0, 0, 0, 0, 0, -1, 0, 0, 0, 0, 0, 0, 0, 0, 0, 0], [0, 1, 0, -1, -1, 2, 2, 0, 0, 1, -1, -1, -1, 1, 1, 0, 0], [-1, 0, -1, -1, -1, 3, 3, 1, -1, 0, 0, -1, -1, 1, 0, 0, 0], [-1, 1, -1, 0, -1, 3, 3, 1, -1, 0, 1, -1, -1, 1, 0, 1, 0], [0, 0, -1, -1, -1, 2, 2, 0, 0, 1, -1, -1, -1, 0, 0, 0, -1], [-2, 1, 0, 1, 0, 2, 2, 0, -1, -1, 1, -1, 0, 2, 0, 1, 0], [-1, 1, 1, 0, 0, 1, 1, -1, 0, 0, -1, 0, -1, 1, 1, 0, -1], [-1, 1, -1, 0, -1, 3, 3, 1, -1, -1, 1, -1, -1, 2, 0, 1, 0], [1, 0, 1, -1, 0, -1, -1, -1, 1, 1, -2, 0, 0, -1, 0, -1, -1], [1, 0, 1, 1, 1, -3, -3, -1, 0, 0, 0, 1, 1, -1, 0, -1, 0], [0, -1, 0, 1, 1, -2, -2, 1, 0, -1, 1, 1, 1, -1, -1, 0, 1]]
[[1, -1, 1, 1, 2, -3, -3, 0, 1, 0, 1, 2, 2, -1, 0, 0, 1], [-2, 0, -1, -1, -2, 3, 3, 0, -1, 0, -1, -2, -2, 1, 0, 0, -1], [2, -1, 0, 1, 2, -3, -3, 0, 1, 0, 1, 2, 2, -1, 0, 0, 1], [2, -1, 1, 0, 2, -3, -3, 0, 1, 0, 1, 2, 2, -1, 0, 0, 1], [0, 0, 0, 0, -1, 0, 0, 0, 0, 0, 0, 0, 0, 0, 0, 0, 0], [0, 0, 0, 1, 1, 0, -1, 1, -1, -1, 2, 0, 1, 1, 0, 1, 1], [2, -1, 1, 0, 1, -4, -3, -1, 2, 1, -1, 2, 1, -2, 0, -1, 0], [0, 0, 0, 0, 0, 0, 0, -1, 0, 0, 0, 0, 0, 0, 0, 0, 0], [0, 0, 0, 0, 0, 0, 0, 0, -1, 0, 0, 0, 0, 0, 0, 0, 0], [0, 0, 0, 0, 0, 0, 0, 0, 0, -1, 0, 0, 0, 0, 0, 0, 0], [0, 0, 0, 0, 0, 0, 0, 0, 0, 0, -1, 0, 0, 0, 0, 0, 0], [0, 0, 0, 0, 0, 0, 0, 0, 0, 0, 0, -1, 0, 0, 0, 0, 0], [0, 0, 0, 0, 0, 0, 0, 0, 0, 0, 0, 0, -1, 0, 0, 0, 0], [0, 0, 0, 0, 0, 0, 0, 0, 0, 0, 0, 0, 0, -1, 0, 0, 0], [0, 0, 0, 0, 0, 0, 0, 0, 0, 0, 0, 0, 0, 0, -1, 0, 0], [0, 0, 0, 0, 0, 0, 0, 0, 0, 0, 0, 0, 0, 0, 0, -1, 0], [0, 0, 0, 0, 0, 0, 0, 0, 0, 0, 0, 0, 0, 0, 0, 0, -1]]
[[1, 0, 0, 0, 0, 0, 0, 0, 0, 0, 0, 0, 0, 0, 0, 0, 0], [0, 1, 0, 0, 0, 0, 0, 0, 0, 0, 0, 0, 0, 0, 0, 0, 0], [0, 0, 1, 0, 0, 0, 0, 0, 0, 0, 0, 0, 0, 0, 0, 0, 0], [0, 0, 0, 1, 0, 0, 0, 0, 0, 0, 0, 0, 0, 0, 0, 0, 0], [0, 0, 0, 0, 1, 0, 0, 0, 0, 0, 0, 0, 0, 0, 0, 0, 0], [0, 0, 0, 0, 0, 1, 0, 0, 0, 0, 0, 0, 0, 0, 0, 0, 0], [0, 0, 0, 0, 0, 0, 1, 0, 0, 0, 0, 0, 0, 0, 0, 0, 0], [0, 0, 0, 0, 0, 0, 0, 1, 0, 0, 0, 0, 0, 0, 0, 0, 0], [0, 0, 0, 0, 0, 0, 0, 0, 1, 0, 0, 0, 0, 0, 0, 0, 0], [0, 0, 0, 0, 0, 0, 0, 0, 0, 1, 0, 0, 0, 0, 0, 0, 0], [0, 0, 0, 0, 0, 0, 0, 0, 0, 0, 1, 0, 0, 0, 0, 0, 0], [0, 0, 0, 0, 0, 0, 0, 0, 0, 0, 0, 1, 0, 0, 0, 0, 0], [0, 0, 0, 0, 0, 0, 0, 0, 0, 0, 0, 0, 1, 0, 0, 0, 0], [0, 0, 0, 0, 0, 0, 0, 0, 0, 0, 0, 0, 0, 1, 0, 0, 0], [0, 0, 0, 0, 0, 0, 0, 0, 0, 0, 0, 0, 0, 0, 1, 0, 0], [0, 0, 0, 0, 0, 0, 0, 0, 0, 0, 0, 0, 0, 0, 0, 1, 0], [0, 0, 0, 0, 0, 0, 0, 0, 0, 0, 0, 0, 0, 0, 0, 0, 1]]
[[2, -1, 0, 0, 0, -2, -2, 0, 1, 0, 1, 1, 1, -1, 0, 0, 1], [0, 0, 0, 0, 0, -1, -1, 0, 0, 0, -1, 0, 0, -1, -1, -1, -1], [1, 1, 1, 0, 0, 0, 0, 0, 1, 0, 1, 1, 0, 0, 1, 1, 1], [0, 0, 0, 1, 0, 0, 0, 0, 0, 0, 2, 0, 1, 1, 1, 1, 2], [1, -2, 0, 0, 1, -3, -3, 0, 1, 0, 0, 1, 1, -2, -1, -1, 0], [0, -1, 0, 0, 0, 0, -1, 0, 0, 0, 1, 0, 1, 0, 0, 0, 1], [1, 0, 0, 0, 0, -1, 0, 0, 1, 0, 0, 1, 0, -1, 0, 0, 0], [-1, 2, 0, 0, 0, 3, 3, 1, -1, 0, 0, -1, -1, 2, 1, 1, 0], [-1, 0, 0, 0, 0, 1, 1, 0, 0, 0, 0, -1, 0, 1, 0, 0, 0], [0, 0, 0, 0, 0, 0, 0, 0, 0, 1, 0, 0, 0, 0, 0, 0, 0], [0, 1, 0, 0, 0, 1, 1, 0, 0, 0, 0, 0, -1, 0, 0, 0, -1], [-1, 0, 0, 0, 0, 1, 1, 0, -1, 0, 0, 0, 0, 1, 0, 0, 0], [0, 1, 0, 0, 0, 1, 1, 0, 0, 0, -1, 0, 0, 0, 0, 0, -1], [0, 0, 0, 0, 0, 0, 0, 0, 0, 0, 0, 0, 0, 1, 0, 0, 0], [-1, 1, 0, 0, 0, 2, 2, 0, -1, 0, -1, -1, -1, 1, 1, 0, -1], [-1, 0, 0, 0, 0, 1, 1, 0, -1, 0, 0, -1, 0, 1, 0, 1, 0], [1, -2, 0, 0, 0, -3, -3, 0, 1, 0, 0, 1, 1, -2, -1, -1, 1]]
[[1, 0, 0, 0, 0, 0, 0, 0, 0, 0, 0, 0, 0, 0, 0, 0, 0], [0, 1, 0, 0, 0, 0, 0, 0, 0, 0, 0, 0, 0, 0, 0, 0, 0], [0, 0, 1, 0, 0, 0, 0, 0, 0, 0, 0, 0, 0, 0, 0, 0, 0], [0, 0, 0, 1, 0, 0, 0, 0, 0, 0, 0, 0, 0, 0, 0, 0, 0], [0, 0, 0, 0, 1, 0, 0, 0, 0, 0, 0, 0, 0, 0, 0, 0, 0], [0, 0, 0, 0, 0, 1, 0, 0, 0, 0, 0, 0, 0, 0, 0, 0, 0], [0, 0, 0, 0, 0, 0, 1, 0, 0, 0, 0, 0, 0, 0, 0, 0, 0], [0, 0, 0, 0, 0, 0, 0, 1, 0, 0, 0, 0, 0, 0, 0, 0, 0], [0, 0, 0, 0, 0, 0, 0, 0, 1, 0, 0, 0, 0, 0, 0, 0, 0], [0, 0, 0, 0, 0, 0, 0, 0, 0, 1, 0, 0, 0, 0, 0, 0, 0], [0, 0, 0, 0, 0, 0, 0, 0, 0, 0, 1, 0, 0, 0, 0, 0, 0], [0, 0, 0, 0, 0, 0, 0, 0, 0, 0, 0, 1, 0, 0, 0, 0, 0], [0, 0, 0, 0, 0, 0, 0, 0, 0, 0, 0, 0, 1, 0, 0, 0, 0], [0, 0, 0, 0, 0, 0, 0, 0, 0, 0, 0, 0, 0, 1, 0, 0, 0], [0, 0, 0, 0, 0, 0, 0, 0, 0, 0, 0, 0, 0, 0, 1, 0, 0], [0, 0, 0, 0, 0, 0, 0, 0, 0, 0, 0, 0, 0, 0, 0, 1, 0], [0, 0, 0, 0, 0, 0, 0, 0, 0, 0, 0, 0, 0, 0, 0, 0, 1]]
[[-1, -1, 0, 0, 1, -1, -1, -1, 0, -1, -1, 0, 0, -1, -1, -1, -1], [0, 0, 0, 0, 0, 1, 1, 0, 0, 0, 1, 0, 0, 1, 1, 1, 1], [-1, -1, -1, 0, 0, 0, 0, 0, -1, 0, -1, -1, 0, 0, -1, -1, -1], [-1, 2, 0, -1, -1, 3, 3, 1, -1, 1, -2, -1, -2, 1, 0, 0, -2], [0, 0, 0, 0, 0, 0, 0, 0, 0, 0, 0, 0, 0, -1, 0, 0, 1], [-1, 3, 0, 0, -1, 3, 4, 1, -1, 1, -1, -1, -2, 2, 1, 1, -1], [-1, 0, 0, 0, 0, 1, 0, 0, -1, 0, 0, -1, 0, 1, 0, 0, 0], [1, -2, 0, 0, 0, -3, -3, 0, 1, 0, 0, 1, 1, -2, -1, -1, 1], [0, 2, 0, 0, -1, 2, 2, 2, -1, 1, 0, 0, -1, 1, 1, 1, 1], [-1, 2, 0, 0, -1, 3, 3, 1, -1, 1, 0, -1, -1, 1, 1, 1, 0], [0, -1, 0, 0, 0, -1, -1, 0, 0, 1, 0, 0, 1, -1, 0, 0, 1], [-1, 4, 0, 0, -2, 5, 5, 1, -1, 1, 0, -2, -2, 4, 2, 2, -1], [-1, 1, 0, 0, -1, 2, 2, 0, -1, 0, 1, -1, -1, 3, 1, 1, 0], [-1, 2, 0, 0, -1, 3, 3, 1, -1, 0, 0, -1, -1, 2, 1, 1, 0], [2, -3, 0, 0, 1, -5, -5, -1, 2, -1, 1, 2, 2, -3, -2, -1, 1], [2, -2, 0, 0, 1, -4, -4, -2, 2, -1, 0, 2, 1, -3, -1, -2, -1], [-1, 2, 0, 0, 0, 3, 3, 1, -1, 0, 0, -1, -1, 2, 1, 1, 0]]
[[-1, 0, -1, -1, -2, 2, 2, 0, 0, 0, 0, -1, -1, 0, 0, 0, 0], [2, -1, 1, 1, 2, -4, -4, 0, 1, 0, 0, 2, 2, -2, -1, -1, 0], [-1, 1, -1, -1, -2, 3, 3, 0, 0, -1, 1, -1, -2, 1, 0, 1, 0], [-1, 0, -1, -1, -2, 2, 2, -1, 0, 0, 0, -2, -1, 1, 1, 0, 0], [0, 0, 1, 1, 1, -2, -2, 0, 0, 0, 0, 1, 1, 0, 0, 0, 0], [1, -1, 0, -1, -1, -2, -1, -1, 1, 1, -1, 0, 0, -1, 0, -1, 0], [-1, 1, -1, 0, -1, 3, 2, 1, -1, -1, 1, -1, -1, 1, 0, 1, 0], [-1, 1, 0, 1, 1, 1, 1, 0, -1, -1, 1, 0, 0, 1, 0, 1, 0], [0, 0, 1, 1, 1, -2, -2, -1, 0, 0, 0, 0, 1, 0, 0, 0, 0], [1, -1, 1, 0, 1, -3, -3, -1, 1, 0, -1, 1, 1, -1, 0, -1, 0], [0, 1, 1, 1, 1, -1, -1, 0, 0, -1, 0, 1, 0, 0, 0, 0, 0], [1, -1, 0, -1, 0, -1, -1, 0, 0, 1, -1, 0, 0, -1, 0, -1, 0], [1, 0, -1, 0, 0, 0, 0, 1, 0, 0, 0, 0, 0, -1, -1, 0, 0], [1, -1, 1, 0, 1, -3, -3, -1, 1, 1, -1, 1, 1, -2, 0, -1, 0], [-2, 1, -1, 1, 0, 3, 3, 1, -2, -1, 1, -1, -1, 2, 0, 1, 0], [-2, 0, -1, -1, -1, 4, 4, 1, -1, 0, 0, -2, -1, 2, 0, 1, 0], [1, -1, 0, -1, -1, -1, -1, -1, 1, 1, -1, 0, 0, -1, 0, -1, -1]]
[[1, -1, 1, 1, 2, -3, -3, 0, 1, 0, 1, 2, 2, -1, 0, 0, 1], [-2, 0, -1, -1, -2, 3, 3, 0, -1, 0, -1, -2, -2, 1, 0, 0, -1], [2, -1, 0, 1, 2, -3, -3, 0, 1, 0, 1, 2, 2, -1, 0, 0, 1], [2, -1, 1, 0, 2, -3, -3, 0, 1, 0, 1, 2, 2, -1, 0, 0, 1], [0, 0, 0, 0, -1, 0, 0, 0, 0, 0, 0, 0, 0, 0, 0, 0, 0], [0, 0, 0, 1, 1, 0, -1, 1, -1, -1, 2, 0, 1, 1, 0, 1, 1], [2, -1, 1, 0, 1, -4, -3, -1, 2, 1, -1, 2, 1, -2, 0, -1, 0], [0, 0, 0, 0, 0, 0, 0, -1, 0, 0, 0, 0, 0, 0, 0, 0, 0], [0, 0, 0, 0, 0, 0, 0, 0, -1, 0, 0, 0, 0, 0, 0, 0, 0], [0, 0, 0, 0, 0, 0, 0, 0, 0, -1, 0, 0, 0, 0, 0, 0, 0], [0, 0, 0, 0, 0, 0, 0, 0, 0, 0, -1, 0, 0, 0, 0, 0, 0], [0, 0, 0, 0, 0, 0, 0, 0, 0, 0, 0, -1, 0, 0, 0, 0, 0], [0, 0, 0, 0, 0, 0, 0, 0, 0, 0, 0, 0, -1, 0, 0, 0, 0], [0, 0, 0, 0, 0, 0, 0, 0, 0, 0, 0, 0, 0, -1, 0, 0, 0], [0, 0, 0, 0, 0, 0, 0, 0, 0, 0, 0, 0, 0, 0, -1, 0, 0], [0, 0, 0, 0, 0, 0, 0, 0, 0, 0, 0, 0, 0, 0, 0, -1, 0], [0, 0, 0, 0, 0, 0, 0, 0, 0, 0, 0, 0, 0, 0, 0, 0, -1]]
[[1, -2, 0, 0, 1, -2, -2, -1, 1, -1, 0, 1, 1, -2, -1, -1, 0], [0, 1, 0, 0, 0, 0, 0, 0, 0, 0, 0, 0, 0, 0, 0, 0, 0], [0, -1, 0, 0, 0, 0, 0, 0, 0, -1, 1, 0, 0, 0, -1, 0, 0], [0, 1, 0, 0, -1, 2, 2, 0, 0, 1, -1, -1, -1, 1, 1, 0, -1], [0, 0, 1, 1, 2, -2, -2, 0, 0, 0, 0, 1, 1, -1, 0, 0, 1], [0, 2, 0, 0, -1, 3, 2, 1, -1, 1, 0, -1, -1, 2, 1, 1, 0], [0, 0, 0, 0, 0, 0, 1, 0, 0, 0, 0, 0, 0, 0, 0, 0, 0], [0, -1, 0, 1, 1, -2, -2, 1, 0, -1, 1, 1, 1, -1, -1, 0, 1], [0, 2, 1, 1, 0, 0, 0, 1, 0, 1, 0, 0, 0, 1, 1, 1, 1], [0, 1, 1, 0, 0, 0, 0, 0, 0, 2, -1, 0, 0, 0, 1, 0, 0], [0, 0, 1, 1, 1, -2, -2, 0, 0, 0, 1, 1, 1, -1, 0, 0, 1], [0, 3, 0, -1, -2, 4, 4, 1, -1, 2, -1, -1, -2, 3, 2, 1, -1], [0, 1, -1, 0, -1, 2, 2, 1, -1, 0, 1, -1, 0, 2, 0, 1, 0], [0, 1, 1, 0, 0, 0, 0, 0, 0, 1, -1, 0, 0, 1, 1, 0, 0], [0, -2, -1, 1, 1, -2, -2, 0, 0, -2, 2, 1, 1, -1, -1, 0, 1], [0, -2, -1, -1, 0, 0, 0, -1, 1, -1, 0, 0, 0, -1, -1, 0, -1], [0, 1, 0, -1, -1, 2, 2, 0, 0, 1, -1, -1, -1, 1, 1, 0, 0]]
[[1, 0, 0, 0, 0, 0, 0, 0, 0, 0, 0, 0, 0, 0, 0, 0, 0], [0, 1, 0, 0, 0, 0, 0, 0, 0, 0, 0, 0, 0, 0, 0, 0, 0], [0, 0, 1, 0, 0, 0, 0, 0, 0, 0, 0, 0, 0, 0, 0, 0, 0], [0, 0, 0, 1, 0, 0, 0, 0, 0, 0, 0, 0, 0, 0, 0, 0, 0], [0, 0, 0, 0, 1, 0, 0, 0, 0, 0, 0, 0, 0, 0, 0, 0, 0], [0, 0, 0, 0, 0, 1, 0, 0, 0, 0, 0, 0, 0, 0, 0, 0, 0], [0, 0, 0, 0, 0, 0, 1, 0, 0, 0, 0, 0, 0, 0, 0, 0, 0], [0, 0, 0, 0, 0, 0, 0, 1, 0, 0, 0, 0, 0, 0, 0, 0, 0], [0, 0, 0, 0, 0, 0, 0, 0, 1, 0, 0, 0, 0, 0, 0, 0, 0], [0, 0, 0, 0, 0, 0, 0, 0, 0, 1, 0, 0, 0, 0, 0, 0, 0], [0, 0, 0, 0, 0, 0, 0, 0, 0, 0, 1, 0, 0, 0, 0, 0, 0], [0, 0, 0, 0, 0, 0, 0, 0, 0, 0, 0, 1, 0, 0, 0, 0, 0], [0, 0, 0, 0, 0, 0, 0, 0, 0, 0, 0, 0, 1, 0, 0, 0, 0], [0, 0, 0, 0, 0, 0, 0, 0, 0, 0, 0, 0, 0, 1, 0, 0, 0], [0, 0, 0, 0, 0, 0, 0, 0, 0, 0, 0, 0, 0, 0, 1, 0, 0], [0, 0, 0, 0, 0, 0, 0, 0, 0, 0, 0, 0, 0, 0, 0, 1, 0], [0, 0, 0, 0, 0, 0, 0, 0, 0, 0, 0, 0, 0, 0, 0, 0, 1]]
[[0, 2, 0, 0, -1, 3, 3, 1, -1, 1, 0, -1, -1, 2, 1, 1, 0], [0, 1, 0, 0, 0, 0, 0, 0, 0, 0, 0, 0, 0, 0, 0, 0, 0], [0, 0, 1, 0, 0, 0, 0, 0, 0, 0, 0, 0, 0, 0, 0, 0, 0], [1, -2, 0, 1, 1, -3, -3, -1, 1, -1, 0, 1, 1, -2, -1, -1, 0], [-1, 2, 0, 0, 0, 3, 3, 0, -1, 0, 0, -1, -1, 3, 1, 1, -1], [1, -2, 0, 0, 1, -2, -3, -1, 1, -1, 0, 1, 1, -2, -1, -1, 0], [0, 0, 0, 0, 0, 0, 1, 0, 0, 0, 0, 0, 0, 0, 0, 0, 0], [0, 0, 0, 0, 0, 0, 0, 0, 0, 0, 0, 0, 0, 0, 0, 0, -1], [1, -2, 0, 0, 1, -3, -3, -2, 2, -1, 0, 1, 1, -2, -1, -1, -1], [1, -2, 0, 0, 1, -3, -3, -1, 1, -1, 0, 1, 1, -1, -1, -1, 0], [0, 0, 0, 0, 0, 0, 0, 0, 0, -1, 1, 0, 0, 1, 0, 0, 0], [2, -4, 0, 0, 2, -6, -6, -1, 2, -1, 0, 3, 2, -5, -2, -2, 1], [1, -2, 0, 0, 1, -3, -3, 0, 1, 0, 0, 1, 2, -3, -1, -1, 1], [1, -2, 0, 0, 1, -3, -3, -1, 1, 0, 0, 1, 1, -2, -1, -1, 0], [-1, 2, 0, 0, -1, 3, 3, 1, -1, 1, 0, -1, -1, 2, 2, 1, 0], [-1, 2, 0, 0, -1, 3, 3, 2, -1, 1, 0, -1, -1, 2, 1, 2, 1], [0, 0, 0, 0, 0, 0, 0, -1, 0, 0, 0, 0, 0, 0, 0, 0, 0]]

Generators of monodromy action on conics:
(7,94)(8,93)(9,97)(10,98)(15,51)(16,52)(17,56)(18,55)(21,73)(22,74)(23,75)(24,76)(25,27)(26,28)(37,113)(38,114)(45,119)(46,120)(69,72)(70,71)(79,105)(80,106)(87,112)(88,111)(121,346)(122,345)(125,348)(126,347)(129,430)(130,429)(131,459)(132,460)(133,453)(134,454)(135,439)(136,440)(137,438)(138,437)(139,401)(140,402)(141,265)(142,266)(143,271)(144,272)(145,357)(146,358)(151,353)(152,354)(155,315)(156,316)(157,308)(158,307)(161,204)(162,203)(163,199)(164,200)(171,173)(172,174)(177,291)(178,292)(181,281)(182,282)(185,395)(186,396)(187,374)(188,373)(189,323)(190,324)(193,313)(194,314)(195,312)(196,311)(197,225)(198,226)(201,231)(202,232)(209,305)(210,306)(219,296)(220,295)(223,299)(224,300)(233,317)(234,318)(235,325)(236,326)(237,239)(238,240)(249,407)(250,408)(251,409)(252,410)(253,431)(254,432)(255,443)(256,444)(257,462)(258,461)(259,451)(260,452)(267,365)(268,366)(269,363)(270,364)(275,339)(276,340)(279,331)(280,332)(379,386)(380,385)(383,389)(384,390)(411,421)(412,422)(415,442)(416,441)(417,449)(418,450)(419,456)(420,455)
(5,49)(6,50)(11,60)(12,59)(13,90)(14,89)(19,95)(20,96)(29,31)(30,32)(33,61)(34,62)(35,63)(36,64)(41,108)(42,107)(47,109)(48,110)(65,68)(66,67)(81,115)(82,116)(83,118)(84,117)(123,294)(124,293)(127,304)(128,303)(131,197)(132,198)(133,202)(134,201)(135,308)(136,307)(139,316)(140,315)(141,143)(142,144)(153,406)(154,405)(155,402)(156,401)(157,439)(158,440)(159,428)(160,427)(161,461)(162,462)(163,451)(164,452)(167,368)(168,367)(171,237)(172,238)(173,239)(174,240)(175,359)(176,360)(179,336)(180,335)(183,333)(184,334)(193,305)(194,306)(199,259)(200,260)(203,257)(204,258)(205,309)(206,310)(209,313)(210,314)(211,321)(212,322)(213,371)(214,372)(215,397)(216,398)(217,341)(218,342)(221,349)(222,350)(225,459)(226,460)(227,433)(228,434)(229,447)(230,448)(231,454)(232,453)(233,444)(234,443)(235,409)(236,410)(243,361)(244,362)(247,355)(248,356)(251,325)(252,326)(255,318)(256,317)(265,271)(266,272)(273,289)(274,290)(277,285)(278,286)(377,381)(378,382)(387,392)(388,391)(411,416)(412,415)(421,441)(422,442)(425,464)(426,463)(435,457)(436,458)
(1,2)(3,4)(5,50)(6,49)(7,93)(8,94)(9,98)(10,97)(11,59)(12,60)(13,89)(14,90)(15,52)(16,51)(17,55)(18,56)(19,96)(20,95)(21,74)(22,73)(23,76)(24,75)(25,28)(26,27)(29,32)(30,31)(33,62)(34,61)(35,64)(36,63)(37,114)(38,113)(39,40)(41,107)(42,108)(43,44)(45,120)(46,119)(47,110)(48,109)(53,54)(57,58)(65,67)(66,68)(69,71)(70,72)(77,78)(79,106)(80,105)(81,116)(82,115)(83,117)(84,118)(85,86)(87,111)(88,112)(91,92)(99,100)(101,102)(103,104)(121,345)(122,346)(123,293)(124,294)(125,347)(126,348)(127,303)(128,304)(129,429)(130,430)(131,226)(132,225)(133,231)(134,232)(135,158)(136,157)(137,437)(138,438)(139,155)(140,156)(141,272)(142,271)(143,266)(144,265)(145,358)(146,357)(147,148)(149,150)(151,354)(152,353)(153,405)(154,406)(159,427)(160,428)(161,257)(162,258)(163,260)(164,259)(165,166)(167,367)(168,368)(169,170)(171,240)(172,239)(173,238)(174,237)(175,360)(176,359)(177,292)(178,291)(179,335)(180,336)(181,282)(182,281)(183,334)(184,333)(185,396)(186,395)(187,373)(188,374)(189,324)(190,323)(191,192)(193,210)(194,209)(195,311)(196,312)(197,460)(198,459)(199,452)(200,451)(201,453)(202,454)(203,461)(204,462)(205,310)(206,309)(207,208)(211,322)(212,321)(213,372)(214,371)(215,398)(216,397)(217,342)(218,341)(219,295)(220,296)(221,350)(222,349)(223,300)(224,299)(227,434)(228,433)(229,448)(230,447)(233,255)(234,256)(235,252)(236,251)(241,242)(243,362)(244,361)(245,246)(247,356)(248,355)(249,408)(250,407)(253,432)(254,431)(261,262)(263,264)(267,366)(268,365)(269,364)(270,363)(273,290)(274,289)(275,340)(276,339)(277,286)(278,285)(279,332)(280,331)(283,284)(287,288)(297,298)(301,302)(305,314)(306,313)(307,439)(308,440)(315,401)(316,402)(317,443)(318,444)(319,320)(325,410)(326,409)(327,328)(329,330)(337,338)(343,344)(351,352)(369,370)(375,376)(377,382)(378,381)(379,385)(380,386)(383,390)(384,389)(387,391)(388,392)(393,394)(399,400)(403,404)(411,442)(412,441)(413,414)(415,421)(416,422)(417,450)(418,449)(419,455)(420,456)(423,424)(425,463)(426,464)(435,458)(436,457)(445,446)
(1,3)(2,4)(39,53)(40,54)(43,57)(44,58)(77,91)(78,92)(85,99)(86,100)(101,103)(102,104)(129,145)(130,146)(137,151)(138,152)(153,167)(154,168)(159,175)(160,176)(189,195)(190,196)(205,211)(206,212)(227,243)(228,244)(229,247)(230,248)(249,268)(250,267)(253,269)(254,270)(283,297)(284,298)(287,301)(288,302)(309,321)(310,322)(311,324)(312,323)(329,344)(330,343)(337,351)(338,352)(353,438)(354,437)(355,447)(356,448)(357,430)(358,429)(359,428)(360,427)(361,433)(362,434)(363,431)(364,432)(365,408)(366,407)(367,405)(368,406)(369,375)(370,376)(393,400)(394,399)(417,420)(418,419)(425,436)(426,435)(449,455)(450,456)(457,463)(458,464)
(1,101)(2,102)(3,103)(4,104)(5,81)(6,82)(7,37)(8,38)(9,45)(10,46)(11,84)(12,83)(13,42)(14,41)(15,79)(16,80)(17,88)(18,87)(19,47)(20,48)(21,23)(22,24)(25,69)(26,70)(27,72)(28,71)(29,66)(30,65)(31,67)(32,68)(33,35)(34,36)(39,77)(40,78)(43,86)(44,85)(49,115)(50,116)(51,105)(52,106)(53,91)(54,92)(55,112)(56,111)(57,100)(58,99)(59,118)(60,117)(61,63)(62,64)(73,75)(74,76)(89,108)(90,107)(93,114)(94,113)(95,109)(96,110)(97,119)(98,120)(121,281)(122,282)(123,333)(124,334)(125,292)(126,291)(127,336)(128,335)(129,357)(130,358)(131,225)(132,226)(133,232)(134,231)(135,157)(136,158)(137,353)(138,354)(139,156)(140,155)(141,271)(142,272)(143,265)(144,266)(145,430)(146,429)(151,438)(152,437)(153,368)(154,367)(159,359)(160,360)(161,258)(162,257)(163,259)(164,260)(167,406)(168,405)(171,239)(172,240)(173,237)(174,238)(175,428)(176,427)(177,347)(178,348)(179,304)(180,303)(181,346)(182,345)(183,294)(184,293)(185,374)(186,373)(187,395)(188,396)(189,312)(190,311)(193,209)(194,210)(195,323)(196,324)(197,459)(198,460)(199,451)(200,452)(201,454)(202,453)(203,462)(204,461)(205,321)(206,322)(211,309)(212,310)(213,398)(214,397)(215,372)(216,371)(217,286)(218,285)(219,331)(220,332)(221,289)(222,290)(223,339)(224,340)(227,361)(228,362)(229,355)(230,356)(233,256)(234,255)(235,251)(236,252)(243,433)(244,434)(247,447)(248,448)(249,366)(250,365)(253,363)(254,364)(267,408)(268,407)(269,431)(270,432)(273,349)(274,350)(275,299)(276,300)(277,342)(278,341)(279,296)(280,295)(283,330)(284,329)(287,337)(288,338)(297,343)(298,344)(301,351)(302,352)(305,313)(306,314)(307,440)(308,439)(315,402)(316,401)(317,444)(318,443)(325,409)(326,410)(369,394)(370,393)(375,399)(376,400)(377,388)(378,387)(379,383)(380,384)(381,391)(382,392)(385,390)(386,389)(411,441)(412,442)(415,422)(416,421)(417,455)(418,456)(419,450)(420,449)(425,458)(426,457)(435,463)(436,464)
