
#########################################################
# DATA FOR CRYSTALLOGRAPHIC QUARTIC SURFACE FAMILY 31.1 #
#########################################################


##################
# GROUP & FAMILY #
##################

Generators of crystallographic group:
[[1, 0, -1, 0], [1, -1, 0, 0], [1, 0, 0, -1], [1, 0, 0, 0]]
[[0, 0, 1, -1], [0, 0, 0, -1], [0, 1, 0, -1], [1, 0, 0, -1]]

Invariant polynomials:
x^4 - x^3*y - x*y^3 + y^4 - x^3*z + x^2*y*z + x*y^2*z - y^3*z + x*y*z^2 - x*z^3 - y*z^3 + z^4 - x^3*w + x^2*y*w + x*y^2*w - y^3*w + x^2*z*w - 3*x*y*z*w + y^2*z*w + x*z^2*w + y*z^2*w - z^3*w + x*y*w^2 + x*z*w^2 + y*z*w^2 - x*w^3 - y*w^3 - z*w^3 + w^4
x^2*y^2 - x^2*y*z - x*y^2*z + x^2*z^2 + y^2*z^2 - x^2*y*w + 2*x*y*z*w - y^2*z*w - x*z^2*w - y*z^2*w + x^2*w^2 - x*y*w^2 + y^2*w^2 - x*z*w^2 + z^2*w^2
-x^2*y*z - x*y^2*z + 2*x*y*z^2 - x^2*y*w + 2*x*y^2*w + 2*x^2*z*w - y^2*z*w - x*z^2*w - y*z^2*w - x*y*w^2 - x*z*w^2 + 2*y*z*w^2

Equivalent crystallographic groups:

############
# HOMOLOGY #
############


Intersection product:
[[-2, -1, -1, 0, -1, -1, -1, -1, -2, 0, -1, -1, -1, -2, 0, -1, -2, -1, 0, -1, -1, 0], [-1, -2, 0, 0, 0, 0, -1, 0, -2, 0, -1, -1, 0, -1, -1, 0, -1, 0, 1, 0, -1, -1], [-1, 0, -2, -1, -1, -1, 0, -1, -1, 0, 0, 0, -1, -1, 2, -1, -2, -1, 0, -2, -1, 0], [0, 0, -1, -2, 0, -1, 0, 0, 0, -1, 0, 0, 0, 0, 1, 0, 0, 0, 0, -1, 0, 0], [-1, 0, -1, 0, -2, -1, 0, -1, -1, 0, 0, 0, -1, -1, 2, -1, -2, -1, 0, -2, -1, 0], [-1, 0, -1, -1, -1, -2, 0, 0, 0, -1, 0, 0, 0, 0, 1, 0, 0, 0, -1, -1, 0, 1], [-1, -1, 0, 0, 0, 0, -2, 0, -2, 0, -1, -1, 0, -1, -1, 0, -1, 0, 1, 0, -1, -1], [-1, 0, -1, 0, -1, 0, 0, -2, -1, 0, 0, 0, -1, -1, 2, -1, -2, -1, 0, -2, -1, 0], [-2, -2, -1, 0, -1, 0, -2, -1, -4, 0, -1, -1, 0, -1, 0, 0, -2, 0, 2, -1, -2, -2], [0, 0, 0, -1, 0, -1, 0, 0, 0, -2, -1, 0, 0, 0, 0, 0, 0, 0, 0, 0, 0, 0], [-1, -1, 0, 0, 0, 0, -1, 0, -1, -1, -2, 0, 0, -1, 0, 0, -1, 0, 1, 0, -1, -1], [-1, -1, 0, 0, 0, 0, -1, 0, -1, 0, 0, -2, 1, 0, -2, 1, 1, 1, -1, 1, 0, 0], [-1, 0, -1, 0, -1, 0, 0, -1, 0, 0, 0, 1, -2, -1, 2, -1, -2, -1, 0, -2, -1, 0], [-2, -1, -1, 0, -1, 0, -1, -1, -1, 0, -1, 0, -1, -2, 1, 0, -1, 0, 0, -1, -1, 0], [0, -1, 2, 1, 2, 1, -1, 2, 0, 0, 0, -2, 2, 1, -6, 2, 3, 2, -1, 4, 1, 0], [-1, 0, -1, 0, -1, 0, 0, -1, 0, 0, 0, 1, -1, 0, 2, -2, -2, -1, 0, -2, -1, 0], [-2, -1, -2, 0, -2, 0, -1, -2, -2, 0, -1, 1, -2, -1, 3, -2, -4, -1, 1, -3, -2, -1], [-1, 0, -1, 0, -1, 0, 0, -1, 0, 0, 0, 1, -1, 0, 2, -1, -1, -2, 0, -2, -1, 0], [0, 1, 0, 0, 0, -1, 1, 0, 2, 0, 1, -1, 0, 0, -1, 0, 1, 0, -4, 1, 1, 2], [-1, 0, -2, -1, -2, -1, 0, -2, -1, 0, 0, 1, -2, -1, 4, -2, -3, -2, 1, -4, -1, 0], [-1, -1, -1, 0, -1, 0, -1, -1, -2, 0, -1, 0, -1, -1, 1, -1, -2, -1, 1, -1, -2, -1], [0, -1, 0, 0, 0, 1, -1, 0, -2, 0, -1, 0, 0, 0, 0, 0, -1, 0, 2, 0, -1, -2]]

Basis of the generic Picard lattice:
[1, 0, 0, 0, 0, 0, 0, 0, 0, 0, 0, 0, 0, 0, 0, 0, 1, -1, 0, 1, -1, -3]
[0, 1, 0, 0, 0, 0, 0, 0, 0, 0, 0, 0, 0, 0, 0, 0, 1, -1, 0, 0, 0, -3]
[0, 0, 1, 0, 0, 0, 0, 0, 0, 0, 0, 0, 0, 0, 0, 0, 1, -1, 0, 0, -1, -1]
[0, 0, 0, 1, 0, 0, 0, 0, 0, 0, 0, 0, 0, 0, 0, 0, 0, 0, 0, 1, -2, 1]
[0, 0, 0, 0, 1, 0, 0, 0, 0, 0, 0, 0, 0, 0, 0, 0, 1, -1, 0, 1, -3, 0]
[0, 0, 0, 0, 0, 1, 0, 0, 0, 0, 0, 0, 0, 0, 0, 0, 0, 0, 0, 1, -2, 0]
[0, 0, 0, 0, 0, 0, 1, 0, 0, 0, 0, 0, 0, 0, 0, 0, 1, -1, 0, 1, -2, -2]
[0, 0, 0, 0, 0, 0, 0, 1, 0, 0, 0, 0, 0, 0, 0, 0, 1, -1, 0, 0, -2, 0]
[0, 0, 0, 0, 0, 0, 0, 0, 1, 0, 0, 0, 0, 0, 0, 0, 1, -1, 0, 0, -2, -2]
[0, 0, 0, 0, 0, 0, 0, 0, 0, 1, 0, 0, 0, 0, 0, 0, 0, 0, 0, 1, -1, 0]
[0, 0, 0, 0, 0, 0, 0, 0, 0, 0, 1, 0, 0, 0, 0, 0, 0, -1, 0, 1, 1, -3]
[0, 0, 0, 0, 0, 0, 0, 0, 0, 0, 0, 1, 0, 0, 0, 0, 0, 0, 0, 1, -3, 2]
[0, 0, 0, 0, 0, 0, 0, 0, 0, 0, 0, 0, 1, 0, 0, 0, 0, -1, 0, 0, 1, -1]
[0, 0, 0, 0, 0, 0, 0, 0, 0, 0, 0, 0, 0, 1, 0, 0, -1, 0, 0, 0, 1, 0]
[0, 0, 0, 0, 0, 0, 0, 0, 0, 0, 0, 0, 0, 0, 1, 0, 0, 0, 0, 1, -1, 1]
[0, 0, 0, 0, 0, 0, 0, 0, 0, 0, 0, 0, 0, 0, 0, 1, 0, -1, 0, 1, -1, 0]
[0, 0, 0, 0, 0, 0, 0, 0, 0, 0, 0, 0, 0, 0, 0, 0, 0, 0, 1, 1, -1, 1]
[0, 0, 0, 0, 0, 0, 0, 0, 0, 0, 0, 0, 0, 0, 0, 0, 0, 0, 0, 2, -3, 1]

Class of hyperplane section:
[1, 0, -1, 1, 0, 3, 0, 3, -3, -2, 0, 0, 0, 0, 1, 0, 0, 0, -1, -1, 0, 3]

Action of the group on homology:
[[1, 1, 2, 0, 2, 1, 0, 3, 2, 0, 1, 0, 3, 3, -2, 3, 4, 3, 0, 2, 2, 0], [0, 0, 0, 0, 1, 0, 0, 0, 0, -1, 0, 0, 1, 1, -1, 1, 1, 1, 0, 1, 0, 0], [0, 0, -1, 0, -1, -1, 1, -1, 0, -1, 0, 1, -1, 0, 1, -2, -2, -1, 0, -1, -1, 0], [0, 1, 1, 0, 1, 1, -1, 1, 1, 1, 1, -1, 1, 1, -2, 2, 3, 1, -1, 1, 2, 1], [0, 1, 0, 0, 0, 0, 0, 0, 1, 0, 1, -1, 1, 1, -1, 1, 2, 1, -2, 1, 1, 1], [-1, -1, 0, 0, 0, 1, -1, 0, -1, 1, -1, 0, -1, -1, 0, 0, 0, -1, 0, 0, 0, 0], [0, 0, 1, 1, 0, 0, 0, 0, 0, -1, 0, 0, 1, 1, -1, 1, 1, 1, 0, 1, 0, 0], [-1, 0, 0, 0, 0, 1, -1, 0, 0, 1, 0, 0, 0, 0, 0, 1, 2, 0, 0, 0, 1, 1], [0, -1, -2, -1, -2, -2, 0, -2, -2, 0, -1, 0, -3, -3, 3, -3, -5, -3, 1, -3, -2, -1], [2, 1, 1, 0, 1, -1, 2, 1, 2, -2, 1, 1, 2, 2, 0, 1, 1, 2, 0, 1, 0, 0], [-2, -1, -2, 0, -2, 0, -1, -2, -2, 2, -1, 0, -3, -3, 2, -3, -3, -3, 0, -2, -1, 0], [1, 0, 1, 0, 1, 1, 0, 1, 0, 0, 0, 0, 1, 1, -1, 0, 0, 1, 1, 1, 0, -1], [0, -1, 0, 0, 0, 1, -1, 0, -1, 1, -1, 0, -1, -1, 0, -1, -1, -1, 1, 0, 0, -1], [0, 0, 0, 0, 0, -1, 1, 0, 1, -1, 0, 0, 0, 0, 0, 0, 0, 0, -1, 0, 0, 1], [-1, 0, -1, 0, -1, 0, 0, -1, 0, 1, 0, 0, -1, -1, 1, -1, 0, -2, -1, -1, 0, 1], [0, -1, 0, 0, 0, 0, 0, 0, 0, 0, -1, 0, -1, -1, 0, -1, -1, -1, 0, 0, -1, 0], [1, 2, 1, 0, 1, 0, 0, 1, 1, -1, 1, 0, 2, 2, -1, 2, 2, 2, 0, 1, 1, 0], [1, 1, 1, 0, 1, 0, 1, 1, 1, -1, 1, 0, 2, 2, -1, 2, 2, 2, 0, 1, 1, 0], [-1, -1, -1, 0, -1, -1, 0, -1, -1, 0, -1, 0, -1, -2, 1, -1, -2, -1, 0, -1, -1, 0], [-2, -2, -2, 0, -2, -1, 0, -2, -2, 1, -1, 0, -2, -3, 2, -3, -3, -3, 0, -2, -2, 0], [0, 0, 0, 1, 0, 1, 0, 0, 0, 2, 1, 0, 0, 0, 0, 0, 0, 0, 0, 0, 0, 0], [-1, -1, 1, 0, 1, 1, 0, 1, 1, 0, -1, 0, 1, 0, -1, 1, 2, 1, -1, 1, 1, 1]]
[[0, 0, 0, 0, 0, 0, 0, 0, 0, 1, 2, -1, 0, 1, -1, 0, 1, 1, -1, 0, 1, 1], [0, -1, 0, 0, 0, 0, 0, 0, 0, 0, -1, 0, -1, -1, 0, -1, -1, -1, 0, 0, -1, 0], [0, -1, 0, 0, 0, 0, 0, -1, -1, -1, -2, 1, -1, -1, 1, -1, -2, -2, 2, -1, -1, -1], [0, 1, 0, 0, 1, 0, 0, 1, 1, 1, 2, -1, 1, 1, -1, 1, 1, 3, -2, 1, 1, 1], [0, 0, 0, 0, 0, -1, 0, 1, 0, 0, 0, 0, 0, 0, 0, 0, -1, 1, 0, 0, 0, 0], [0, 1, 1, 0, 1, 1, 0, 1, 1, 0, 1, -1, 2, 1, -2, 2, 3, 2, -2, 2, 1, 1], [0, -1, 0, 0, 0, 0, 0, 0, 0, 0, -1, 0, -1, -1, 0, -1, -1, -1, 0, 0, 0, 0], [0, 1, 1, 0, 1, 1, 0, 1, 1, 1, 1, -1, 1, 0, -1, 1, 1, 2, -2, 1, 1, 1], [1, 1, 0, 0, 0, 0, 1, 0, 1, -1, 0, 1, 1, 1, 1, 1, 1, 0, 1, 0, 0, -1], [0, -2, -1, -1, -1, -1, 0, -1, -1, -1, -2, 1, -2, -1, 2, -2, -2, -3, 2, -2, -1, -1], [0, 2, 0, 0, 0, 0, 0, 0, 0, 0, 1, 0, 1, 0, 0, 1, 0, 1, 0, 0, 0, 0], [-1, -1, 0, 0, 0, 0, -1, 0, -1, 0, 0, 0, 0, 0, -1, 0, 1, 0, 1, 0, 0, 0], [0, 1, 0, 0, 0, 0, 0, 0, 0, 0, 1, 0, 1, 0, 0, 1, 1, 1, 0, 0, 0, 0], [0, -1, 0, 0, 0, 0, 0, 0, 0, 0, -1, 0, 0, 0, 0, 0, 0, -1, 0, 0, 0, 0], [0, 1, 0, 0, 0, 0, 0, 0, 0, 0, 0, 0, 0, 0, 0, 0, -1, 0, -1, 0, 0, 0], [0, 0, 0, 0, 0, 0, 0, 0, 0, 0, 0, 0, 1, 1, 0, 0, 1, -1, 0, 0, 0, 0], [0, -1, 0, 0, 0, 0, 0, 0, 0, 0, 0, 0, -1, 0, 0, -1, -1, 1, 0, 0, 0, 0], [0, -1, 0, 0, 0, 0, 0, 0, 0, 0, 0, 0, -1, 0, 0, 0, 0, 0, 0, 0, 0, 0], [0, 0, -1, 0, -1, 0, 0, -1, -1, 0, -1, 0, -1, -1, 1, -1, -2, -2, 1, -1, -1, -1], [0, 1, -1, 0, -1, 0, 0, -1, -1, 0, -1, 1, -1, -1, 1, -1, -2, -3, 1, -1, -1, -1], [-1, 1, -1, 0, -1, -1, 0, -1, 0, 0, 0, 0, -1, -1, 1, -1, -1, -1, -1, -1, 0, 1], [0, 0, 0, 0, 0, 1, -1, 0, -1, 1, 0, -1, 0, 0, -1, 0, 0, -1, 0, 0, 0, 0]]

####################
# ALGEBRAIC CURVES #
####################


There are 400 conics:
[3, 0, -3, 4, 1, 2, 0, 3, -3, -2, -1, 0, 0, -1, 0, -1, 2, 1, -2, -4, 0, 1]
[-2, 0, 2, -3, -1, 1, 0, 0, 0, 0, 1, 0, 0, 1, 1, 1, -2, -1, 1, 3, 0, 2]
[2, 0, -2, 2, 0, 2, 0, 3, -3, -2, 0, 1, 0, -1, 0, 0, 1, 0, -1, -2, 0, 2]
[-1, 0, 1, -1, 0, 1, 0, 0, 0, 0, 0, -1, 0, 1, 1, 0, -1, 0, 0, 1, 0, 1]
[2, -1, -2, 2, 0, 2, 0, 2, -2, -2, 0, 1, 1, -1, 0, 0, 0, 0, -1, -2, 1, 2]
[-1, 1, 1, -1, 0, 1, 0, 1, -1, 0, 0, -1, -1, 1, 1, 0, 0, 0, 0, 1, -1, 1]
[2, 0, -2, 2, 1, 2, 0, 2, -3, -2, 0, 1, 0, -1, 0, -1, 1, 1, -1, -2, 0, 2]
[-1, 0, 1, -1, -1, 1, 0, 1, 0, 0, 0, -1, 0, 1, 1, 1, -1, -1, 0, 1, 0, 1]
[2, -1, -1, 1, 0, 2, -1, 2, -2, -2, 1, 1, 0, -1, 1, 0, 0, 0, -1, 0, 0, 2]
[-1, 1, 0, 0, 0, 1, 1, 1, -1, 0, -1, -1, 0, 1, 0, 0, 0, 0, 0, -1, 0, 1]
[2, 0, -2, 2, 0, 2, 0, 3, -3, -2, 0, 0, 0, -1, 1, -1, 1, 1, -1, -1, 0, 2]
[-1, 0, 1, -1, 0, 1, 0, 0, 0, 0, 0, 0, 0, 1, 0, 1, -1, -1, 0, 0, 0, 1]
[1, 0, -2, 2, 0, 3, -1, 3, -2, -3, 1, 0, 0, -1, 1, 0, 0, 0, -1, -1, 0, 2]
[0, 0, 1, -1, 0, 0, 1, 0, -1, 1, -1, 0, 0, 1, 0, 0, 0, 0, 0, 0, 0, 1]
[2, 0, -1, 2, 0, 2, 0, 2, -3, -2, 0, 1, 0, -1, 0, -1, 1, 1, -2, -2, 0, 1]
[-1, 0, 0, -1, 0, 1, 0, 1, 0, 0, 0, -1, 0, 1, 1, 1, -1, -1, 1, 1, 0, 2]
[2, 0, -1, 2, 0, 1, 0, 2, -2, -1, -1, 0, -1, 0, 0, 0, 1, 1, -1, -2, -1, 2]
[-1, 0, 0, -1, 0, 2, 0, 1, -1, -1, 1, 0, 1, 0, 1, 0, -1, -1, 0, 1, 1, 1]
[1, -1, -1, 1, 0, 2, 0, 2, -2, -2, 1, 1, 0, -1, 0, 0, 0, 0, -1, -1, 0, 2]
[0, 1, 0, 0, 0, 1, 0, 1, -1, 0, -1, -1, 0, 1, 1, 0, 0, 0, 0, 0, 0, 1]
[2, 0, -2, 2, 0, 2, -1, 2, -2, -2, 0, 1, 1, -1, 0, 0, 0, 0, -1, -1, 0, 2]
[-1, 0, 1, -1, 0, 1, 1, 1, -1, 0, 0, -1, -1, 1, 1, 0, 0, 0, 0, 0, 0, 1]
[2, -1, -2, 1, 0, 2, 0, 2, -2, -2, 0, 1, 1, -1, 0, 0, 0, 0, -1, -1, 0, 2]
[-1, 1, 1, 0, 0, 1, 0, 1, -1, 0, 0, -1, -1, 1, 1, 0, 0, 0, 0, 0, 0, 1]
[2, -1, -2, 2, 0, 2, -1, 2, -1, -2, 0, 0, 1, -1, 1, 0, 0, 0, -1, -1, 0, 2]
[-1, 1, 1, -1, 0, 1, 1, 1, -2, 0, 0, 0, -1, 1, 0, 0, 0, 0, 0, 0, 0, 1]
[1, 0, -2, 1, 0, 2, 0, 2, -2, -1, 0, 1, 1, -1, 0, 0, 0, 0, -1, -1, 0, 2]
[0, 0, 1, 0, 0, 1, 0, 1, -1, -1, 0, -1, -1, 1, 1, 0, 0, 0, 0, 0, 0, 1]
[2, 0, -1, 1, 0, 1, 0, 1, -2, 0, -1, 1, 0, 0, 0, 0, 0, 1, -1, -1, 0, 2]
[-1, 0, 0, 0, 0, 2, 0, 2, -1, -2, 1, -1, 0, 0, 1, 0, 0, -1, 0, 0, 0, 1]
[2, 0, -2, 2, 0, 2, 0, 2, -2, -2, -1, 0, 0, 0, 0, 0, 0, 1, -1, -2, 0, 2]
[-1, 0, 1, -1, 0, 1, 0, 1, -1, 0, 1, 0, 0, 0, 1, 0, 0, -1, 0, 1, 0, 1]
[2, 0, -1, 1, 0, 1, 1, 1, -2, 0, -2, 1, 0, 0, -1, 0, 1, 1, -2, -3, -1, 1]
[-1, 0, 0, 0, 0, 2, -1, 2, -1, -2, 2, -1, 0, 0, 2, 0, -1, -1, 1, 2, 1, 2]
[1, 0, -1, 0, -1, 2, 0, 2, -2, -1, 0, 1, 0, 0, 0, 1, -1, 0, -1, 0, 0, 2]
[0, 0, 0, 1, 1, 1, 0, 1, -1, -1, 0, -1, 0, 0, 1, -1, 1, 0, 0, -1, 0, 1]
[1, 0, -1, 1, -1, 2, 0, 2, -2, -2, 0, 1, 1, -1, 0, 0, 0, 0, -1, -1, 0, 2]
[0, 0, 0, 0, 1, 1, 0, 1, -1, 0, 0, -1, -1, 1, 1, 0, 0, 0, 0, 0, 0, 1]
[2, 0, -2, 2, 1, 2, 0, 2, -3, -2, 0, 1, 0, -1, 0, 0, 1, 0, -2, -2, 0, 1]
[-1, 0, 1, -1, -1, 1, 0, 1, 0, 0, 0, -1, 0, 1, 1, 0, -1, 0, 1, 1, 0, 2]
[3, 0, -2, 2, 1, 1, 0, 2, -3, -1, -1, 1, 0, -1, 0, -1, 2, 1, -2, -3, 0, 1]
[-2, 0, 1, -1, -1, 2, 0, 1, 0, -1, 1, -1, 0, 1, 1, 1, -2, -1, 1, 2, 0, 2]
[2, 0, -2, 2, 1, 1, 1, 2, -3, -1, -1, 0, -1, 0, 0, 0, 1, 1, -1, -2, 0, 2]
[-1, 0, 1, -1, -1, 2, -1, 1, 0, -1, 1, 0, 1, 0, 1, 0, -1, -1, 0, 1, 0, 1]
[2, -1, -2, 3, 1, 2, -1, 2, -2, -3, 1, 0, 0, -1, 1, 0, 0, 0, -1, -1, 1, 2]
[-1, 1, 1, -2, -1, 1, 1, 1, -1, 1, -1, 0, 0, 1, 0, 0, 0, 0, 0, 0, -1, 1]
[3, 0, -2, 3, 1, 1, 0, 2, -3, -2, -1, 1, 0, -1, -1, -1, 2, 1, -2, -4, 0, 1]
[-2, 0, 1, -2, -1, 2, 0, 1, 0, 0, 1, -1, 0, 1, 2, 1, -2, -1, 1, 3, 0, 2]
[1, 0, -1, 1, 0, 2, 0, 2, -3, -2, 1, 1, 0, -1, 1, 0, 0, 0, -1, 0, 1, 2]
[0, 0, 0, 0, 0, 1, 0, 1, 0, 0, -1, -1, 0, 1, 0, 0, 0, 0, 0, -1, -1, 1]
[2, -1, -2, 2, 0, 2, -1, 3, -2, -3, 1, 0, 0, -1, 1, 0, 0, 0, -1, -1, 1, 2]
[-1, 1, 1, -1, 0, 1, 1, 0, -1, 1, -1, 0, 0, 1, 0, 0, 0, 0, 0, 0, -1, 1]
[2, 0, -1, 1, 0, 1, 0, 1, -2, -1, -1, 1, 0, 0, 0, 1, 0, 0, -1, -1, 0, 2]
[-1, 0, 0, 0, 0, 2, 0, 2, -1, -1, 1, -1, 0, 0, 1, -1, 0, 0, 0, 0, 0, 1]
[2, 0, -2, 2, 0, 2, -1, 2, -2, -2, 0, 1, 1, -1, 0, 0, 0, 0, -2, -2, 1, 1]
[-1, 0, 1, -1, 0, 1, 1, 1, -1, 0, 0, -1, -1, 1, 1, 0, 0, 0, 1, 1, -1, 2]
[1, 0, -1, 1, 0, 2, 0, 2, -2, -1, 0, 1, 0, 0, 0, 0, 0, 0, -1, -1, -1, 2]
[0, 0, 0, 0, 0, 1, 0, 1, -1, -1, 0, -1, 0, 0, 1, 0, 0, 0, 0, 0, 1, 1]
[1, -1, -2, 2, 0, 3, 0, 3, -2, -3, 1, 0, 1, -1, 1, -1, 0, 0, -1, -1, 0, 2]
[0, 1, 1, -1, 0, 0, 0, 0, -1, 1, -1, 0, -1, 1, 0, 1, 0, 0, 0, 0, 0, 1]
[2, -1, -2, 3, 1, 2, 0, 3, -3, -3, 1, 0, 0, -1, 1, -1, 1, 0, -1, -1, 0, 2]
[-1, 1, 1, -2, -1, 1, 0, 0, 0, 1, -1, 0, 0, 1, 0, 1, -1, 0, 0, 0, 0, 1]
[2, -1, -2, 3, 1, 2, -1, 3, -2, -3, 1, 0, 0, -1, 1, -1, 1, 0, -1, -2, 0, 2]
[-1, 1, 1, -2, -1, 1, 1, 0, -1, 1, -1, 0, 0, 1, 0, 1, -1, 0, 0, 1, 0, 1]
[2, -1, -2, 2, 1, 2, 0, 2, -2, -2, 0, 0, 0, 0, 1, 0, 0, 0, -1, -1, 0, 2]
[-1, 1, 1, -1, -1, 1, 0, 1, -1, 0, 0, 0, 0, 0, 0, 0, 0, 0, 0, 0, 0, 1]
[1, -1, -2, 2, 0, 3, -1, 3, -2, -3, 2, 0, 1, -1, 2, 0, -1, -1, -1, 1, 1, 2]
[0, 1, 1, -1, 0, 0, 1, 0, -1, 1, -2, 0, -1, 1, -1, 0, 1, 1, 0, -2, -1, 1]
[2, 0, -2, 2, 0, 2, -1, 3, -2, -2, 0, 0, 0, 0, 1, 0, 0, 0, -1, -1, 0, 2]
[-1, 0, 1, -1, 0, 1, 1, 0, -1, 0, 0, 0, 0, 0, 0, 0, 0, 0, 0, 0, 0, 1]
[1, -1, -2, 1, 0, 3, -1, 3, -2, -3, 2, 1, 1, -1, 1, 0, -1, -1, -1, 0, 1, 2]
[0, 1, 1, 0, 0, 0, 1, 0, -1, 1, -2, -1, -1, 1, 0, 0, 1, 1, 0, -1, -1, 1]
[1, -1, -2, 2, 0, 3, -1, 3, -2, -4, 2, 0, 1, -1, 2, 0, -1, -1, 0, 1, 1, 3]
[0, 1, 1, -1, 0, 0, 1, 0, -1, 2, -2, 0, -1, 1, -1, 0, 1, 1, -1, -2, -1, 0]
[2, 0, -2, 2, 0, 2, 0, 3, -3, -2, 0, 1, 1, -1, 0, -1, 1, 0, -2, -2, 0, 1]
[-1, 0, 1, -1, 0, 1, 0, 0, 0, 0, 0, -1, -1, 1, 1, 1, -1, 0, 1, 1, 0, 2]
[1, -1, -1, 1, 0, 2, 0, 2, -2, -2, 1, 1, 1, -1, 1, 0, 0, -1, -1, 0, 0, 2]
[0, 1, 0, 0, 0, 1, 0, 1, -1, 0, -1, -1, -1, 1, 0, 0, 0, 1, 0, -1, 0, 1]
[2, -1, -1, 1, 0, 1, 0, 2, -2, -1, 0, 1, 0, 0, 0, 0, 0, 0, -1, -1, 0, 2]
[-1, 1, 0, 0, 0, 2, 0, 1, -1, -1, 0, -1, 0, 0, 1, 0, 0, 0, 0, 0, 0, 1]
[1, 0, -1, 1, 0, 2, 1, 2, -3, -2, 0, 1, 0, 0, 0, 0, 0, 0, -1, -1, 0, 2]
[0, 0, 0, 0, 0, 1, -1, 1, 0, 0, 0, -1, 0, 0, 1, 0, 0, 0, 0, 0, 0, 1]
[2, -1, -2, 3, 0, 2, -1, 3, -2, -3, 1, 0, 1, -1, 1, -1, 0, 0, -1, -1, 1, 2]
[-1, 1, 1, -2, 0, 1, 1, 0, -1, 1, -1, 0, -1, 1, 0, 1, 0, 0, 0, 0, -1, 1]
[1, 0, -1, 2, 0, 2, 0, 2, -2, -2, 0, 0, 0, 0, 1, 0, 0, 0, -1, -1, 0, 2]
[0, 0, 0, -1, 0, 1, 0, 1, -1, 0, 0, 0, 0, 0, 0, 0, 0, 0, 0, 0, 0, 1]
[1, 0, -2, 2, 0, 2, 0, 3, -2, -2, 0, 0, 0, 0, 0, 0, 0, 0, -1, -2, 0, 2]
[0, 0, 1, -1, 0, 1, 0, 0, -1, 0, 0, 0, 0, 0, 1, 0, 0, 0, 0, 1, 0, 1]
[2, -1, -2, 3, 1, 2, 0, 3, -3, -3, 1, 0, 0, -1, 1, -1, 1, 0, -2, -2, 1, 1]
[-1, 1, 1, -2, -1, 1, 0, 0, 0, 1, -1, 0, 0, 1, 0, 1, -1, 0, 1, 1, -1, 2]
[2, -1, -3, 3, 1, 2, -1, 3, -2, -3, 1, 0, 1, -1, 1, 0, 0, -1, -1, -1, 1, 2]
[-1, 1, 2, -2, -1, 1, 1, 0, -1, 1, -1, 0, -1, 1, 0, 0, 0, 1, 0, 0, -1, 1]
[2, 0, -2, 2, 1, 1, 0, 2, -2, -1, -1, 0, 0, 0, 0, -1, 1, 1, -1, -2, -1, 2]
[-1, 0, 1, -1, -1, 2, 0, 1, -1, -1, 1, 0, 0, 0, 1, 1, -1, -1, 0, 1, 1, 1]
[1, 0, -1, 1, 0, 2, 0, 2, -2, -2, 0, 0, 0, 0, 1, 0, 0, 0, -1, 0, -1, 2]
[0, 0, 0, 0, 0, 1, 0, 1, -1, 0, 0, 0, 0, 0, 0, 0, 0, 0, 0, -1, 1, 1]
[1, 0, -1, 1, 0, 2, -1, 2, -2, -2, 1, 1, 1, -1, 1, -1, 0, 0, -1, 0, 0, 2]
[0, 0, 0, 0, 0, 1, 1, 1, -1, 0, -1, -1, -1, 1, 0, 1, 0, 0, 0, -1, 0, 1]
[1, -1, -1, 1, 0, 2, -1, 2, -1, -2, 1, 0, 0, 0, 1, 0, -1, 0, -1, 0, 0, 2]
[0, 1, 0, 0, 0, 1, 1, 1, -2, 0, -1, 0, 0, 0, 0, 0, 1, 0, 0, -1, 0, 1]
[1, 0, 0, 0, 0, 1, 0, 1, -1, 0, -1, 0, 0, 0, 0, 0, 1, 0, -1, -2, 0, 0]
[0, 0, -1, 1, 0, 2, 0, 2, -2, -2, 1, 0, 0, 0, 1, 0, -1, 0, 0, 1, 0, 3]
[1, 0, -2, 2, 1, 2, 0, 3, -3, -3, 1, 0, 0, -1, 1, -1, 1, 0, -1, -1, 0, 2]
[0, 0, 1, -1, -1, 1, 0, 0, 0, 1, -1, 0, 0, 1, 0, 1, -1, 0, 0, 0, 0, 1]
[2, 0, -1, 2, 1, 1, 0, 2, -3, -2, 0, 0, -1, 0, 1, -1, 1, 1, -1, -1, 0, 2]
[-1, 0, 0, -1, -1, 2, 0, 1, 0, 0, 0, 0, 1, 0, 0, 1, -1, -1, 0, 0, 0, 1]
[1, 0, -1, 1, 1, 1, 0, 1, -2, -1, 0, 1, 0, 0, 0, 0, 0, 0, -1, -1, 0, 2]
[0, 0, 0, 0, -1, 2, 0, 2, -1, -1, 0, -1, 0, 0, 1, 0, 0, 0, 0, 0, 0, 1]
[1, -1, -1, 1, 0, 2, -1, 2, -2, -3, 2, 1, 1, -1, 1, 0, -1, -1, -1, 1, 1, 2]
[0, 1, 0, 0, 0, 1, 1, 1, -1, 1, -2, -1, -1, 1, 0, 0, 1, 1, 0, -2, -1, 1]
[1, 0, -1, 1, 0, 1, 0, 2, -2, -1, 0, 0, 0, 0, 1, 0, 0, 0, -1, 0, 0, 2]
[0, 0, 0, 0, 0, 2, 0, 1, -1, -1, 0, 0, 0, 0, 0, 0, 0, 0, 0, -1, 0, 1]
[1, 0, -1, 2, 1, 1, 0, 2, -2, -2, 0, -1, 0, 0, 1, -1, 1, 0, -1, -1, 0, 1]
[0, 0, 0, -1, -1, 2, 0, 1, -1, 0, 0, 1, 0, 0, 0, 1, -1, 0, 0, 0, 0, 2]
[1, 1, 0, 0, -1, 1, 1, 1, -2, 1, -2, 1, 0, 0, -1, 0, 1, 1, -1, -2, -1, 1]
[0, -1, -1, 1, 1, 2, -1, 2, -1, -3, 2, -1, 0, 0, 2, 0, -1, -1, 0, 1, 1, 2]
[1, -1, 0, 0, -1, 2, 0, 1, -1, -1, 0, 1, 1, -1, 0, 0, 0, 0, -1, -1, 0, 1]
[0, 1, -1, 1, 1, 1, 0, 2, -2, -1, 0, -1, -1, 1, 1, 0, 0, 0, 0, 0, 0, 2]
[1, 0, -1, 1, 0, 2, 0, 2, -2, -1, 0, 0, 0, -1, 1, 0, 1, 0, -1, -1, 0, 1]
[0, 0, 0, 0, 0, 1, 0, 1, -1, -1, 0, 0, 0, 1, 0, 0, -1, 0, 0, 0, 0, 2]
[2, 0, -1, 1, 0, 1, 0, 2, -2, 0, -1, 0, -1, 0, 0, 0, 1, 1, -1, -2, 0, 1]
[-1, 0, 0, 0, 0, 2, 0, 1, -1, -2, 1, 0, 1, 0, 1, 0, -1, -1, 0, 1, 0, 2]
[1, -1, -1, 1, 0, 2, 0, 2, -2, -2, 1, 0, 0, -1, 1, 0, 0, 0, 0, 0, 1, 2]
[0, 1, 0, 0, 0, 1, 0, 1, -1, 0, -1, 0, 0, 1, 0, 0, 0, 0, -1, -1, -1, 1]
[1, 1, -1, 1, 0, 2, 1, 2, -3, -1, -1, 0, -1, 0, 0, 0, 1, 1, -1, -2, 0, 1]
[0, -1, 0, 0, 0, 1, -1, 1, 0, -1, 1, 0, 1, 0, 1, 0, -1, -1, 0, 1, 0, 2]
[1, 0, -1, 2, 0, 2, 0, 2, -2, -2, 0, 0, 0, -1, 0, 0, 1, 0, -1, -2, 0, 1]
[0, 0, 0, -1, 0, 1, 0, 1, -1, 0, 0, 0, 0, 1, 1, 0, -1, 0, 0, 1, 0, 2]
[2, 0, -1, 2, 0, 1, 0, 2, -2, -1, -1, 0, 0, -1, 0, -1, 2, 1, -1, -3, 0, 1]
[-1, 0, 0, -1, 0, 2, 0, 1, -1, -1, 1, 0, 0, 1, 1, 1, -2, -1, 0, 2, 0, 2]
[1, 0, 0, 1, 0, 1, 1, 1, -2, 0, -1, 0, -1, 0, 0, 0, 1, 1, -1, -2, 0, 1]
[0, 0, -1, 0, 0, 2, -1, 2, -1, -2, 1, 0, 1, 0, 1, 0, -1, -1, 0, 1, 0, 2]
[2, 0, -1, 1, 0, 1, 1, 1, -2, 0, -2, 0, 0, 0, 0, 0, 1, 1, -1, -2, 0, 1]
[-1, 0, 0, 0, 0, 2, -1, 2, -1, -2, 2, 0, 0, 0, 1, 0, -1, -1, 0, 1, 0, 2]
[1, 0, -1, 1, 0, 2, 0, 1, -2, -1, 0, 1, 1, -1, 0, 0, 0, 0, -1, -1, 1, 1]
[0, 0, 0, 0, 0, 1, 0, 2, -1, -1, 0, -1, -1, 1, 1, 0, 0, 0, 0, 0, -1, 2]
[2, -1, -2, 2, 0, 2, -1, 2, -1, -2, 0, 0, 1, -1, 0, 0, 0, 0, -1, -2, 1, 1]
[-1, 1, 1, -1, 0, 1, 1, 1, -2, 0, 0, 0, -1, 1, 1, 0, 0, 0, 0, 1, -1, 2]
[2, 1, -1, 1, 0, 1, 0, 1, -2, 0, -2, 1, 0, 0, -1, 0, 1, 1, -1, -3, 0, 1]
[-1, -1, 0, 0, 0, 2, 0, 2, -1, -2, 2, -1, 0, 0, 2, 0, -1, -1, 0, 2, 0, 2]
[1, 0, -1, 1, 0, 1, 0, 1, -1, 0, -1, 0, 0, 0, 0, 1, 0, 0, 0, -1, 0, 2]
[0, 0, 0, 0, 0, 2, 0, 2, -2, -2, 1, 0, 0, 0, 1, -1, 0, 0, -1, 0, 0, 1]
[1, 0, -1, 1, 0, 2, 0, 1, -1, -1, -1, 0, 0, 0, 0, 1, 0, 0, -1, -2, 0, 1]
[0, 0, 0, 0, 0, 1, 0, 2, -2, -1, 1, 0, 0, 0, 1, -1, 0, 0, 0, 1, 0, 2]
[1, 0, -1, 0, -1, 2, 0, 2, -2, -1, 0, 1, 1, -1, 0, 0, 0, 0, -1, -1, 1, 1]
[0, 0, 0, 1, 1, 1, 0, 1, -1, -1, 0, -1, -1, 1, 1, 0, 0, 0, 0, 0, -1, 2]
[1, 0, 0, 0, -1, 1, 0, 1, -1, 0, -1, 1, 0, 0, -1, 1, 0, 0, -1, -2, 0, 1]
[0, 0, -1, 1, 1, 2, 0, 2, -2, -2, 1, -1, 0, 0, 2, -1, 0, 0, 0, 1, 0, 2]
[1, 0, -1, 1, 0, 2, 0, 2, -2, -1, 0, 0, 0, 0, 1, 0, 0, 0, 0, 0, 0, 2]
[0, 0, 0, 0, 0, 1, 0, 1, -1, -1, 0, 0, 0, 0, 0, 0, 0, 0, -1, -1, 0, 1]
[1, 0, -1, 1, 0, 2, 1, 2, -2, -1, -1, 0, 0, 0, 0, 0, 1, 0, -1, -2, -1, 1]
[0, 0, 0, 0, 0, 1, -1, 1, -1, -1, 1, 0, 0, 0, 1, 0, -1, 0, 0, 1, 1, 2]
[1, 0, -1, 1, 0, 2, 0, 2, -2, -1, 0, 1, 1, -1, 0, -1, 1, 0, -1, -2, 0, 1]
[0, 0, 0, 0, 0, 1, 0, 1, -1, -1, 0, -1, -1, 1, 1, 1, -1, 0, 0, 1, 0, 2]
[1, -1, -1, 1, 0, 2, 0, 2, -1, -1, 0, 0, 0, 0, 0, 0, 0, 0, -1, -2, 0, 1]
[0, 1, 0, 0, 0, 1, 0, 1, -2, -1, 0, 0, 0, 0, 1, 0, 0, 0, 0, 1, 0, 2]
[1, -1, -1, 2, 0, 2, 0, 2, -1, -2, 0, -1, 0, 0, 1, 0, 0, 0, 0, -1, 0, 2]
[0, 1, 0, -1, 0, 1, 0, 1, -2, 0, 0, 1, 0, 0, 0, 0, 0, 0, -1, 0, 0, 1]
[1, 0, 0, 0, 0, 1, -1, 1, -1, -1, 0, 0, 0, 0, 1, 0, 0, 0, -1, 0, 0, 1]
[0, 0, -1, 1, 0, 2, 1, 2, -2, -1, 0, 0, 0, 0, 0, 0, 0, 0, 0, -1, 0, 2]
[1, 0, 0, 0, -1, 2, 0, 2, -2, -1, 0, 1, 0, 0, 0, 0, 0, 0, -1, -1, 0, 1]
[0, 0, -1, 1, 1, 1, 0, 1, -1, -1, 0, -1, 0, 0, 1, 0, 0, 0, 0, 0, 0, 2]
[1, 1, -1, 1, 1, 1, 0, 1, -2, -1, -1, 0, 0, 0, 0, -1, 1, 1, -1, -2, 0, 1]
[0, -1, 0, 0, -1, 2, 0, 2, -1, -1, 1, 0, 0, 0, 1, 1, -1, -1, 0, 1, 0, 2]
[1, 0, -1, 1, 1, 1, -1, 1, -1, -1, 0, 0, 0, 0, 0, 0, 0, 0, -1, -1, 0, 1]
[0, 0, 0, 0, -1, 2, 1, 2, -2, -1, 0, 0, 0, 0, 1, 0, 0, 0, 0, 0, 0, 2]
[1, 1, 0, 0, 1, 0, 1, 0, -2, 1, -2, 0, -1, 1, 0, 0, 1, 1, -1, -1, -1, 1]
[0, -1, -1, 1, -1, 3, -1, 3, -1, -3, 2, 0, 1, -1, 1, 0, -1, -1, 0, 0, 1, 2]
[1, 1, 0, 1, 1, 0, 0, 1, -2, 0, -1, 0, -1, 0, 0, -1, 2, 1, -1, -2, -1, 1]
[0, -1, -1, 0, -1, 3, 0, 2, -1, -2, 1, 0, 1, 0, 1, 1, -2, -1, 0, 1, 1, 2]
[1, 0, -1, 1, 1, 1, 0, 2, -2, -1, 0, -1, -1, 0, 1, -1, 1, 1, -1, -1, 0, 1]
[0, 0, 0, 0, -1, 2, 0, 1, -1, -1, 0, 1, 1, 0, 0, 1, -1, -1, 0, 0, 0, 2]
[1, 0, -1, 1, -1, 2, 0, 2, -1, -1, -1, 0, 1, 0, 0, 0, 0, 0, -1, -2, 0, 1]
[0, 0, 0, 0, 1, 1, 0, 1, -2, -1, 1, 0, -1, 0, 1, 0, 0, 0, 0, 1, 0, 2]
[2, 0, -1, 2, 1, 1, 1, 2, -3, -1, -1, 0, -1, 0, 0, -1, 2, 1, -1, -3, 0, 1]
[-1, 0, 0, -1, -1, 2, -1, 1, 0, -1, 1, 0, 1, 0, 1, 1, -2, -1, 0, 2, 0, 2]
[1, 0, -1, 2, 0, 2, 0, 3, -3, -2, 1, 0, 0, -1, 1, -1, 1, 0, -1, -1, 1, 1]
[0, 0, 0, -1, 0, 1, 0, 0, 0, 0, -1, 0, 0, 1, 0, 1, -1, 0, 0, 0, -1, 2]
[1, 0, -1, 2, 0, 2, 0, 3, -2, -2, 0, -1, -1, 0, 1, 0, 1, 0, -1, -2, 0, 1]
[0, 0, 0, -1, 0, 1, 0, 0, -1, 0, 0, 1, 1, 0, 0, 0, -1, 0, 0, 1, 0, 2]
[1, 0, -2, 2, 0, 3, -1, 3, -2, -3, 1, 0, 1, -1, 1, 0, 0, -1, -1, -1, 1, 1]
[0, 0, 1, -1, 0, 0, 1, 0, -1, 1, -1, 0, -1, 1, 0, 0, 0, 1, 0, 0, -1, 2]
[1, -1, -1, 1, 0, 2, -1, 2, -1, -2, 1, 0, 0, 0, 1, 1, -1, -1, 0, 0, 1, 2]
[0, 1, 0, 0, 0, 1, 1, 1, -2, 0, -1, 0, 0, 0, 0, -1, 1, 1, -1, -1, -1, 1]
[1, 0, -1, 1, 0, 2, 0, 2, -2, -1, 0, 0, 0, 0, 1, 0, 0, 0, -1, -1, 1, 1]
[0, 0, 0, 0, 0, 1, 0, 1, -1, -1, 0, 0, 0, 0, 0, 0, 0, 0, 0, 0, -1, 2]
[1, 0, -2, 2, 0, 2, 0, 3, -2, -2, 0, -1, 0, 0, 1, 0, 0, 0, 0, -1, 1, 2]
[0, 0, 1, -1, 0, 1, 0, 0, -1, 0, 0, 1, 0, 0, 0, 0, 0, 0, -1, 0, -1, 1]
[2, 0, -1, 2, 0, 1, 0, 2, -2, -1, -1, 0, 0, 0, 0, 0, 1, 0, -1, -2, 0, 1]
[-1, 0, 0, -1, 0, 2, 0, 1, -1, -1, 1, 0, 0, 0, 1, 0, -1, 0, 0, 1, 0, 2]
[1, -1, -1, 1, 0, 2, 0, 2, -2, -2, 1, 1, 1, -1, 0, 0, 0, -1, -1, -1, 1, 1]
[0, 1, 0, 0, 0, 1, 0, 1, -1, 0, -1, -1, -1, 1, 1, 0, 0, 1, 0, 0, -1, 2]
[1, 0, -1, 1, 0, 1, 1, 2, -2, 0, -1, 0, 0, 0, 0, 0, 1, 0, -1, -2, 0, 1]
[0, 0, 0, 0, 0, 2, -1, 1, -1, -2, 1, 0, 0, 0, 1, 0, -1, 0, 0, 1, 0, 2]
[1, -1, -1, 2, 0, 2, -1, 2, -1, -2, 1, 0, 1, -1, 1, 0, 0, -1, -1, -1, 1, 1]
[0, 1, 0, -1, 0, 1, 1, 1, -2, 0, -1, 0, -1, 1, 0, 0, 0, 1, 0, 0, -1, 2]
[1, 0, -1, 2, 0, 2, 0, 2, -2, -2, 0, 0, 0, 0, 0, 0, 0, 0, -1, -2, 1, 1]
[0, 0, 0, -1, 0, 1, 0, 1, -1, 0, 0, 0, 0, 0, 1, 0, 0, 0, 0, 1, -1, 2]
[1, 0, 0, 0, 0, 1, 1, 1, -2, 0, -1, 0, -1, 0, 0, 0, 1, 1, -1, -1, -1, 1]
[0, 0, -1, 1, 0, 2, -1, 2, -1, -2, 1, 0, 1, 0, 1, 0, -1, -1, 0, 0, 1, 2]
[1, 1, 0, 0, 0, 1, 0, 1, -2, 0, -1, 1, -1, 0, -1, 0, 1, 1, -1, -2, -1, 1]
[0, -1, -1, 1, 0, 2, 0, 2, -1, -2, 1, -1, 1, 0, 2, 0, -1, -1, 0, 1, 1, 2]
[1, 0, 0, 0, 0, 1, 0, 1, -2, 0, 0, 1, 0, -1, 0, -1, 1, 1, -1, -1, 0, 1]
[0, 0, -1, 1, 0, 2, 0, 2, -1, -2, 0, -1, 0, 1, 1, 1, -1, -1, 0, 0, 0, 2]
[1, 0, 0, 0, 0, 1, 0, 1, -1, 0, -1, 0, -1, 0, 0, 0, 1, 1, -1, -2, -1, 1]
[0, 0, -1, 1, 0, 2, 0, 2, -2, -2, 1, 0, 1, 0, 1, 0, -1, -1, 0, 1, 1, 2]
[1, 0, -1, 1, 0, 2, 0, 2, -2, -2, 0, 0, 0, -1, 0, -1, 1, 1, -1, -2, 0, 1]
[0, 0, 0, 0, 0, 1, 0, 1, -1, 0, 0, 0, 0, 1, 1, 1, -1, -1, 0, 1, 0, 2]
[1, -1, -1, 1, 0, 2, -1, 2, -1, -2, 1, 0, 1, 0, 1, 0, -1, -1, -1, 0, 1, 1]
[0, 1, 0, 0, 0, 1, 1, 1, -2, 0, -1, 0, -1, 0, 0, 0, 1, 1, 0, -1, -1, 2]
[1, 0, -1, 0, 0, 2, -1, 1, -1, -1, 0, 1, 1, -1, 0, 0, 0, 0, -1, -1, 0, 1]
[0, 0, 0, 1, 0, 1, 1, 2, -2, -1, 0, -1, -1, 1, 1, 0, 0, 0, 0, 0, 0, 2]
[1, 0, 0, 1, 0, 1, 0, 2, -2, -1, 0, 0, 0, 0, 1, -1, 1, 0, -1, -1, 0, 1]
[0, 0, -1, 0, 0, 2, 0, 1, -1, -1, 0, 0, 0, 0, 0, 1, -1, 0, 0, 0, 0, 2]
[1, 0, -1, 0, 0, 1, 0, 1, -1, 0, -1, 0, 0, 0, 0, 0, 0, 1, 0, -1, 0, 2]
[0, 0, 0, 1, 0, 2, 0, 2, -2, -2, 1, 0, 0, 0, 1, 0, 0, -1, -1, 0, 0, 1]
[2, 0, 0, 0, 0, 0, 0, 0, -1, 1, -2, 1, 0, 0, -1, 0, 1, 1, -1, -2, -1, 1]
[-1, 0, -1, 1, 0, 3, 0, 3, -2, -3, 2, -1, 0, 0, 2, 0, -1, -1, 0, 1, 1, 2]
[1, 1, 0, 0, 0, 1, 1, 0, -2, 0, -2, 1, 0, 0, -1, 0, 1, 1, -1, -2, -1, 1]
[0, -1, -1, 1, 0, 2, -1, 3, -1, -2, 2, -1, 0, 0, 2, 0, -1, -1, 0, 1, 1, 2]
[1, 1, -1, 1, 0, 1, 0, 1, -1, 0, -2, 0, 0, 0, -1, 0, 1, 1, -1, -3, -1, 1]
[0, -1, 0, 0, 0, 2, 0, 2, -2, -2, 2, 0, 0, 0, 2, 0, -1, -1, 0, 2, 1, 2]
[1, 0, 0, 0, 0, 1, 0, 0, -1, 0, -1, 1, 0, 0, -1, 0, 0, 1, -1, -2, 0, 1]
[0, 0, -1, 1, 0, 2, 0, 3, -2, -2, 1, -1, 0, 0, 2, 0, 0, -1, 0, 1, 0, 2]
[1, 0, -1, 2, 1, 1, 0, 2, -2, -1, 0, 0, 0, 0, 0, -1, 1, 0, -1, -2, 0, 1]
[0, 0, 0, -1, -1, 2, 0, 1, -1, -1, 0, 0, 0, 0, 1, 1, -1, 0, 0, 1, 0, 2]
[1, 0, -2, 2, 1, 2, 0, 3, -2, -2, 0, -1, 0, 0, 1, -1, 1, 0, -1, -2, 0, 1]
[0, 0, 1, -1, -1, 1, 0, 0, -1, 0, 0, 1, 0, 0, 0, 1, -1, 0, 0, 1, 0, 2]
[1, 0, 0, 0, -1, 1, 0, 1, -1, 0, -1, 0, 0, 0, 0, 0, 0, 1, -1, -1, 0, 1]
[0, 0, -1, 1, 1, 2, 0, 2, -2, -2, 1, 0, 0, 0, 1, 0, 0, -1, 0, 0, 0, 2]
[2, 0, -1, 1, 1, 1, 0, 1, -2, -1, -1, 0, -1, 0, 0, 0, 1, 1, -1, -2, 0, 1]
[-1, 0, 0, 0, -1, 2, 0, 2, -1, -1, 1, 0, 1, 0, 1, 0, -1, -1, 0, 1, 0, 2]
[1, 1, -1, 1, 1, 1, 0, 1, -2, 0, -1, 0, -1, 0, 0, 0, 1, 1, -1, -2, 0, 1]
[0, -1, 0, 0, -1, 2, 0, 2, -1, -2, 1, 0, 1, 0, 1, 0, -1, -1, 0, 1, 0, 2]
[2, 0, -1, 2, 1, 1, 0, 1, -2, -1, -1, 0, 0, -1, 0, -1, 2, 1, -2, -3, 0, 0]
[-1, 0, 0, -1, -1, 2, 0, 2, -1, -1, 1, 0, 0, 1, 1, 1, -2, -1, 1, 2, 0, 3]
[1, 0, -1, 1, 0, 2, -1, 2, -2, -2, 1, 0, 0, -1, 1, 0, 0, 0, -1, 0, 1, 1]
[0, 0, 0, 0, 0, 1, 1, 1, -1, 0, -1, 0, 0, 1, 0, 0, 0, 0, 0, -1, -1, 2]
[1, 0, 0, 0, 0, 1, 0, 1, -2, -1, 0, 1, 0, -1, 0, 0, 1, 0, -1, -1, 0, 1]
[0, 0, -1, 1, 0, 2, 0, 2, -1, -1, 0, -1, 0, 1, 1, 0, -1, 0, 0, 0, 0, 2]
[1, 1, 0, 1, 0, 1, 0, 1, -2, -1, -1, 0, -1, 0, 0, 0, 1, 1, -1, -2, 0, 1]
[0, -1, -1, 0, 0, 2, 0, 2, -1, -1, 1, 0, 1, 0, 1, 0, -1, -1, 0, 1, 0, 2]
[1, 0, -1, 0, 0, 1, 0, 1, -1, 0, -1, 0, 0, 0, 0, 1, 0, 0, -1, -1, 0, 1]
[0, 0, 0, 1, 0, 2, 0, 2, -2, -2, 1, 0, 0, 0, 1, -1, 0, 0, 0, 0, 0, 2]
[1, 1, 0, 0, 0, 0, 1, 0, -2, 1, -2, 1, 0, 0, -1, 0, 1, 1, -1, -2, 0, 1]
[0, -1, -1, 1, 0, 3, -1, 3, -1, -3, 2, -1, 0, 0, 2, 0, -1, -1, 0, 1, 0, 2]
[1, -1, -1, 1, 0, 2, -1, 2, -1, -2, 1, 0, 1, -1, 1, -1, 0, 0, 0, 0, 0, 2]
[0, 1, 0, 0, 0, 1, 1, 1, -2, 0, -1, 0, -1, 1, 0, 1, 0, 0, -1, -1, 0, 1]
[1, 1, -1, 1, 0, 2, 0, 2, -2, -1, -1, 0, 0, 0, 0, -1, 1, 1, -1, -2, -1, 1]
[0, -1, 0, 0, 0, 1, 0, 1, -1, -1, 1, 0, 0, 0, 1, 1, -1, -1, 0, 1, 1, 2]
[1, 0, 0, 0, 0, 1, 0, 1, -2, -1, 0, 1, 0, 0, 0, 0, 0, 0, -1, -1, 1, 1]
[0, 0, -1, 1, 0, 2, 0, 2, -1, -1, 0, -1, 0, 0, 1, 0, 0, 0, 0, 0, -1, 2]
[1, 0, -1, 1, 0, 1, 0, 2, -2, -1, 0, 0, 0, 0, 0, 0, 0, 0, -1, -1, 1, 1]
[0, 0, 0, 0, 0, 2, 0, 1, -1, -1, 0, 0, 0, 0, 1, 0, 0, 0, 0, 0, -1, 2]
[1, 0, 0, 1, 0, 1, 0, 1, -2, -1, 0, 0, 0, 0, 1, 0, 0, 0, -1, 0, 1, 1]
[0, 0, -1, 0, 0, 2, 0, 2, -1, -1, 0, 0, 0, 0, 0, 0, 0, 0, 0, -1, -1, 2]
[1, 1, -1, 1, 0, 1, 0, 2, -2, -1, -1, 0, 0, 0, 0, 0, 1, 0, -1, -2, 0, 1]
[0, -1, 0, 0, 0, 2, 0, 1, -1, -1, 1, 0, 0, 0, 1, 0, -1, 0, 0, 1, 0, 2]
[1, 0, 0, 0, 0, 1, 0, 1, -1, 0, -1, 0, -1, 1, 0, 0, 0, 1, 0, -1, -1, 2]
[0, 0, -1, 1, 0, 2, 0, 2, -2, -2, 1, 0, 1, -1, 1, 0, 0, -1, -1, 0, 1, 1]
[1, 0, 0, 0, 0, 1, 1, 1, -2, 0, -1, 1, 0, 0, -1, -1, 1, 1, -1, -2, -1, 1]
[0, 0, -1, 1, 0, 2, -1, 2, -1, -2, 1, -1, 0, 0, 2, 1, -1, -1, 0, 1, 1, 2]
[1, 0, 0, 1, 0, 1, 0, 1, -1, 0, -1, 0, 0, 0, 0, -1, 1, 1, -1, -2, -1, 1]
[0, 0, -1, 0, 0, 2, 0, 2, -2, -2, 1, 0, 0, 0, 1, 1, -1, -1, 0, 1, 1, 2]
[1, 0, -1, 1, 1, 1, 1, 1, -2, -1, -1, 0, 0, 0, 0, 0, 1, 0, -1, -2, 0, 1]
[0, 0, 0, 0, -1, 2, -1, 2, -1, -1, 1, 0, 0, 0, 1, 0, -1, 0, 0, 1, 0, 2]
[1, 1, -1, 2, 1, 1, 0, 1, -2, -1, -1, 0, 0, 0, 0, 0, 1, 0, -1, -2, 0, 1]
[0, -1, 0, -1, -1, 2, 0, 2, -1, -1, 1, 0, 0, 0, 1, 0, -1, 0, 0, 1, 0, 2]
[1, 0, -1, 1, 1, 1, 0, 1, -2, -1, 0, 0, 0, 0, 1, 0, 0, 0, 0, 0, 1, 2]
[0, 0, 0, 0, -1, 2, 0, 2, -1, -1, 0, 0, 0, 0, 0, 0, 0, 0, -1, -1, -1, 1]
[1, 0, -2, 2, 1, 2, 0, 2, -2, -2, 0, -1, 0, 0, 1, 0, 0, 0, -1, -1, 1, 1]
[0, 0, 1, -1, -1, 1, 0, 1, -1, 0, 0, 1, 0, 0, 0, 0, 0, 0, 0, 0, -1, 2]
[1, 0, -2, 3, 1, 2, -1, 3, -2, -3, 1, -1, 0, -1, 1, -1, 1, 0, -1, -2, 1, 1]
[0, 0, 1, -2, -1, 1, 1, 0, -1, 1, -1, 1, 0, 1, 0, 1, -1, 0, 0, 1, -1, 2]
[1, 1, -1, 2, 1, 1, 1, 2, -3, -1, -1, -1, -1, 0, 1, -1, 2, 1, -1, -2, 0, 1]
[0, -1, 0, -1, -1, 2, -1, 1, 0, -1, 1, 1, 1, 0, 0, 1, -2, -1, 0, 1, 0, 2]
[1, 0, -1, 2, 1, 1, 0, 2, -2, -2, 0, -1, -1, 0, 1, 0, 1, 0, 0, -1, 0, 2]
[0, 0, 0, -1, -1, 2, 0, 1, -1, 0, 0, 1, 1, 0, 0, 0, -1, 0, -1, 0, 0, 1]
[1, 0, -1, 2, 1, 2, 0, 2, -3, -3, 1, 0, 0, -1, 1, -1, 1, 0, -1, -1, 1, 1]
[0, 0, 0, -1, -1, 1, 0, 1, 0, 1, -1, 0, 0, 1, 0, 1, -1, 0, 0, 0, -1, 2]
[1, 0, -1, 1, 1, 1, 0, 2, -2, -1, 0, 0, -1, 0, 0, 0, 1, 0, -1, -2, 0, 1]
[0, 0, 0, 0, -1, 2, 0, 1, -1, -1, 0, 0, 1, 0, 1, 0, -1, 0, 0, 1, 0, 2]
[1, 0, 0, 1, 1, 1, 0, 1, -2, -1, 0, 0, -1, 0, 1, 0, 1, 0, -1, -1, 0, 1]
[0, 0, -1, 0, -1, 2, 0, 2, -1, -1, 0, 0, 1, 0, 0, 0, -1, 0, 0, 0, 0, 2]
[1, 0, -1, 2, 1, 1, 0, 2, -2, -1, 0, -1, -1, 0, 1, 0, 1, 0, -1, -1, 0, 1]
[0, 0, 0, -1, -1, 2, 0, 1, -1, -1, 0, 1, 1, 0, 0, 0, -1, 0, 0, 0, 0, 2]
[2, 1, -1, 2, 1, 1, 0, 2, -3, -1, -1, 0, -1, 0, 0, -1, 2, 1, -2, -3, 0, 0]
[-1, -1, 0, -1, -1, 2, 0, 1, 0, -1, 1, 0, 1, 0, 1, 1, -2, -1, 1, 2, 0, 3]
[2, -1, -1, 2, 1, 1, -1, 2, -2, -2, 1, 0, 0, -1, 1, -1, 1, 0, -1, -1, 1, 1]
[-1, 1, 0, -1, -1, 2, 1, 1, -1, 0, -1, 0, 0, 1, 0, 1, -1, 0, 0, 0, -1, 2]
[2, 0, -1, 2, 1, 1, 0, 2, -2, -1, -1, -1, -1, 0, 1, -1, 2, 1, -1, -2, -1, 1]
[-1, 0, 0, -1, -1, 2, 0, 1, -1, -1, 1, 1, 1, 0, 0, 1, -2, -1, 0, 1, 1, 2]
[1, 1, -1, 1, 1, 1, 1, 2, -3, 0, -1, 0, -1, 0, 0, -1, 2, 1, -1, -2, -1, 1]
[0, -1, 0, 0, -1, 2, -1, 1, 0, -2, 1, 0, 1, 0, 1, 1, -2, -1, 0, 1, 1, 2]
[1, 0, -1, 2, 1, 2, -1, 2, -2, -2, 1, 0, 0, -1, 1, -1, 1, 0, -1, -1, 0, 1]
[0, 0, 0, -1, -1, 1, 1, 1, -1, 0, -1, 0, 0, 1, 0, 1, -1, 0, 0, 0, 0, 2]
[1, -1, -1, 1, 1, 2, 0, 2, -2, -2, 1, 0, 0, -1, 1, -1, 1, 0, -1, -1, 0, 1]
[0, 1, 0, 0, -1, 1, 0, 1, -1, 0, -1, 0, 0, 1, 0, 1, -1, 0, 0, 0, 0, 2]
[1, 0, -1, 2, 1, 1, 0, 2, -2, -1, 0, -1, -1, 0, 1, -1, 1, 1, 0, -1, 0, 2]
[0, 0, 0, -1, -1, 2, 0, 1, -1, -1, 0, 1, 1, 0, 0, 1, -1, -1, -1, 0, 0, 1]
[1, 0, -1, 2, 1, 2, 0, 2, -2, -2, 0, -1, -1, 0, 1, -1, 1, 1, -1, -2, 0, 1]
[0, 0, 0, -1, -1, 1, 0, 1, -1, 0, 0, 1, 1, 0, 0, 1, -1, -1, 0, 1, 0, 2]
[1, 0, -1, 2, 1, 1, 1, 2, -2, -1, -1, -1, -1, 0, 0, -1, 2, 1, -1, -3, -1, 1]
[0, 0, 0, -1, -1, 2, -1, 1, -1, -1, 1, 1, 1, 0, 1, 1, -2, -1, 0, 2, 1, 2]
[1, 0, -2, 2, 1, 2, -1, 2, -1, -2, 0, -1, 0, 0, 1, 0, 0, 0, 0, -1, 0, 2]
[0, 0, 1, -1, -1, 1, 1, 1, -2, 0, 0, 1, 0, 0, 0, 0, 0, 0, -1, 0, 0, 1]
[1, 0, -1, 1, 1, 1, 0, 1, -1, 0, -1, 0, 0, 0, 0, 0, 1, 0, -1, -2, -1, 1]
[0, 0, 0, 0, -1, 2, 0, 2, -2, -2, 1, 0, 0, 0, 1, 0, -1, 0, 0, 1, 1, 2]
[1, 0, -2, 2, 1, 2, 0, 2, -2, -2, 0, 0, 1, -1, 0, -1, 1, 0, -1, -2, 0, 1]
[0, 0, 1, -1, -1, 1, 0, 1, -1, 0, 0, 0, -1, 1, 1, 1, -1, 0, 0, 1, 0, 2]
[2, 0, -1, 2, 1, 1, 0, 1, -2, -1, -1, 0, 0, 0, 0, -1, 1, 1, -1, -2, 0, 1]
[-1, 0, 0, -1, -1, 2, 0, 2, -1, -1, 1, 0, 0, 0, 1, 1, -1, -1, 0, 1, 0, 2]
[1, -1, -1, 1, 1, 1, 0, 1, -1, -1, 0, 0, 0, 0, 0, 0, 0, 0, 0, -1, 0, 2]
[0, 1, 0, 0, -1, 2, 0, 2, -2, -1, 0, 0, 0, 0, 1, 0, 0, 0, -1, 0, 0, 1]
[1, 1, -1, 1, 1, 1, 1, 1, -2, 0, -2, 0, -1, 1, -1, 0, 1, 1, -1, -3, -1, 1]
[0, -1, 0, 0, -1, 2, -1, 2, -1, -2, 2, 0, 1, -1, 2, 0, -1, -1, 0, 2, 1, 2]
[1, 0, -1, 1, 1, 1, 1, 1, -2, 0, -1, 0, 0, 0, 0, -1, 1, 1, -1, -2, 0, 1]
[0, 0, 0, 0, -1, 2, -1, 2, -1, -2, 1, 0, 0, 0, 1, 1, -1, -1, 0, 1, 0, 2]
[1, 0, -1, 1, 0, 2, -1, 3, -2, -2, 1, 0, 0, -1, 1, -1, 1, 0, -1, -1, 0, 1]
[0, 0, 0, 0, 0, 1, 1, 0, -1, 0, -1, 0, 0, 1, 0, 1, -1, 0, 0, 0, 0, 2]
[1, 0, -1, 1, 0, 1, 0, 1, -1, -1, -1, 0, 1, 0, 0, 0, 0, 0, 0, -1, 0, 2]
[0, 0, 0, 0, 0, 2, 0, 2, -2, -1, 1, 0, -1, 0, 1, 0, 0, 0, -1, 0, 0, 1]
[1, 0, -1, 0, 0, 1, 0, 1, -1, 0, -1, 1, 1, 0, -1, 0, 0, 0, -1, -2, 0, 1]
[0, 0, 0, 1, 0, 2, 0, 2, -2, -2, 1, -1, -1, 0, 2, 0, 0, 0, 0, 1, 0, 2]
[1, 0, 0, 0, 0, 1, 0, 0, -1, 0, -1, 1, 1, 0, 0, 0, 0, 0, -1, -1, 0, 1]
[0, 0, -1, 1, 0, 2, 0, 3, -2, -2, 1, -1, -1, 0, 1, 0, 0, 0, 0, 0, 0, 2]
[1, 0, -1, 1, 0, 1, 0, 1, -1, 0, -1, 0, 1, 0, 0, 0, 0, 0, -1, -1, 0, 1]
[0, 0, 0, 0, 0, 2, 0, 2, -2, -2, 1, 0, -1, 0, 1, 0, 0, 0, 0, 0, 0, 2]
[1, 1, 0, 1, 0, 1, 1, 2, -3, -1, -1, 0, -1, 0, 0, -1, 2, 1, -1, -2, -1, 1]
[0, -1, -1, 0, 0, 2, -1, 1, 0, -1, 1, 0, 1, 0, 1, 1, -2, -1, 0, 1, 1, 2]
[1, 0, -1, 0, 0, 1, 0, 1, -1, 0, -1, 0, 0, 1, 0, 1, -1, 0, 0, 0, 0, 2]
[0, 0, 0, 1, 0, 2, 0, 2, -2, -2, 1, 0, 0, -1, 1, -1, 1, 0, -1, -1, 0, 1]
[1, 0, 0, 1, 0, 1, 0, 2, -2, -1, 0, 0, -1, 0, 0, -1, 1, 1, -1, -2, 0, 1]
[0, 0, -1, 0, 0, 2, 0, 1, -1, -1, 0, 0, 1, 0, 1, 1, -1, -1, 0, 1, 0, 2]
[1, 0, -1, 0, 0, 2, 0, 2, -2, -1, 0, 0, 0, 0, 1, 0, 0, 0, -1, 0, 0, 1]
[0, 0, 0, 1, 0, 1, 0, 1, -1, -1, 0, 0, 0, 0, 0, 0, 0, 0, 0, -1, 0, 2]
[1, 0, 0, 1, 0, 1, 1, 1, -2, -1, -1, 0, 0, 0, 0, -1, 1, 1, -1, -2, 0, 1]
[0, 0, -1, 0, 0, 2, -1, 2, -1, -1, 1, 0, 0, 0, 1, 1, -1, -1, 0, 1, 0, 2]
[1, 1, 1, 0, 0, 0, 1, 0, -2, 1, -2, 1, -1, 1, -1, 0, 1, 1, -1, -2, -1, 1]
[0, -1, -2, 1, 0, 3, -1, 3, -1, -3, 2, -1, 1, -1, 2, 0, -1, -1, 0, 1, 1, 2]
[1, -1, 0, 1, 0, 1, 0, 1, -1, -1, 0, 0, 0, 0, 0, 0, 0, 0, -1, -1, 0, 1]
[0, 1, -1, 0, 0, 2, 0, 2, -2, -1, 0, 0, 0, 0, 1, 0, 0, 0, 0, 0, 0, 2]
[1, -1, -1, 1, 0, 2, -1, 2, -1, -2, 1, -1, 0, 0, 2, 0, -1, 0, 0, 1, 1, 2]
[0, 1, 0, 0, 0, 1, 1, 1, -2, 0, -1, 1, 0, 0, -1, 0, 1, 0, -1, -2, -1, 1]
[1, 0, 0, 1, 0, 1, 0, 1, -1, -1, -1, 0, 0, 0, 0, 0, 1, 0, -1, -2, -1, 1]
[0, 0, -1, 0, 0, 2, 0, 2, -2, -1, 1, 0, 0, 0, 1, 0, -1, 0, 0, 1, 1, 2]
[1, 0, 0, 1, 0, 1, 0, 1, -2, -1, 0, 1, 1, -1, 0, -1, 1, 0, -1, -1, 0, 1]
[0, 0, -1, 0, 0, 2, 0, 2, -1, -1, 0, -1, -1, 1, 1, 1, -1, 0, 0, 0, 0, 2]
[1, -1, -1, 1, 0, 2, -1, 2, -1, -2, 1, 0, 1, -1, 1, 0, 0, -1, -1, 0, 0, 1]
[0, 1, 0, 0, 0, 1, 1, 1, -2, 0, -1, 0, -1, 1, 0, 0, 0, 1, 0, -1, 0, 2]
[1, 1, 0, 0, 0, 1, 0, 1, -2, 0, -1, 1, 0, 0, 0, 0, 1, 0, -1, -1, -1, 1]
[0, -1, -1, 1, 0, 2, 0, 2, -1, -2, 1, -1, 0, 0, 1, 0, -1, 0, 0, 0, 1, 2]
[1, 0, -1, 1, 0, 2, 0, 2, -2, -2, 0, 0, 1, -1, 1, -1, 1, 0, -1, -1, 0, 1]
[0, 0, 0, 0, 0, 1, 0, 1, -1, 0, 0, 0, -1, 1, 0, 1, -1, 0, 0, 0, 0, 2]
[1, 0, 0, 0, 0, 1, 1, 1, -2, 0, -1, 0, -1, 1, 0, 0, 0, 1, -1, -1, 0, 1]
[0, 0, -1, 1, 0, 2, -1, 2, -1, -2, 1, 0, 1, -1, 1, 0, 0, -1, 0, 0, 0, 2]
[1, 0, 0, 0, 0, 1, 0, 1, -2, 0, 0, 1, 0, 0, 0, 0, 0, 0, -1, 0, 0, 1]
[0, 0, -1, 1, 0, 2, 0, 2, -1, -2, 0, -1, 0, 0, 1, 0, 0, 0, 0, -1, 0, 2]
[1, 0, 0, 0, 0, 1, 0, 1, -1, 0, -1, 0, -1, 1, 0, 1, 0, 0, -1, -1, -1, 1]
[0, 0, -1, 1, 0, 2, 0, 2, -2, -2, 1, 0, 1, -1, 1, -1, 0, 0, 0, 0, 1, 2]
[1, -1, 0, 0, 0, 1, 0, 1, -1, 0, 0, 0, 0, 0, 1, 0, 0, 0, -1, 0, 0, 1]
[0, 1, -1, 1, 0, 2, 0, 2, -2, -2, 0, 0, 0, 0, 0, 0, 0, 0, 0, -1, 0, 2]
[1, 0, 0, 0, 0, 1, -1, 1, -1, 0, 0, 1, 0, 0, 0, 0, 0, 0, -1, -1, 0, 1]
[0, 0, -1, 1, 0, 2, 1, 2, -2, -2, 0, -1, 0, 0, 1, 0, 0, 0, 0, 0, 0, 2]
[1, 0, -1, 1, 0, 2, 0, 2, -2, -2, 0, 0, 0, 0, 0, 0, 0, 0, -1, -1, 0, 1]
[0, 0, 0, 0, 0, 1, 0, 1, -1, 0, 0, 0, 0, 0, 1, 0, 0, 0, 0, 0, 0, 2]
[1, 0, 0, 0, 0, 1, 0, 1, -2, -1, 0, 1, 0, 0, 0, 0, 0, 0, 0, 0, 0, 2]
[0, 0, -1, 1, 0, 2, 0, 2, -1, -1, 0, -1, 0, 0, 1, 0, 0, 0, -1, -1, 0, 1]
[1, -1, -1, 1, 0, 2, -1, 2, -1, -2, 1, 0, 1, -1, 1, -1, 0, 0, -1, -1, 1, 1]
[0, 1, 0, 0, 0, 1, 1, 1, -2, 0, -1, 0, -1, 1, 0, 1, 0, 0, 0, 0, -1, 2]
[1, 1, -1, 1, 0, 1, 0, 2, -2, 0, -1, 0, 0, 0, 0, -1, 1, 1, -1, -2, 0, 1]
[0, -1, 0, 0, 0, 2, 0, 1, -1, -2, 1, 0, 0, 0, 1, 1, -1, -1, 0, 1, 0, 2]
[1, -1, -1, 1, 0, 2, 0, 2, -2, -2, 1, 0, 1, -1, 1, -1, 0, 0, -1, 0, 1, 1]
[0, 1, 0, 0, 0, 1, 0, 1, -1, 0, -1, 0, -1, 1, 0, 1, 0, 0, 0, -1, -1, 2]
[1, 1, 0, 0, 0, 1, 1, 1, -3, 0, -1, 1, 0, 0, 0, -1, 1, 1, -1, -1, 0, 1]
[0, -1, -1, 1, 0, 2, -1, 2, 0, -2, 1, -1, 0, 0, 1, 1, -1, -1, 0, 0, 0, 2]
[2, 0, -1, 1, 0, 1, 0, 2, -2, -1, -1, 0, 0, 0, 0, -1, 1, 1, -1, -2, 0, 1]
[-1, 0, 0, 0, 0, 2, 0, 1, -1, -1, 1, 0, 0, 0, 1, 1, -1, -1, 0, 1, 0, 2]
[1, 0, -1, 1, 0, 2, -1, 2, -2, -2, 1, 1, 1, -1, 0, -1, 0, 0, -1, -1, 1, 1]
[0, 0, 0, 0, 0, 1, 1, 1, -1, 0, -1, -1, -1, 1, 1, 1, 0, 0, 0, 0, -1, 2]
[1, 0, -1, 1, 0, 2, -1, 2, -1, -2, 0, 0, 0, 0, 0, 0, 0, 0, -1, -2, 0, 1]
[0, 0, 0, 0, 0, 1, 1, 1, -2, 0, 0, 0, 0, 0, 1, 0, 0, 0, 0, 1, 0, 2]
[1, 0, -1, 1, 0, 1, -1, 2, -1, -1, 0, 0, 0, 0, 0, 0, 0, 0, 0, -1, 0, 2]
[0, 0, 0, 0, 0, 2, 1, 1, -2, -1, 0, 0, 0, 0, 1, 0, 0, 0, -1, 0, 0, 1]
[1, -1, -1, 1, 0, 1, 0, 2, -1, -1, 0, -1, 0, 0, 1, 0, 0, 0, 0, 0, 0, 2]
[0, 1, 0, 0, 0, 2, 0, 1, -2, -1, 0, 1, 0, 0, 0, 0, 0, 0, -1, -1, 0, 1]
[1, 1, 0, 0, 0, 1, 1, 1, -2, 0, -2, 0, -1, 1, 0, 0, 1, 1, -1, -2, -1, 1]
[0, -1, -1, 1, 0, 2, -1, 2, -1, -2, 2, 0, 1, -1, 1, 0, -1, -1, 0, 1, 1, 2]
[1, 1, -1, 1, 0, 1, 1, 2, -2, 0, -2, -1, -1, 1, 0, 0, 1, 1, -1, -2, -1, 1]
[0, -1, 0, 0, 0, 2, -1, 1, -1, -2, 2, 1, 1, -1, 1, 0, -1, -1, 0, 1, 1, 2]
[1, 1, 0, 0, 0, 0, 1, 1, -2, 1, -2, 0, -1, 1, 0, 0, 1, 1, 0, -1, -1, 2]
[0, -1, -1, 1, 0, 3, -1, 2, -1, -3, 2, 0, 1, -1, 1, 0, -1, -1, -1, 0, 1, 1]
[1, 0, -1, 2, 0, 2, -1, 2, -1, -2, 0, -1, 0, 0, 1, 0, 0, 0, -1, -1, 0, 1]
[0, 0, 0, -1, 0, 1, 1, 1, -2, 0, 0, 1, 0, 0, 0, 0, 0, 0, 0, 0, 0, 2]
[1, -1, -1, 1, 0, 2, 0, 2, -1, -2, 0, -1, 0, 0, 1, 0, 0, 0, -1, -1, 0, 1]
[0, 1, 0, 0, 0, 1, 0, 1, -2, 0, 0, 1, 0, 0, 0, 0, 0, 0, 0, 0, 0, 2]
[1, 0, 0, 1, 0, 1, -1, 1, -1, -1, 0, 0, 0, 0, 1, 0, 0, 0, 0, 0, 0, 2]
[0, 0, -1, 0, 0, 2, 1, 2, -2, -1, 0, 0, 0, 0, 0, 0, 0, 0, -1, -1, 0, 1]
[1, -1, 0, 0, 0, 1, 0, 1, -1, -1, 0, 0, 0, 0, 1, 0, 0, 0, 0, 0, 0, 2]
[0, 1, -1, 1, 0, 2, 0, 2, -2, -1, 0, 0, 0, 0, 0, 0, 0, 0, -1, -1, 0, 1]

################
# DISCRIMINANT #
################

The discriminant has 5 components of degree 1, 3 components of degree 2, 1 component of degree 5, and 1 component of degree 10:
3*Z[0] - Z[1] + Z[2]
4*Z[0]^2 + 49*Z[0]*Z[1] + 16*Z[0]*Z[2] + 11*Z[1]^2 - 2*Z[1]*Z[2] - 9*Z[2]^2
45*Z[0]^2 - 48*Z[0]*Z[1] - 24*Z[0]*Z[2] + 16*Z[1]^2 + 32*Z[1]*Z[2] + 32*Z[2]^2
Z[0]
Z[0] + 8*Z[1] - 8*Z[2]
Z[0]*Z[1] - Z[1]^2 - 2*Z[1]*Z[2] - Z[2]^2

#############
# MONODROMY #
#############


Generators of the monodromy group on the second homology group:
[[-1, -1, -1, 1, -1, 0, -1, -1, -2, 0, -1, -1, -1, -1, -2, -1, -1, -1, 0, 1, -1, 0], [0, 0, 1, 0, 1, 0, 0, 1, 1, 0, 0, 0, 1, 0, -1, 1, 2, 1, 0, 1, 1, 1], [0, 1, -1, -1, -1, 0, 0, -1, 1, 0, 0, 0, -1, 0, 1, -1, 1, -2, 0, -1, 1, 1], [0, -1, 1, 2, 1, 1, 0, 1, -1, 1, 0, 0, 1, 0, -2, 1, 0, 1, 0, 2, -1, -1], [0, 0, 0, 1, 0, 1, 0, 0, 0, 1, 0, 0, 0, 0, -1, -1, 0, 0, 0, 1, 0, 0], [0, -1, 2, 0, 2, -1, 0, 2, -1, 0, 0, 0, 2, 0, 1, 2, -2, 2, 0, -1, -1, -1], [0, 0, 0, 0, 0, 0, 0, 0, 0, 0, -1, 0, 0, -1, 1, 0, 0, 0, 1, 0, 0, 0], [0, -1, 2, 1, 2, 0, 0, 2, -1, 1, 0, 0, 1, -1, 0, 2, -2, 2, 0, 0, -1, -1], [0, 0, 0, -1, 0, -1, 0, 0, -1, -1, 0, 1, 0, 0, 2, 0, -2, 0, 2, -2, -1, -2], [0, 1, -2, -1, -2, 1, 0, -2, 2, -1, 0, 0, -2, 1, -1, -2, 4, -2, 0, 1, 2, 2], [0, 0, 1, 0, 1, -2, 0, 1, -2, 1, 1, 0, 1, -1, 3, 1, -5, 1, 0, -3, -2, -2], [0, 1, -1, 0, -1, 0, 0, -1, 2, -1, 0, 0, -1, 1, -1, -1, 2, -1, -2, 1, 1, 2], [0, 0, 1, 0, 1, -1, 0, 0, -1, -1, 0, 0, 1, 0, 1, 1, -2, 1, 0, -1, -1, -1], [0, 0, -1, -1, -1, 1, 0, -1, 1, 0, 0, 0, -1, 0, 0, -1, 2, -1, 0, 0, 1, 1], [0, 0, 0, 0, 0, 0, 1, 0, 0, 1, 1, 0, 0, 0, 1, 0, -1, 0, -1, -1, 0, 0], [0, 0, 0, -1, -1, -1, 0, 0, 0, -1, 0, 0, 0, 0, 1, 0, 0, 0, 0, -1, 0, 0], [0, 0, 0, 2, 0, 2, 0, 0, 1, 1, 0, 0, 0, 1, -3, 0, 3, 0, 0, 3, 1, 1], [0, 0, -1, 0, 0, 1, 0, 0, 1, 0, 0, 0, 0, 1, -2, 0, 3, 0, 0, 2, 1, 1], [0, 0, 0, -1, 0, -1, 0, 0, -1, 0, 0, 0, 0, -1, 2, 0, -2, 0, 1, -2, -1, -1], [0, 1, -1, -2, -1, -2, 1, -1, 0, 0, 1, 0, -1, -1, 4, -1, -3, -1, -1, -4, 0, 0], [0, 0, 0, 0, 0, 0, 0, 0, 0, 0, 0, -1, 0, 0, -1, 0, 0, 0, -2, 1, 0, 0], [0, 0, 0, -1, 0, -1, 0, 0, -1, 0, 0, 0, 0, -1, 2, 0, -2, 0, 0, -2, -1, 0]]
[[1, 0, 0, 0, 0, 2, 0, -2, 0, -1, -1, 0, -2, 0, -1, -2, 0, -2, 0, 1, 0, 0], [-1, -1, 0, 0, 0, 0, -1, 0, -1, 0, -1, -2, 0, -1, -2, 0, 0, 0, -1, 1, 0, 0], [0, 0, -1, 0, -1, 0, 1, 0, 1, 1, 0, -1, 0, 0, -1, -1, 1, -1, -2, 1, 1, 1], [0, 0, 1, 0, 1, 0, -1, 0, -1, -2, -1, 1, 0, 0, 0, 0, -1, 1, 2, 0, -1, -1], [0, 0, 0, 0, 0, 0, 0, 0, 0, -1, -1, 0, -1, -1, -1, 0, 0, 0, 0, 1, 0, 0], [0, 0, 2, 0, 2, -1, -1, 2, -1, 0, 1, 1, 3, 1, 2, 3, -1, 3, 2, -2, -1, -1], [0, 0, 1, 0, 1, 0, 0, 1, 1, 0, 0, -1, 1, 0, -2, 1, 2, 1, -2, 2, 1, 1], [0, 0, 2, 0, 2, -1, -1, 2, -1, -1, 0, 1, 2, 1, 1, 2, -1, 2, 2, -1, -1, -1], [-1, 0, -1, 0, -1, -2, 0, 0, -2, 1, 1, 1, 1, -1, 4, 1, -3, 1, 2, -3, -2, -2], [0, 0, -2, 0, -2, 2, 1, -2, 2, 1, -1, -2, -3, -1, -3, -3, 2, -3, -4, 3, 2, 2], [0, 0, 1, 0, 1, -3, 0, 2, -2, 0, 2, 2, 3, 1, 4, 3, -3, 3, 4, -4, -2, -2], [1, 0, 0, 0, 0, 2, 1, -1, 2, 0, 0, 0, -1, 1, -1, -1, 2, -1, -1, 1, 2, 1], [0, 0, 1, 0, 0, -1, 0, 0, -1, 0, 1, 1, 1, 0, 3, 1, -2, 1, 2, -3, -1, -1], [0, 0, -1, 0, -1, 1, 0, 0, 1, 1, 0, -1, -1, 0, -2, -1, 2, -1, -2, 2, 1, 1], [0, 0, 0, 0, 0, -1, 0, 1, 0, 0, 0, 1, 0, 0, 1, 0, -1, 0, 1, -1, -1, 0], [0, 0, -1, -1, 0, 0, 0, 0, 0, 1, 1, 0, 0, 0, 1, 0, 0, 0, 0, -1, 0, 0], [0, 0, 0, 0, 0, 1, 0, -1, 1, -2, -2, -1, -1, 0, -3, -1, 2, -1, -2, 3, 1, 1], [0, 0, 0, 1, 0, 2, 0, -1, 1, 0, -1, -1, -1, 0, -3, -1, 2, -1, -2, 3, 1, 1], [-1, 0, -1, 0, -1, -2, 0, 0, -1, 1, 1, 0, 0, -1, 2, 0, -2, 0, 0, -2, -1, 0], [0, 0, -1, 0, -1, -2, 1, 1, 0, 2, 2, 1, 0, 0, 3, 0, -2, 0, 1, -3, -1, 0], [0, 0, 0, 0, 0, 0, 0, 0, 0, 0, 0, 1, -1, 0, 0, -1, -1, -1, 1, -1, 0, 0], [0, 0, 0, 0, 0, 0, 0, 0, 0, 1, 1, 0, 0, 0, 1, 0, 0, 0, 0, -1, 0, 1]]
[[1, 0, 0, 0, 0, 0, 0, 0, 0, 0, 0, 0, 0, 0, 0, 0, 0, 0, 0, 0, 0, 0], [0, 1, 0, 0, 0, 0, 0, 0, 0, 0, 0, 0, 0, 0, 0, 0, 0, 0, 0, 0, 0, 0], [0, 0, 1, 0, 0, 0, 0, 0, 0, 0, 0, 0, 0, 0, 0, 0, 0, 0, 0, 0, 0, 0], [0, 0, 0, 1, 0, 0, 0, 0, 0, 0, 0, 0, 0, 0, 0, 0, 0, 0, 0, 0, 0, 0], [0, 0, 0, 0, 1, 0, 0, 0, 0, 0, 0, 0, 0, 0, 0, 0, 0, 0, 0, 0, 0, 0], [0, 0, 0, 0, 0, 1, 0, 0, 0, 0, 0, 0, 0, 0, 0, 0, 0, 0, 0, 0, 0, 0], [0, 0, 0, 0, 0, 0, 1, 0, 0, 0, 0, 0, 0, 0, 0, 0, 0, 0, 0, 0, 0, 0], [0, 0, 0, 0, 0, 0, 0, 1, 0, 0, 0, 0, 0, 0, 0, 0, 0, 0, 0, 0, 0, 0], [0, 0, 0, 0, 0, 0, 0, 0, 1, 0, 0, 0, 0, 0, 0, 0, 0, 0, 0, 0, 0, 0], [0, 0, 0, 0, 0, 0, 0, 0, 0, 1, 0, 0, 0, 0, 0, 0, 0, 0, 0, 0, 0, 0], [0, 0, 0, 0, 0, 0, 0, 0, 0, 0, 1, 0, 0, 0, 0, 0, 0, 0, 0, 0, 0, 0], [0, 0, 0, 0, 0, 0, 0, 0, 0, 0, 0, 1, 0, 0, 0, 0, 0, 0, 0, 0, 0, 0], [0, 0, 0, 0, 0, 0, 0, 0, 0, 0, 0, 0, 1, 0, 0, 0, 0, 0, 0, 0, 0, 0], [0, 0, 0, 0, 0, 0, 0, 0, 0, 0, 0, 0, 0, 1, 0, 0, 0, 0, 0, 0, 0, 0], [0, 0, 0, 0, 0, 0, 0, 0, 0, 0, 0, 0, 0, 0, 1, 0, 0, 0, 0, 0, 0, 0], [0, 0, 0, 0, 0, 0, 0, 0, 0, 0, 0, 0, 0, 0, 0, 1, 0, 0, 0, 0, 0, 0], [0, 0, 0, 0, 0, 0, 0, 0, 0, 0, 0, 0, 0, 0, 0, 0, 1, 0, 0, 0, 0, 0], [0, 0, 0, 0, 0, 0, 0, 0, 0, 0, 0, 0, 0, 0, 0, 0, 0, 1, 0, 0, 0, 0], [0, 0, 0, 0, 0, 0, 0, 0, 0, 0, 0, 0, 0, 0, 0, 0, 0, 0, 1, 0, 0, 0], [0, 0, 0, 0, 0, 0, 0, 0, 0, 0, 0, 0, 0, 0, 0, 0, 0, 0, 0, 1, 0, 0], [0, 0, 0, 0, 0, 0, 0, 0, 0, 0, 0, 0, 0, 0, 0, 0, 0, 0, 0, 0, 1, 0], [0, 0, 0, 0, 0, 0, 0, 0, 0, 0, 0, 0, 0, 0, 0, 0, 0, 0, 0, 0, 0, 1]]
[[1, 1, 1, 0, 0, 0, 0, 0, 1, -1, -1, 0, -1, -1, 1, 0, -1, 0, -1, 0, 0, 0], [-1, -1, -2, -1, -2, -1, -2, -2, -3, 0, 0, -2, -1, 0, -1, -2, -1, -2, 0, -1, -1, 0], [-1, -2, -2, -1, -2, -1, -1, -2, -3, 1, 1, -1, -1, 0, 0, -2, -1, -2, 1, -2, -1, 0], [1, 2, 3, 2, 2, 1, 1, 2, 3, -1, -1, 1, 1, 0, 0, 2, 1, 2, -1, 2, 1, 0], [0, 0, 0, 0, 0, 0, -1, -1, -1, 0, 0, -1, 0, 0, 0, 0, 0, 0, 0, 0, 0, 0], [2, 3, 6, 2, 7, 3, 4, 8, 8, -1, -1, 4, 4, 1, -2, 5, 4, 6, -1, 5, 3, 0], [-1, -2, -2, -1, -3, -1, -2, -3, -4, 0, 0, -3, -1, 0, -1, -2, -1, -2, 0, -1, -1, 0], [2, 3, 5, 2, 5, 2, 3, 6, 6, -1, -1, 3, 3, 1, -1, 4, 3, 4, -1, 4, 2, 0], [0, 0, -1, 0, 0, 0, 1, 0, 1, 1, 1, 1, 0, 0, 1, 0, 0, 0, 1, -1, 0, 0], [-3, -5, -8, -3, -9, -3, -6, -10, -11, 2, 1, -6, -5, -1, 1, -7, -5, -8, 1, -6, -4, 0], [3, 5, 8, 3, 10, 3, 7, 11, 12, -1, 0, 7, 5, 1, -1, 7, 5, 8, -1, 6, 4, 0], [-1, -1, -2, -1, -3, -1, -2, -3, -3, 0, 0, -1, -2, -1, 1, -2, -2, -2, 0, -2, -1, 0], [1, 3, 4, 1, 5, 1, 4, 6, 7, -1, -1, 4, 2, -1, 1, 3, 1, 4, -1, 2, 2, 0], [-1, -2, -3, -1, -3, -1, -2, -3, -4, 1, 1, -2, -1, 1, 0, -2, -1, -2, 1, -2, -1, 0], [1, 1, 2, 1, 3, 1, 2, 3, 3, 0, 0, 2, 2, 1, 0, 2, 2, 2, 0, 2, 1, 0], [0, 0, 1, 0, 2, 0, 1, 3, 2, 0, 0, 1, 1, 0, -1, 2, 1, 2, 0, 1, 1, 0], [-1, -2, -3, -1, -5, -1, -4, -6, -6, 0, 0, -4, -2, 0, 0, -3, -1, -4, 0, -2, -2, 0], [-1, -2, -3, -1, -4, -1, -3, -5, -5, 0, 0, -3, -2, 0, 0, -3, -2, -3, 0, -2, -2, 0], [0, 0, 0, 0, 1, 0, 1, 1, 1, 0, 0, 1, 0, 0, 0, 0, 0, 0, 1, 0, 0, 0], [0, 0, -1, 0, 1, 0, 2, 1, 1, 1, 1, 2, 0, 0, 1, 0, 0, 0, 1, 0, 0, 0], [0, 0, -1, 0, -1, 0, 0, -2, -1, 0, 0, 0, -1, 0, 1, -1, -1, -2, 0, -1, 0, 0], [1, 2, 4, 1, 5, 1, 3, 6, 6, -1, -1, 3, 2, 0, -1, 3, 2, 4, -1, 3, 2, 1]]
[[1, 0, 0, 0, 0, 0, 0, 0, 0, 0, 0, 0, 0, 0, 0, 0, 0, 0, 0, 0, 0, 0], [0, 1, 0, 0, 0, 0, 0, 0, 0, 0, 0, 0, 0, 0, 0, 0, 0, 0, 0, 0, 0, 0], [0, 0, 1, 0, 0, 0, 0, 0, 0, 0, 0, 0, 0, 0, 0, 0, 0, 0, 0, 0, 0, 0], [0, 0, 0, 1, 0, 0, 0, 0, 0, 0, 0, 0, 0, 0, 0, 0, 0, 0, 0, 0, 0, 0], [0, 0, 0, 0, 1, 0, 0, 0, 0, 0, 0, 0, 0, 0, 0, 0, 0, 0, 0, 0, 0, 0], [0, 0, 0, 0, 0, 1, 0, 0, 0, 0, 0, 0, 0, 0, 0, 0, 0, 0, 0, 0, 0, 0], [0, 0, 0, 0, 0, 0, 1, 0, 0, 0, 0, 0, 0, 0, 0, 0, 0, 0, 0, 0, 0, 0], [0, 0, 0, 0, 0, 0, 0, 1, 0, 0, 0, 0, 0, 0, 0, 0, 0, 0, 0, 0, 0, 0], [0, 0, 0, 0, 0, 0, 0, 0, 1, 0, 0, 0, 0, 0, 0, 0, 0, 0, 0, 0, 0, 0], [0, 0, 0, 0, 0, 0, 0, 0, 0, 1, 0, 0, 0, 0, 0, 0, 0, 0, 0, 0, 0, 0], [0, 0, 0, 0, 0, 0, 0, 0, 0, 0, 1, 0, 0, 0, 0, 0, 0, 0, 0, 0, 0, 0], [0, 0, 0, 0, 0, 0, 0, 0, 0, 0, 0, 1, 0, 0, 0, 0, 0, 0, 0, 0, 0, 0], [0, 0, 0, 0, 0, 0, 0, 0, 0, 0, 0, 0, 1, 0, 0, 0, 0, 0, 0, 0, 0, 0], [0, 0, 0, 0, 0, 0, 0, 0, 0, 0, 0, 0, 0, 1, 0, 0, 0, 0, 0, 0, 0, 0], [0, 0, 0, 0, 0, 0, 0, 0, 0, 0, 0, 0, 0, 0, 1, 0, 0, 0, 0, 0, 0, 0], [0, 0, 0, 0, 0, 0, 0, 0, 0, 0, 0, 0, 0, 0, 0, 1, 0, 0, 0, 0, 0, 0], [0, 0, 0, 0, 0, 0, 0, 0, 0, 0, 0, 0, 0, 0, 0, 0, 1, 0, 0, 0, 0, 0], [0, 0, 0, 0, 0, 0, 0, 0, 0, 0, 0, 0, 0, 0, 0, 0, 0, 1, 0, 0, 0, 0], [0, 0, 0, 0, 0, 0, 0, 0, 0, 0, 0, 0, 0, 0, 0, 0, 0, 0, 1, 0, 0, 0], [0, 0, 0, 0, 0, 0, 0, 0, 0, 0, 0, 0, 0, 0, 0, 0, 0, 0, 0, 1, 0, 0], [0, 0, 0, 0, 0, 0, 0, 0, 0, 0, 0, 0, 0, 0, 0, 0, 0, 0, 0, 0, 1, 0], [0, 0, 0, 0, 0, 0, 0, 0, 0, 0, 0, 0, 0, 0, 0, 0, 0, 0, 0, 0, 0, 1]]
[[1, 0, 0, 0, 0, 0, 0, 0, 0, 0, 0, 0, 0, 0, 0, 0, 0, 0, 0, 0, 0, 0], [0, 1, 0, 0, 0, 0, 0, 0, 0, 0, 0, 0, 0, 0, 0, 0, 0, 0, 0, 0, 0, 0], [0, 0, 1, 0, 0, 0, 0, 0, 0, 0, 0, 0, 0, 0, 0, 0, 0, 0, 0, 0, 0, 0], [0, 0, 0, 1, 0, 0, 0, 0, 0, 0, 0, 0, 0, 0, 0, 0, 0, 0, 0, 0, 0, 0], [0, 0, 0, 0, 1, 0, 0, 0, 0, 0, 0, 0, 0, 0, 0, 0, 0, 0, 0, 0, 0, 0], [0, 0, 0, 0, 0, 1, 0, 0, 0, 0, 0, 0, 0, 0, 0, 0, 0, 0, 0, 0, 0, 0], [0, 0, 0, 0, 0, 0, 1, 0, 0, 0, 0, 0, 0, 0, 0, 0, 0, 0, 0, 0, 0, 0], [0, 0, 0, 0, 0, 0, 0, 1, 0, 0, 0, 0, 0, 0, 0, 0, 0, 0, 0, 0, 0, 0], [0, 0, 0, 0, 0, 0, 0, 0, 1, 0, 0, 0, 0, 0, 0, 0, 0, 0, 0, 0, 0, 0], [0, 0, 0, 0, 0, 0, 0, 0, 0, 1, 0, 0, 0, 0, 0, 0, 0, 0, 0, 0, 0, 0], [0, 0, 0, 0, 0, 0, 0, 0, 0, 0, 1, 0, 0, 0, 0, 0, 0, 0, 0, 0, 0, 0], [0, 0, 0, 0, 0, 0, 0, 0, 0, 0, 0, 1, 0, 0, 0, 0, 0, 0, 0, 0, 0, 0], [0, 0, 0, 0, 0, 0, 0, 0, 0, 0, 0, 0, 1, 0, 0, 0, 0, 0, 0, 0, 0, 0], [0, 0, 0, 0, 0, 0, 0, 0, 0, 0, 0, 0, 0, 1, 0, 0, 0, 0, 0, 0, 0, 0], [0, 0, 0, 0, 0, 0, 0, 0, 0, 0, 0, 0, 0, 0, 1, 0, 0, 0, 0, 0, 0, 0], [0, 0, 0, 0, 0, 0, 0, 0, 0, 0, 0, 0, 0, 0, 0, 1, 0, 0, 0, 0, 0, 0], [0, 0, 0, 0, 0, 0, 0, 0, 0, 0, 0, 0, 0, 0, 0, 0, 1, 0, 0, 0, 0, 0], [0, 0, 0, 0, 0, 0, 0, 0, 0, 0, 0, 0, 0, 0, 0, 0, 0, 1, 0, 0, 0, 0], [0, 0, 0, 0, 0, 0, 0, 0, 0, 0, 0, 0, 0, 0, 0, 0, 0, 0, 1, 0, 0, 0], [0, 0, 0, 0, 0, 0, 0, 0, 0, 0, 0, 0, 0, 0, 0, 0, 0, 0, 0, 1, 0, 0], [0, 0, 0, 0, 0, 0, 0, 0, 0, 0, 0, 0, 0, 0, 0, 0, 0, 0, 0, 0, 1, 0], [0, 0, 0, 0, 0, 0, 0, 0, 0, 0, 0, 0, 0, 0, 0, 0, 0, 0, 0, 0, 0, 1]]
[[1, 0, 0, 0, 0, 0, 0, 0, 0, 0, 0, 0, 0, 0, 0, 0, 0, 0, 0, 0, 0, 0], [0, 1, 0, 0, 0, 0, 0, 0, 0, 0, 0, 0, 0, 0, 0, 0, 0, 0, 0, 0, 0, 0], [0, 0, 1, 0, 0, 0, 0, 0, 0, 0, 0, 0, 0, 0, 0, 0, 0, 0, 0, 0, 0, 0], [0, 0, 0, 1, 0, 0, 0, 0, 0, 0, 0, 0, 0, 0, 0, 0, 0, 0, 0, 0, 0, 0], [0, 0, 0, 0, 1, 0, 0, 0, 0, 0, 0, 0, 0, 0, 0, 0, 0, 0, 0, 0, 0, 0], [0, 0, 0, 0, 0, 1, 0, 0, 0, 0, 0, 0, 0, 0, 0, 0, 0, 0, 0, 0, 0, 0], [0, 0, 0, 0, 0, 0, 1, 0, 0, 0, 0, 0, 0, 0, 0, 0, 0, 0, 0, 0, 0, 0], [0, 0, 0, 0, 0, 0, 0, 1, 0, 0, 0, 0, 0, 0, 0, 0, 0, 0, 0, 0, 0, 0], [0, 0, 0, 0, 0, 0, 0, 0, 1, 0, 0, 0, 0, 0, 0, 0, 0, 0, 0, 0, 0, 0], [0, 0, 0, 0, 0, 0, 0, 0, 0, 1, 0, 0, 0, 0, 0, 0, 0, 0, 0, 0, 0, 0], [0, 0, 0, 0, 0, 0, 0, 0, 0, 0, 1, 0, 0, 0, 0, 0, 0, 0, 0, 0, 0, 0], [0, 0, 0, 0, 0, 0, 0, 0, 0, 0, 0, 1, 0, 0, 0, 0, 0, 0, 0, 0, 0, 0], [0, 0, 0, 0, 0, 0, 0, 0, 0, 0, 0, 0, 1, 0, 0, 0, 0, 0, 0, 0, 0, 0], [0, 0, 0, 0, 0, 0, 0, 0, 0, 0, 0, 0, 0, 1, 0, 0, 0, 0, 0, 0, 0, 0], [0, 0, 0, 0, 0, 0, 0, 0, 0, 0, 0, 0, 0, 0, 1, 0, 0, 0, 0, 0, 0, 0], [0, 0, 0, 0, 0, 0, 0, 0, 0, 0, 0, 0, 0, 0, 0, 1, 0, 0, 0, 0, 0, 0], [0, 0, 0, 0, 0, 0, 0, 0, 0, 0, 0, 0, 0, 0, 0, 0, 1, 0, 0, 0, 0, 0], [0, 0, 0, 0, 0, 0, 0, 0, 0, 0, 0, 0, 0, 0, 0, 0, 0, 1, 0, 0, 0, 0], [0, 0, 0, 0, 0, 0, 0, 0, 0, 0, 0, 0, 0, 0, 0, 0, 0, 0, 1, 0, 0, 0], [0, 0, 0, 0, 0, 0, 0, 0, 0, 0, 0, 0, 0, 0, 0, 0, 0, 0, 0, 1, 0, 0], [0, 0, 0, 0, 0, 0, 0, 0, 0, 0, 0, 0, 0, 0, 0, 0, 0, 0, 0, 0, 1, 0], [0, 0, 0, 0, 0, 0, 0, 0, 0, 0, 0, 0, 0, 0, 0, 0, 0, 0, 0, 0, 0, 1]]
[[1, 0, 0, 0, 0, 0, 0, 0, 0, 0, 0, 0, 0, 0, 0, 0, 0, 0, 0, 0, 0, 0], [0, 1, 0, 0, 0, 0, 0, 0, 0, 0, 0, 0, 0, 0, 0, 0, 0, 0, 0, 0, 0, 0], [0, 0, 1, 0, 0, 0, 0, 0, 0, 0, 0, 0, 0, 0, 0, 0, 0, 0, 0, 0, 0, 0], [0, 0, 0, 1, 0, 0, 0, 0, 0, 0, 0, 0, 0, 0, 0, 0, 0, 0, 0, 0, 0, 0], [0, 0, 0, 0, 1, 0, 0, 0, 0, 0, 0, 0, 0, 0, 0, 0, 0, 0, 0, 0, 0, 0], [0, 0, 0, 0, 0, 1, 0, 0, 0, 0, 0, 0, 0, 0, 0, 0, 0, 0, 0, 0, 0, 0], [0, 0, 0, 0, 0, 0, 1, 0, 0, 0, 0, 0, 0, 0, 0, 0, 0, 0, 0, 0, 0, 0], [0, 0, 0, 0, 0, 0, 0, 1, 0, 0, 0, 0, 0, 0, 0, 0, 0, 0, 0, 0, 0, 0], [0, 0, 0, 0, 0, 0, 0, 0, 1, 0, 0, 0, 0, 0, 0, 0, 0, 0, 0, 0, 0, 0], [0, 0, 0, 0, 0, 0, 0, 0, 0, 1, 0, 0, 0, 0, 0, 0, 0, 0, 0, 0, 0, 0], [0, 0, 0, 0, 0, 0, 0, 0, 0, 0, 1, 0, 0, 0, 0, 0, 0, 0, 0, 0, 0, 0], [0, 0, 0, 0, 0, 0, 0, 0, 0, 0, 0, 1, 0, 0, 0, 0, 0, 0, 0, 0, 0, 0], [0, 0, 0, 0, 0, 0, 0, 0, 0, 0, 0, 0, 1, 0, 0, 0, 0, 0, 0, 0, 0, 0], [0, 0, 0, 0, 0, 0, 0, 0, 0, 0, 0, 0, 0, 1, 0, 0, 0, 0, 0, 0, 0, 0], [0, 0, 0, 0, 0, 0, 0, 0, 0, 0, 0, 0, 0, 0, 1, 0, 0, 0, 0, 0, 0, 0], [0, 0, 0, 0, 0, 0, 0, 0, 0, 0, 0, 0, 0, 0, 0, 1, 0, 0, 0, 0, 0, 0], [0, 0, 0, 0, 0, 0, 0, 0, 0, 0, 0, 0, 0, 0, 0, 0, 1, 0, 0, 0, 0, 0], [0, 0, 0, 0, 0, 0, 0, 0, 0, 0, 0, 0, 0, 0, 0, 0, 0, 1, 0, 0, 0, 0], [0, 0, 0, 0, 0, 0, 0, 0, 0, 0, 0, 0, 0, 0, 0, 0, 0, 0, 1, 0, 0, 0], [0, 0, 0, 0, 0, 0, 0, 0, 0, 0, 0, 0, 0, 0, 0, 0, 0, 0, 0, 1, 0, 0], [0, 0, 0, 0, 0, 0, 0, 0, 0, 0, 0, 0, 0, 0, 0, 0, 0, 0, 0, 0, 1, 0], [0, 0, 0, 0, 0, 0, 0, 0, 0, 0, 0, 0, 0, 0, 0, 0, 0, 0, 0, 0, 0, 1]]
[[1, 0, 0, 0, 0, 0, 0, 0, 0, 0, 0, 0, 0, 0, 0, 0, 0, 0, 0, 0, 0, 0], [0, 1, 0, 0, 0, 0, 0, 0, 0, 0, 0, 0, 0, 0, 0, 0, 0, 0, 0, 0, 0, 0], [0, 0, 1, 0, 0, 0, 0, 0, 0, 0, 0, 0, 0, 0, 0, 0, 0, 0, 0, 0, 0, 0], [0, 0, 0, 1, 0, 0, 0, 0, 0, 0, 0, 0, 0, 0, 0, 0, 0, 0, 0, 0, 0, 0], [0, 0, 0, 0, 1, 0, 0, 0, 0, 0, 0, 0, 0, 0, 0, 0, 0, 0, 0, 0, 0, 0], [0, 0, 0, 0, 0, 1, 0, 0, 0, 0, 0, 0, 0, 0, 0, 0, 0, 0, 0, 0, 0, 0], [0, 0, 0, 0, 0, 0, 1, 0, 0, 0, 0, 0, 0, 0, 0, 0, 0, 0, 0, 0, 0, 0], [0, 0, 0, 0, 0, 0, 0, 1, 0, 0, 0, 0, 0, 0, 0, 0, 0, 0, 0, 0, 0, 0], [0, 0, 0, 0, 0, 0, 0, 0, 1, 0, 0, 0, 0, 0, 0, 0, 0, 0, 0, 0, 0, 0], [0, 0, 0, 0, 0, 0, 0, 0, 0, 1, 0, 0, 0, 0, 0, 0, 0, 0, 0, 0, 0, 0], [0, 0, 0, 0, 0, 0, 0, 0, 0, 0, 1, 0, 0, 0, 0, 0, 0, 0, 0, 0, 0, 0], [0, 0, 0, 0, 0, 0, 0, 0, 0, 0, 0, 1, 0, 0, 0, 0, 0, 0, 0, 0, 0, 0], [0, 0, 0, 0, 0, 0, 0, 0, 0, 0, 0, 0, 1, 0, 0, 0, 0, 0, 0, 0, 0, 0], [0, 0, 0, 0, 0, 0, 0, 0, 0, 0, 0, 0, 0, 1, 0, 0, 0, 0, 0, 0, 0, 0], [0, 0, 0, 0, 0, 0, 0, 0, 0, 0, 0, 0, 0, 0, 1, 0, 0, 0, 0, 0, 0, 0], [0, 0, 0, 0, 0, 0, 0, 0, 0, 0, 0, 0, 0, 0, 0, 1, 0, 0, 0, 0, 0, 0], [0, 0, 0, 0, 0, 0, 0, 0, 0, 0, 0, 0, 0, 0, 0, 0, 1, 0, 0, 0, 0, 0], [0, 0, 0, 0, 0, 0, 0, 0, 0, 0, 0, 0, 0, 0, 0, 0, 0, 1, 0, 0, 0, 0], [0, 0, 0, 0, 0, 0, 0, 0, 0, 0, 0, 0, 0, 0, 0, 0, 0, 0, 1, 0, 0, 0], [0, 0, 0, 0, 0, 0, 0, 0, 0, 0, 0, 0, 0, 0, 0, 0, 0, 0, 0, 1, 0, 0], [0, 0, 0, 0, 0, 0, 0, 0, 0, 0, 0, 0, 0, 0, 0, 0, 0, 0, 0, 0, 1, 0], [0, 0, 0, 0, 0, 0, 0, 0, 0, 0, 0, 0, 0, 0, 0, 0, 0, 0, 0, 0, 0, 1]]
[[1, 0, 0, 0, 0, 0, 0, 0, 0, 0, 0, 0, 0, 0, 0, 0, 0, 0, 0, 0, 0, 0], [0, 1, 0, 0, 0, 0, 0, 0, 0, 0, 0, 0, 0, 0, 0, 0, 0, 0, 0, 0, 0, 0], [0, 0, 1, 0, 0, 0, 0, 0, 0, 0, 0, 0, 0, 0, 0, 0, 0, 0, 0, 0, 0, 0], [0, 0, 0, 1, 0, 0, 0, 0, 0, 0, 0, 0, 0, 0, 0, 0, 0, 0, 0, 0, 0, 0], [0, 0, 0, 0, 1, 0, 0, 0, 0, 0, 0, 0, 0, 0, 0, 0, 0, 0, 0, 0, 0, 0], [0, 0, 0, 0, 0, 1, 0, 0, 0, 0, 0, 0, 0, 0, 0, 0, 0, 0, 0, 0, 0, 0], [0, 0, 0, 0, 0, 0, 1, 0, 0, 0, 0, 0, 0, 0, 0, 0, 0, 0, 0, 0, 0, 0], [0, 0, 0, 0, 0, 0, 0, 1, 0, 0, 0, 0, 0, 0, 0, 0, 0, 0, 0, 0, 0, 0], [0, 0, 0, 0, 0, 0, 0, 0, 1, 0, 0, 0, 0, 0, 0, 0, 0, 0, 0, 0, 0, 0], [0, 0, 0, 0, 0, 0, 0, 0, 0, 1, 0, 0, 0, 0, 0, 0, 0, 0, 0, 0, 0, 0], [0, 0, 0, 0, 0, 0, 0, 0, 0, 0, 1, 0, 0, 0, 0, 0, 0, 0, 0, 0, 0, 0], [0, 0, 0, 0, 0, 0, 0, 0, 0, 0, 0, 1, 0, 0, 0, 0, 0, 0, 0, 0, 0, 0], [0, 0, 0, 0, 0, 0, 0, 0, 0, 0, 0, 0, 1, 0, 0, 0, 0, 0, 0, 0, 0, 0], [0, 0, 0, 0, 0, 0, 0, 0, 0, 0, 0, 0, 0, 1, 0, 0, 0, 0, 0, 0, 0, 0], [0, 0, 0, 0, 0, 0, 0, 0, 0, 0, 0, 0, 0, 0, 1, 0, 0, 0, 0, 0, 0, 0], [0, 0, 0, 0, 0, 0, 0, 0, 0, 0, 0, 0, 0, 0, 0, 1, 0, 0, 0, 0, 0, 0], [0, 0, 0, 0, 0, 0, 0, 0, 0, 0, 0, 0, 0, 0, 0, 0, 1, 0, 0, 0, 0, 0], [0, 0, 0, 0, 0, 0, 0, 0, 0, 0, 0, 0, 0, 0, 0, 0, 0, 1, 0, 0, 0, 0], [0, 0, 0, 0, 0, 0, 0, 0, 0, 0, 0, 0, 0, 0, 0, 0, 0, 0, 1, 0, 0, 0], [0, 0, 0, 0, 0, 0, 0, 0, 0, 0, 0, 0, 0, 0, 0, 0, 0, 0, 0, 1, 0, 0], [0, 0, 0, 0, 0, 0, 0, 0, 0, 0, 0, 0, 0, 0, 0, 0, 0, 0, 0, 0, 1, 0], [0, 0, 0, 0, 0, 0, 0, 0, 0, 0, 0, 0, 0, 0, 0, 0, 0, 0, 0, 0, 0, 1]]
[[-1, 0, -2, -1, -2, -1, -1, -2, -2, 1, 0, -2, -2, -2, 0, -2, -2, -3, -2, -1, -1, 1], [1, 0, -3, -2, -3, -1, -1, -4, -3, 0, -1, -2, -4, -3, 2, -5, -5, -5, 1, -3, -2, 0], [2, -1, -2, -1, -3, 0, -1, -4, -4, 1, 0, -2, -4, -2, 1, -5, -5, -5, 3, -3, -2, -1], [-2, 0, 0, 0, 0, -1, -1, 1, 0, 0, -1, -1, 1, -1, -1, 1, 1, 0, -2, 1, 0, 1], [1, 0, -3, -2, -4, -1, -2, -5, -5, 1, -1, -4, -4, -4, 1, -5, -5, -7, 1, -3, -2, 0], [-2, 1, 7, 3, 9, 2, 3, 11, 10, -2, 1, 6, 10, 7, -3, 12, 12, 14, -3, 7, 5, 1], [2, 0, -3, -2, -4, -1, -1, -5, -4, 0, -1, -3, -5, -3, 1, -6, -6, -7, 1, -3, -2, 0], [-1, 1, 3, 1, 3, 0, 1, 4, 4, -1, 0, 1, 4, 2, -2, 4, 5, 4, -3, 3, 2, 2], [-1, 0, 4, 3, 5, 2, 2, 6, 5, -1, 1, 5, 5, 4, -1, 7, 6, 9, 1, 4, 2, -2], [3, -1, -7, -3, -9, -1, -3, -12, -10, 2, -1, -6, -11, -7, 3, -13, -13, -14, 3, -7, -5, -1], [-2, 1, 9, 4, 11, 2, 4, 14, 12, -2, 2, 8, 13, 9, -3, 15, 15, 17, -2, 8, 6, 0], [0, 0, -2, -1, -2, -1, 0, -2, -1, 1, 1, -1, -2, -1, 1, -2, -2, -2, -1, -2, 0, 1], [-2, 1, 5, 3, 7, 1, 3, 9, 8, -1, 2, 6, 8, 6, -1, 10, 9, 12, -2, 5, 4, 0], [1, -1, -2, -1, -3, 0, -1, -4, -4, 0, -1, -2, -3, -2, 1, -4, -4, -4, 2, -2, -2, -1], [0, 0, 2, 1, 2, 1, 0, 2, 1, 0, 0, 0, 3, 2, -2, 2, 3, 2, 0, 2, 1, 0], [-1, -1, 2, 1, 3, 1, 1, 3, 2, -1, 0, 2, 3, 2, -1, 4, 3, 5, 0, 2, 1, -1], [1, 0, -5, -3, -6, -2, -3, -7, -6, 1, -1, -5, -7, -5, 1, -8, -7, -10, 0, -4, -3, 1], [1, 0, -4, -2, -5, -1, -2, -6, -5, 1, -1, -3, -6, -4, 2, -7, -7, -8, 1, -4, -3, 0], [0, 0, 2, 1, 2, 1, 1, 2, 2, -1, 0, 2, 2, 2, 0, 2, 2, 3, 1, 1, 1, -1], [1, 0, 3, 2, 3, 2, 2, 3, 3, 0, 1, 2, 4, 4, -1, 3, 4, 4, 1, 2, 2, -1], [0, 0, -1, 0, -1, 0, 0, -2, -1, 1, 0, -1, -1, -1, 0, -2, -1, -3, 0, -1, 0, 1], [-1, 0, 3, 1, 3, 1, 1, 4, 3, -1, 0, 2, 4, 3, -1, 4, 4, 5, -1, 2, 2, 0]]
[[1, 0, 1, -1, 1, 1, 0, 1, 1, 0, 0, 0, 1, 1, 0, 1, 2, 1, 1, 0, 1, 0], [0, 0, -1, 0, -2, -1, -1, -2, -3, 0, -1, -1, -2, -2, 1, -2, -4, -3, 1, -2, -2, -1], [0, 0, 0, 1, -1, -1, 0, -1, -1, 0, 0, 0, -1, -1, 0, -1, -2, -1, -1, 0, -1, 0], [0, 0, 0, -1, 0, 0, 0, 0, 0, 0, 0, 0, 0, 0, 2, 0, 0, 0, 2, -2, 0, 0], [0, -1, -1, -1, -1, -1, -1, -2, -3, 0, -1, -1, -2, -2, 2, -2, -4, -3, 2, -3, -2, -1], [0, 1, 1, 0, 2, 2, 1, 2, 3, 0, 1, 1, 2, 2, -1, 2, 4, 3, -1, 2, 2, 1], [0, -1, -1, 0, -2, -1, -1, -2, -4, 1, 0, -2, -2, -2, 0, -2, -4, -3, 1, -2, -2, -1], [0, 0, 0, -1, 0, 0, 0, 0, -1, 0, 0, -1, 1, 0, 1, 0, 0, 0, 1, -1, 0, 0], [0, 1, 0, 1, 1, 0, 1, 1, 3, 0, 1, 1, 1, 1, -1, 1, 2, 2, -2, 2, 1, 1], [0, -1, -1, 1, -2, -1, -1, -2, -3, 1, -1, -1, -2, -2, 0, -2, -4, -3, 0, -1, -2, -1], [0, 1, 1, 0, 2, 1, 2, 2, 4, -1, 1, 2, 2, 2, 0, 2, 4, 3, -1, 2, 2, 1], [0, 0, 1, 0, 1, 1, 0, 1, 1, 0, 0, 1, 1, 1, -1, 1, 2, 1, 0, 1, 1, 0], [0, 1, 1, 0, 2, 1, 1, 3, 4, 0, 1, 2, 2, 2, -1, 2, 4, 3, -1, 2, 2, 1], [0, 0, 0, 1, 0, 0, 0, 0, 0, 0, 0, 0, 0, 1, -1, 0, 0, 0, -1, 1, 0, 0], [0, 0, 0, 0, 0, 0, 0, 0, 0, 0, 0, 0, 0, 0, 1, 0, 0, 0, 0, 0, 0, 0], [0, 1, 1, 1, 2, 1, 1, 2, 3, 0, 1, 1, 2, 2, -2, 3, 4, 3, -2, 3, 2, 1], [0, -1, -1, -1, -2, -1, -1, -2, -3, 0, -1, -1, -2, -2, 2, -2, -3, -3, 2, -3, -2, -1], [0, -1, 0, 0, -1, 0, -1, -1, -2, 0, -1, -1, -1, -1, 0, -1, -2, -1, 1, -1, -1, -1], [0, 0, 0, 1, 0, 0, 0, 0, 0, 0, 0, 0, 0, 0, -1, 0, 0, 0, 0, 1, 0, 0], [0, 0, 0, 1, 0, 0, 0, 0, 0, 0, 0, 0, 0, 0, -1, 0, 0, 0, -1, 2, 0, 0], [0, 0, -1, -1, -1, -1, 0, -1, -1, 0, 0, 0, -1, -1, 2, -1, -2, -1, 1, -2, 0, 0], [0, 0, 2, 1, 2, 2, 0, 2, 2, 0, 0, 0, 2, 2, -3, 2, 4, 2, -1, 3, 2, 1]]
[[1, 0, 0, 0, 0, 0, 0, 0, 0, 0, 0, 0, 0, 0, 0, 0, 0, 0, 0, 0, 0, 0], [0, 1, 0, 0, 0, 0, 0, 0, 0, 0, 0, 0, 0, 0, 0, 0, 0, 0, 0, 0, 0, 0], [0, 0, 1, 0, 0, 0, 0, 0, 0, 0, 0, 0, 0, 0, 0, 0, 0, 0, 0, 0, 0, 0], [0, 0, 0, 1, 0, 0, 0, 0, 0, 0, 0, 0, 0, 0, 0, 0, 0, 0, 0, 0, 0, 0], [0, 0, 0, 0, 1, 0, 0, 0, 0, 0, 0, 0, 0, 0, 0, 0, 0, 0, 0, 0, 0, 0], [0, 0, 0, 0, 0, 1, 0, 0, 0, 0, 0, 0, 0, 0, 0, 0, 0, 0, 0, 0, 0, 0], [0, 0, 0, 0, 0, 0, 1, 0, 0, 0, 0, 0, 0, 0, 0, 0, 0, 0, 0, 0, 0, 0], [0, 0, 0, 0, 0, 0, 0, 1, 0, 0, 0, 0, 0, 0, 0, 0, 0, 0, 0, 0, 0, 0], [0, 0, 0, 0, 0, 0, 0, 0, 1, 0, 0, 0, 0, 0, 0, 0, 0, 0, 0, 0, 0, 0], [0, 0, 0, 0, 0, 0, 0, 0, 0, 1, 0, 0, 0, 0, 0, 0, 0, 0, 0, 0, 0, 0], [0, 0, 0, 0, 0, 0, 0, 0, 0, 0, 1, 0, 0, 0, 0, 0, 0, 0, 0, 0, 0, 0], [0, 0, 0, 0, 0, 0, 0, 0, 0, 0, 0, 1, 0, 0, 0, 0, 0, 0, 0, 0, 0, 0], [0, 0, 0, 0, 0, 0, 0, 0, 0, 0, 0, 0, 1, 0, 0, 0, 0, 0, 0, 0, 0, 0], [0, 0, 0, 0, 0, 0, 0, 0, 0, 0, 0, 0, 0, 1, 0, 0, 0, 0, 0, 0, 0, 0], [0, 0, 0, 0, 0, 0, 0, 0, 0, 0, 0, 0, 0, 0, 1, 0, 0, 0, 0, 0, 0, 0], [0, 0, 0, 0, 0, 0, 0, 0, 0, 0, 0, 0, 0, 0, 0, 1, 0, 0, 0, 0, 0, 0], [0, 0, 0, 0, 0, 0, 0, 0, 0, 0, 0, 0, 0, 0, 0, 0, 1, 0, 0, 0, 0, 0], [0, 0, 0, 0, 0, 0, 0, 0, 0, 0, 0, 0, 0, 0, 0, 0, 0, 1, 0, 0, 0, 0], [0, 0, 0, 0, 0, 0, 0, 0, 0, 0, 0, 0, 0, 0, 0, 0, 0, 0, 1, 0, 0, 0], [0, 0, 0, 0, 0, 0, 0, 0, 0, 0, 0, 0, 0, 0, 0, 0, 0, 0, 0, 1, 0, 0], [0, 0, 0, 0, 0, 0, 0, 0, 0, 0, 0, 0, 0, 0, 0, 0, 0, 0, 0, 0, 1, 0], [0, 0, 0, 0, 0, 0, 0, 0, 0, 0, 0, 0, 0, 0, 0, 0, 0, 0, 0, 0, 0, 1]]
[[1, 0, 0, 0, 0, 0, 0, 0, 0, 0, 0, 0, 0, 0, 0, 0, 0, 0, 0, 0, 0, 0], [0, 1, 0, 0, 0, 0, 0, 0, 0, 0, 0, 0, 0, 0, 0, 0, 0, 0, 0, 0, 0, 0], [0, 0, 1, 0, 0, 0, 0, 0, 0, 0, 0, 0, 0, 0, 0, 0, 0, 0, 0, 0, 0, 0], [0, 0, 0, 1, 0, 0, 0, 0, 0, 0, 0, 0, 0, 0, 0, 0, 0, 0, 0, 0, 0, 0], [0, 0, 0, 0, 1, 0, 0, 0, 0, 0, 0, 0, 0, 0, 0, 0, 0, 0, 0, 0, 0, 0], [0, 0, 0, 0, 0, 1, 0, 0, 0, 0, 0, 0, 0, 0, 0, 0, 0, 0, 0, 0, 0, 0], [0, 0, 0, 0, 0, 0, 1, 0, 0, 0, 0, 0, 0, 0, 0, 0, 0, 0, 0, 0, 0, 0], [0, 0, 0, 0, 0, 0, 0, 1, 0, 0, 0, 0, 0, 0, 0, 0, 0, 0, 0, 0, 0, 0], [0, 0, 0, 0, 0, 0, 0, 0, 1, 0, 0, 0, 0, 0, 0, 0, 0, 0, 0, 0, 0, 0], [0, 0, 0, 0, 0, 0, 0, 0, 0, 1, 0, 0, 0, 0, 0, 0, 0, 0, 0, 0, 0, 0], [0, 0, 0, 0, 0, 0, 0, 0, 0, 0, 1, 0, 0, 0, 0, 0, 0, 0, 0, 0, 0, 0], [0, 0, 0, 0, 0, 0, 0, 0, 0, 0, 0, 1, 0, 0, 0, 0, 0, 0, 0, 0, 0, 0], [0, 0, 0, 0, 0, 0, 0, 0, 0, 0, 0, 0, 1, 0, 0, 0, 0, 0, 0, 0, 0, 0], [0, 0, 0, 0, 0, 0, 0, 0, 0, 0, 0, 0, 0, 1, 0, 0, 0, 0, 0, 0, 0, 0], [0, 0, 0, 0, 0, 0, 0, 0, 0, 0, 0, 0, 0, 0, 1, 0, 0, 0, 0, 0, 0, 0], [0, 0, 0, 0, 0, 0, 0, 0, 0, 0, 0, 0, 0, 0, 0, 1, 0, 0, 0, 0, 0, 0], [0, 0, 0, 0, 0, 0, 0, 0, 0, 0, 0, 0, 0, 0, 0, 0, 1, 0, 0, 0, 0, 0], [0, 0, 0, 0, 0, 0, 0, 0, 0, 0, 0, 0, 0, 0, 0, 0, 0, 1, 0, 0, 0, 0], [0, 0, 0, 0, 0, 0, 0, 0, 0, 0, 0, 0, 0, 0, 0, 0, 0, 0, 1, 0, 0, 0], [0, 0, 0, 0, 0, 0, 0, 0, 0, 0, 0, 0, 0, 0, 0, 0, 0, 0, 0, 1, 0, 0], [0, 0, 0, 0, 0, 0, 0, 0, 0, 0, 0, 0, 0, 0, 0, 0, 0, 0, 0, 0, 1, 0], [0, 0, 0, 0, 0, 0, 0, 0, 0, 0, 0, 0, 0, 0, 0, 0, 0, 0, 0, 0, 0, 1]]
[[0, 0, 0, 1, 0, 0, 0, -1, 0, 0, 0, 0, -1, 0, -1, -1, -1, -1, -1, 0, 0, 1], [1, 1, 0, -1, 0, 0, 0, -1, 0, 0, 0, -2, -1, -2, -1, -1, -1, -1, -1, 0, 0, 1], [2, 1, 0, -1, -1, 0, 0, -1, -1, 1, 0, -2, -1, -2, 0, -2, -2, -3, 1, -1, -1, 0], [0, 0, 0, 1, 0, 0, 0, -1, 0, 0, 0, -1, -1, -1, -1, -1, -1, -1, -1, 0, 0, 1], [3, 2, -1, -1, -1, 0, 1, -3, -1, 1, 1, -3, -3, -3, 0, -4, -4, -5, 0, -2, -1, 1], [-3, -2, 1, 1, 2, 1, -1, 3, 1, -1, -1, 3, 3, 3, 0, 4, 4, 5, 0, 2, 1, -1], [2, 1, 0, -1, 0, 0, 1, -1, 0, 0, 0, -2, -1, -2, -1, -1, -1, -2, 0, 0, 0, 1], [0, 0, 0, 0, 0, 0, 0, 0, 0, 0, 0, -1, -1, -1, -1, -1, -1, -1, -1, 0, 0, 1], [-2, -1, 1, 1, 1, 0, 0, 3, 2, -1, 0, 4, 3, 4, 2, 4, 4, 5, 1, 1, 1, -2], [3, 2, 0, -1, -1, 0, 1, -2, 0, 1, 1, -2, -2, -2, 0, -2, -2, -3, 0, -1, 0, 1], [-3, -2, 0, 1, 1, 0, -1, 3, 0, 0, 0, 3, 3, 3, 1, 3, 3, 4, 1, 1, 0, -2], [0, 0, 0, 0, 0, 0, 0, 0, 0, 0, 0, 1, 0, 0, 0, 0, 0, 0, 0, 0, 0, 0], [-2, -1, 1, 1, 1, 0, 0, 2, 1, -1, 0, 3, 3, 3, 1, 3, 3, 4, 0, 1, 1, -1], [1, 0, 0, -1, 0, 0, 0, 0, 0, 0, 0, -1, 0, 0, 0, 0, 0, 0, 0, 0, 0, 0], [0, 0, -1, 0, -1, 0, 0, -1, -1, 1, 0, -1, -1, -1, 1, -2, -2, -2, 0, -1, -1, 0], [-1, -1, 0, 0, 0, 0, 0, 1, 0, 0, 0, 1, 1, 1, 1, 2, 1, 2, 0, 0, 0, -1], [1, 1, 0, 0, 0, 0, 0, -2, 0, 0, 0, -2, -2, -2, -2, -2, -1, -3, -1, 0, 0, 2], [1, 1, 0, 0, 0, 0, 0, -1, 0, 0, 0, -1, -1, -1, -1, -1, -1, -1, 0, 0, 0, 1], [-1, -1, 0, 0, 0, 0, 0, 1, 0, 0, 0, 1, 1, 1, 1, 1, 1, 2, 1, 0, 0, -1], [-1, -1, -1, 0, -1, 0, 0, 1, -1, 1, 0, 1, 1, 1, 2, 0, 0, 1, 1, 0, -1, -2], [0, 0, -1, 0, -1, 0, 0, -1, -1, 1, 0, -1, -1, -1, 0, -2, -2, -2, 0, -1, 0, 0], [-1, -1, 0, 0, 0, 0, 0, 1, 0, 0, 0, 1, 1, 1, 1, 1, 1, 2, 0, 0, 0, 0]]
[[1, 0, 0, 0, 0, 0, 0, 0, 0, 0, 0, 0, 0, 0, 0, 0, 0, 0, 0, 0, 0, 0], [0, 1, 0, 0, 0, 0, 0, 0, 0, 0, 0, 0, 0, 0, 0, 0, 0, 0, 0, 0, 0, 0], [0, 0, 1, 0, 0, 0, 0, 0, 0, 0, 0, 0, 0, 0, 0, 0, 0, 0, 0, 0, 0, 0], [0, 0, 0, 1, 0, 0, 0, 0, 0, 0, 0, 0, 0, 0, 0, 0, 0, 0, 0, 0, 0, 0], [0, 0, 0, 0, 1, 0, 0, 0, 0, 0, 0, 0, 0, 0, 0, 0, 0, 0, 0, 0, 0, 0], [0, 0, 0, 0, 0, 1, 0, 0, 0, 0, 0, 0, 0, 0, 0, 0, 0, 0, 0, 0, 0, 0], [0, 0, 0, 0, 0, 0, 1, 0, 0, 0, 0, 0, 0, 0, 0, 0, 0, 0, 0, 0, 0, 0], [0, 0, 0, 0, 0, 0, 0, 1, 0, 0, 0, 0, 0, 0, 0, 0, 0, 0, 0, 0, 0, 0], [0, 0, 0, 0, 0, 0, 0, 0, 1, 0, 0, 0, 0, 0, 0, 0, 0, 0, 0, 0, 0, 0], [0, 0, 0, 0, 0, 0, 0, 0, 0, 1, 0, 0, 0, 0, 0, 0, 0, 0, 0, 0, 0, 0], [0, 0, 0, 0, 0, 0, 0, 0, 0, 0, 1, 0, 0, 0, 0, 0, 0, 0, 0, 0, 0, 0], [0, 0, 0, 0, 0, 0, 0, 0, 0, 0, 0, 1, 0, 0, 0, 0, 0, 0, 0, 0, 0, 0], [0, 0, 0, 0, 0, 0, 0, 0, 0, 0, 0, 0, 1, 0, 0, 0, 0, 0, 0, 0, 0, 0], [0, 0, 0, 0, 0, 0, 0, 0, 0, 0, 0, 0, 0, 1, 0, 0, 0, 0, 0, 0, 0, 0], [0, 0, 0, 0, 0, 0, 0, 0, 0, 0, 0, 0, 0, 0, 1, 0, 0, 0, 0, 0, 0, 0], [0, 0, 0, 0, 0, 0, 0, 0, 0, 0, 0, 0, 0, 0, 0, 1, 0, 0, 0, 0, 0, 0], [0, 0, 0, 0, 0, 0, 0, 0, 0, 0, 0, 0, 0, 0, 0, 0, 1, 0, 0, 0, 0, 0], [0, 0, 0, 0, 0, 0, 0, 0, 0, 0, 0, 0, 0, 0, 0, 0, 0, 1, 0, 0, 0, 0], [0, 0, 0, 0, 0, 0, 0, 0, 0, 0, 0, 0, 0, 0, 0, 0, 0, 0, 1, 0, 0, 0], [0, 0, 0, 0, 0, 0, 0, 0, 0, 0, 0, 0, 0, 0, 0, 0, 0, 0, 0, 1, 0, 0], [0, 0, 0, 0, 0, 0, 0, 0, 0, 0, 0, 0, 0, 0, 0, 0, 0, 0, 0, 0, 1, 0], [0, 0, 0, 0, 0, 0, 0, 0, 0, 0, 0, 0, 0, 0, 0, 0, 0, 0, 0, 0, 0, 1]]
[[1, 0, 0, 0, 0, 0, 0, 0, 0, 0, 0, 0, 0, 0, 0, 0, 0, 0, 0, 0, 0, 0], [0, 1, 0, 0, 0, 0, 0, 0, 0, 0, 0, 0, 0, 0, 0, 0, 0, 0, 0, 0, 0, 0], [0, 0, 1, 0, 0, 0, 0, 0, 0, 0, 0, 0, 0, 0, 0, 0, 0, 0, 0, 0, 0, 0], [0, 0, 0, 1, 0, 0, 0, 0, 0, 0, 0, 0, 0, 0, 0, 0, 0, 0, 0, 0, 0, 0], [0, 0, 0, 0, 1, 0, 0, 0, 0, 0, 0, 0, 0, 0, 0, 0, 0, 0, 0, 0, 0, 0], [0, 0, 0, 0, 0, 1, 0, 0, 0, 0, 0, 0, 0, 0, 0, 0, 0, 0, 0, 0, 0, 0], [0, 0, 0, 0, 0, 0, 1, 0, 0, 0, 0, 0, 0, 0, 0, 0, 0, 0, 0, 0, 0, 0], [0, 0, 0, 0, 0, 0, 0, 1, 0, 0, 0, 0, 0, 0, 0, 0, 0, 0, 0, 0, 0, 0], [0, 0, 0, 0, 0, 0, 0, 0, 1, 0, 0, 0, 0, 0, 0, 0, 0, 0, 0, 0, 0, 0], [0, 0, 0, 0, 0, 0, 0, 0, 0, 1, 0, 0, 0, 0, 0, 0, 0, 0, 0, 0, 0, 0], [0, 0, 0, 0, 0, 0, 0, 0, 0, 0, 1, 0, 0, 0, 0, 0, 0, 0, 0, 0, 0, 0], [0, 0, 0, 0, 0, 0, 0, 0, 0, 0, 0, 1, 0, 0, 0, 0, 0, 0, 0, 0, 0, 0], [0, 0, 0, 0, 0, 0, 0, 0, 0, 0, 0, 0, 1, 0, 0, 0, 0, 0, 0, 0, 0, 0], [0, 0, 0, 0, 0, 0, 0, 0, 0, 0, 0, 0, 0, 1, 0, 0, 0, 0, 0, 0, 0, 0], [0, 0, 0, 0, 0, 0, 0, 0, 0, 0, 0, 0, 0, 0, 1, 0, 0, 0, 0, 0, 0, 0], [0, 0, 0, 0, 0, 0, 0, 0, 0, 0, 0, 0, 0, 0, 0, 1, 0, 0, 0, 0, 0, 0], [0, 0, 0, 0, 0, 0, 0, 0, 0, 0, 0, 0, 0, 0, 0, 0, 1, 0, 0, 0, 0, 0], [0, 0, 0, 0, 0, 0, 0, 0, 0, 0, 0, 0, 0, 0, 0, 0, 0, 1, 0, 0, 0, 0], [0, 0, 0, 0, 0, 0, 0, 0, 0, 0, 0, 0, 0, 0, 0, 0, 0, 0, 1, 0, 0, 0], [0, 0, 0, 0, 0, 0, 0, 0, 0, 0, 0, 0, 0, 0, 0, 0, 0, 0, 0, 1, 0, 0], [0, 0, 0, 0, 0, 0, 0, 0, 0, 0, 0, 0, 0, 0, 0, 0, 0, 0, 0, 0, 1, 0], [0, 0, 0, 0, 0, 0, 0, 0, 0, 0, 0, 0, 0, 0, 0, 0, 0, 0, 0, 0, 0, 1]]
[[-3, -2, 0, 1, 1, 2, -2, 2, 1, 0, -3, 1, 0, 1, -3, 1, 4, 2, -1, 4, 1, 0], [2, 1, 0, -1, -1, -2, 0, -1, -2, 0, 1, -2, 0, -2, 1, -1, -3, -2, 1, -2, -2, 0], [2, 1, 0, -1, -1, -2, 1, -1, -1, 0, 2, 0, -1, -1, 2, -1, -3, -2, 1, -3, -1, 0], [0, 0, -1, 0, -1, 0, -1, -2, -4, 2, 0, -3, 0, -3, 1, -1, -4, -2, 2, -2, -3, -1], [3, 1, -1, -2, -2, -2, -1, -4, -7, 2, 2, -5, -1, -5, 3, -3, -9, -5, 4, -6, -5, -2], [-1, 0, 1, 1, 2, 2, 1, 2, 4, 0, 0, 1, 2, 3, -2, 2, 5, 3, -3, 3, 3, 2], [3, 1, 0, -1, -2, -2, 0, -2, -4, 1, 2, -3, -1, -3, 2, -2, -6, -3, 3, -4, -3, -1], [3, 2, 0, -1, -1, -1, 1, -3, -4, 2, 3, -5, 1, -3, 2, -1, -6, -2, 1, -4, -3, 0], [-1, 0, 0, 1, 1, 1, 1, 1, 3, -1, 0, 3, 0, 2, -1, 1, 3, 2, -1, 2, 2, 0], [0, -1, 0, 0, -1, -1, -1, 0, -1, -1, -1, 1, -2, -1, 0, -1, -1, -1, 1, 0, -1, -1], [0, 1, 0, 0, 1, 1, 2, 0, 3, 0, 1, 1, 1, 2, 1, 1, 2, 1, -2, 0, 2, 1], [-2, -1, 1, 1, 1, 1, -1, 2, 3, -1, -2, 2, 0, 2, -2, 1, 4, 2, -2, 3, 2, 1], [-2, 0, 0, 1, 1, 1, 0, 1, 3, -1, -1, 2, 0, 2, -1, 1, 3, 2, -2, 2, 2, 1], [-1, -1, 0, 0, 0, 0, 0, 1, 1, -1, -1, 2, 0, 1, 0, 0, 2, 1, 0, 1, 1, 0], [1, 1, -1, -1, -1, -1, 1, -2, -2, 1, 2, -2, 0, -1, 2, -1, -3, -2, 0, -3, -1, 0], [-2, -1, 1, 1, 1, 1, 0, 2, 3, -1, -1, 2, 1, 2, -2, 2, 5, 3, -2, 3, 3, 1], [1, 0, 0, 0, 0, 0, -1, 0, -2, 1, 0, -1, 0, -1, 0, 0, -1, -1, 2, 0, -2, -1], [0, -1, 0, 0, 0, 0, -1, 1, -1, 0, -1, 0, 0, 0, -1, 0, 0, 0, 1, 1, -1, -1], [0, 0, 0, 0, 0, 0, 1, 0, 1, -1, 0, 1, 0, 1, 0, 0, 1, 0, 0, 0, 1, 0], [0, 1, -1, -1, -1, -1, 2, -1, 2, -1, 1, 1, -1, 1, 2, -1, 0, -1, -2, -2, 2, 1], [0, 0, -1, -1, -1, -1, 0, -2, -2, 0, 0, -2, -1, -2, 1, -1, -3, -2, 0, -2, -1, 0], [-2, -1, 1, 1, 1, 2, 0, 2, 3, -1, -2, 2, 1, 3, -2, 1, 5, 2, -2, 3, 3, 1]]
[[-4, -3, -1, 1, -1, 1, -3, 0, 1, -2, -8, 3, -5, -1, 0, -3, 1, -2, -2, 3, 2, 0], [1, 1, 0, -1, 0, -1, 0, 0, -1, 0, 2, -2, 1, 0, -1, 0, -1, 0, 0, -1, -1, 0], [1, 0, 0, -1, 0, -1, 1, 0, -1, 1, 3, -1, 1, 0, 0, 0, -1, 0, 1, -2, -1, 0], [3, 3, 2, 1, 0, 0, 1, -1, 0, 0, 3, -2, 2, 0, 1, 2, -1, 1, 0, -1, -1, 0], [5, 4, 2, -1, 1, -1, 2, -1, -1, 1, 7, -4, 4, 0, 1, 3, -2, 2, 1, -3, -2, 0], [0, 0, 1, 1, 1, 2, 0, 1, 1, 0, -1, 1, 1, 1, -1, 1, 2, 1, 0, 2, 1, 0], [2, 1, 1, -1, 0, -1, 1, 0, -1, 0, 3, -3, 2, 0, -1, 1, -1, 1, 0, -1, -1, 0], [6, 5, 3, 0, 1, 0, 3, 0, 0, 1, 7, -3, 5, 1, 1, 4, -1, 2, 1, -2, -2, 0], [0, 0, -1, 0, 0, 0, 1, 0, 1, 1, 1, 1, 0, 0, 1, 0, 0, 0, 1, -1, 0, 0], [-3, -3, -2, -1, -1, -1, -2, 0, -1, 0, -3, 0, -3, -1, -1, -3, -1, -2, -1, 0, 0, 0], [2, 2, 1, 1, 1, 1, 2, 0, 1, 1, 3, 1, 2, 1, 1, 2, 1, 1, 1, 0, 0, 0], [-3, -2, -1, 0, -1, 0, -2, 0, 0, -1, -4, 2, -3, -1, 0, -2, 0, -1, -1, 1, 1, 0], [-1, 0, -1, 0, -1, 0, 0, -1, 0, 0, -1, 1, -1, -1, 2, -1, -1, -1, 0, -1, 0, 0], [-2, -2, -1, 0, 0, 0, -1, 1, 0, 0, -2, 1, -1, 1, -1, -1, 1, 0, 0, 1, 1, 0], [3, 2, 1, 0, 1, 0, 2, 0, 0, 1, 4, -1, 3, 1, 1, 2, 0, 1, 1, -1, -1, 0], [-2, -2, -1, 0, 0, 0, -1, 1, 0, 0, -2, 1, -1, 0, -1, 0, 1, 0, 0, 1, 1, 0], [0, 0, 1, 0, 0, 0, -1, 0, 0, -1, -1, -1, 0, 0, -1, 0, 1, 0, -1, 1, 0, 0], [-1, -1, 0, 0, 0, 0, -1, 0, 0, -1, -2, 0, -1, 0, -1, -1, 0, 0, -1, 1, 0, 0], [-1, -1, -1, 0, 0, 0, 0, 0, 0, 0, -1, 1, -1, 0, 0, -1, 0, -1, 1, 0, 0, 0], [-1, -1, -2, 0, 0, 0, 1, 0, 0, 1, 0, 2, -1, 0, 1, -1, 0, -1, 1, 0, 0, 0], [1, 1, 0, 0, 0, 0, 1, -1, 0, 0, 1, 0, 0, 0, 1, 0, -1, -1, 0, -1, 0, 0], [-4, -3, -1, 1, 0, 1, -2, 1, 1, -1, -6, 3, -3, 0, -1, -2, 2, -1, -1, 3, 2, 1]]
[[1, 0, 0, 0, 0, 0, 0, 0, 0, 0, 0, 0, 0, 0, 0, 0, 0, 0, 0, 0, 0, 0], [0, 1, 0, 0, 0, 0, 0, 0, 0, 0, 0, 0, 0, 0, 0, 0, 0, 0, 0, 0, 0, 0], [0, 0, 1, 0, 0, 0, 0, 0, 0, 0, 0, 0, 0, 0, 0, 0, 0, 0, 0, 0, 0, 0], [0, 0, 0, 1, 0, 0, 0, 0, 0, 0, 0, 0, 0, 0, 0, 0, 0, 0, 0, 0, 0, 0], [0, 0, 0, 0, 1, 0, 0, 0, 0, 0, 0, 0, 0, 0, 0, 0, 0, 0, 0, 0, 0, 0], [0, 0, 0, 0, 0, 1, 0, 0, 0, 0, 0, 0, 0, 0, 0, 0, 0, 0, 0, 0, 0, 0], [0, 0, 0, 0, 0, 0, 1, 0, 0, 0, 0, 0, 0, 0, 0, 0, 0, 0, 0, 0, 0, 0], [0, 0, 0, 0, 0, 0, 0, 1, 0, 0, 0, 0, 0, 0, 0, 0, 0, 0, 0, 0, 0, 0], [0, 0, 0, 0, 0, 0, 0, 0, 1, 0, 0, 0, 0, 0, 0, 0, 0, 0, 0, 0, 0, 0], [0, 0, 0, 0, 0, 0, 0, 0, 0, 1, 0, 0, 0, 0, 0, 0, 0, 0, 0, 0, 0, 0], [0, 0, 0, 0, 0, 0, 0, 0, 0, 0, 1, 0, 0, 0, 0, 0, 0, 0, 0, 0, 0, 0], [0, 0, 0, 0, 0, 0, 0, 0, 0, 0, 0, 1, 0, 0, 0, 0, 0, 0, 0, 0, 0, 0], [0, 0, 0, 0, 0, 0, 0, 0, 0, 0, 0, 0, 1, 0, 0, 0, 0, 0, 0, 0, 0, 0], [0, 0, 0, 0, 0, 0, 0, 0, 0, 0, 0, 0, 0, 1, 0, 0, 0, 0, 0, 0, 0, 0], [0, 0, 0, 0, 0, 0, 0, 0, 0, 0, 0, 0, 0, 0, 1, 0, 0, 0, 0, 0, 0, 0], [0, 0, 0, 0, 0, 0, 0, 0, 0, 0, 0, 0, 0, 0, 0, 1, 0, 0, 0, 0, 0, 0], [0, 0, 0, 0, 0, 0, 0, 0, 0, 0, 0, 0, 0, 0, 0, 0, 1, 0, 0, 0, 0, 0], [0, 0, 0, 0, 0, 0, 0, 0, 0, 0, 0, 0, 0, 0, 0, 0, 0, 1, 0, 0, 0, 0], [0, 0, 0, 0, 0, 0, 0, 0, 0, 0, 0, 0, 0, 0, 0, 0, 0, 0, 1, 0, 0, 0], [0, 0, 0, 0, 0, 0, 0, 0, 0, 0, 0, 0, 0, 0, 0, 0, 0, 0, 0, 1, 0, 0], [0, 0, 0, 0, 0, 0, 0, 0, 0, 0, 0, 0, 0, 0, 0, 0, 0, 0, 0, 0, 1, 0], [0, 0, 0, 0, 0, 0, 0, 0, 0, 0, 0, 0, 0, 0, 0, 0, 0, 0, 0, 0, 0, 1]]
[[1, 1, 0, 0, 0, 0, 1, 0, 1, 1, 1, -1, 1, 0, 0, -1, -1, -1, -1, -1, 0, 1], [1, 0, 1, 0, 1, 1, 0, 1, 0, 0, 0, 0, 1, 1, -1, 1, 1, 1, 1, 1, 1, -1], [0, 0, 0, 0, 0, 0, 0, -1, -1, -1, 0, 0, 0, 0, 1, 1, 0, 1, 1, 0, 0, -1], [0, 0, 0, 0, 1, 0, 0, 1, 1, 1, 1, 0, 2, 1, -1, 1, 1, 1, -1, 0, 0, 1], [0, 0, 0, 0, 0, -1, 0, 1, 0, 0, 1, 0, 2, 1, 0, 2, 1, 2, 0, 0, 0, 0], [0, 0, 1, 0, 1, 1, 0, 1, 1, 0, 1, 0, 1, 1, -2, 1, 2, 1, -1, 1, 0, 1], [0, 1, 0, 0, 0, 0, 0, 0, 0, 0, 0, 0, 0, 0, 0, 0, 0, 0, 0, 0, 1, 0], [0, 0, 1, 0, 1, 1, 0, 1, 1, 1, 2, 0, 2, 1, -1, 2, 2, 2, -1, 0, 0, 1], [-1, -1, -1, 0, -1, -1, 0, -1, 0, -1, -2, 1, -3, -1, 1, -2, -1, -2, 0, 0, 0, 0], [0, 0, -1, -1, -1, -1, 0, -1, -1, -1, -2, 0, -2, -1, 2, -2, -2, -2, 1, -1, 1, -1], [0, 0, 0, 0, 0, 0, 0, 0, 0, 0, 2, 0, 1, 0, 0, 2, 1, 2, 0, 0, -2, 0], [-1, -1, -1, 0, -1, 0, -1, -1, -2, 0, -2, -1, -1, -1, 0, -2, -2, -2, 0, 0, -1, -1], [0, 0, 0, 0, 0, 0, 0, 0, 0, 0, 1, 0, 1, 1, 0, 1, 1, 0, 0, 0, -1, 0], [0, 0, 0, 0, 0, 0, 0, 0, 0, 0, 0, 0, -1, 0, 0, 0, 0, 0, 0, 0, 1, 0], [0, 0, 0, 0, 0, 0, 0, 0, 0, 0, 1, 1, 0, 0, 1, 1, 0, 1, 1, -1, -1, 0], [0, 0, 0, 0, 0, 0, 0, 0, 0, 0, 1, 0, 0, 1, 0, 0, 0, 1, 0, 0, 0, 0], [0, 0, 0, 0, 0, 0, 0, 0, 0, 0, -2, 0, 0, -1, 0, -1, -1, -1, 0, 0, 1, 0], [0, 0, 0, 0, 0, 0, 0, 0, 0, 0, -1, 0, 0, 0, 0, -1, 0, -1, 0, 0, 1, 0], [1, 1, 0, 0, 0, 0, 1, 0, 1, 0, 1, 1, -1, 0, 1, 0, 0, 0, 0, 0, 0, 0], [0, 0, -1, 0, -1, 0, 0, -1, -1, 0, 0, 1, -3, -2, 2, -1, -2, -1, 2, -1, -2, -1], [0, 0, 0, 0, 0, 0, -1, 0, 0, 0, -1, 0, -1, -1, 0, -1, -1, -1, 0, 0, -1, 0], [2, 2, 1, 0, 1, 1, 2, 1, 2, 1, 4, 0, 2, 2, 0, 2, 2, 2, -1, 0, 0, 1]]
[[1, 0, 0, 0, 0, 0, 0, 0, 0, 0, 0, 0, 0, 0, 0, 0, 0, 0, 0, 0, 0, 0], [0, 1, 0, 0, 0, 0, 0, 0, 0, 0, 0, 0, 0, 0, 0, 0, 0, 0, 0, 0, 0, 0], [0, 0, 1, 0, 0, 0, 0, 0, 0, 0, 0, 0, 0, 0, 0, 0, 0, 0, 0, 0, 0, 0], [0, 0, 0, 1, 0, 0, 0, 0, 0, 0, 0, 0, 0, 0, 0, 0, 0, 0, 0, 0, 0, 0], [0, 0, 0, 0, 1, 0, 0, 0, 0, 0, 0, 0, 0, 0, 0, 0, 0, 0, 0, 0, 0, 0], [0, 0, 0, 0, 0, 1, 0, 0, 0, 0, 0, 0, 0, 0, 0, 0, 0, 0, 0, 0, 0, 0], [0, 0, 0, 0, 0, 0, 1, 0, 0, 0, 0, 0, 0, 0, 0, 0, 0, 0, 0, 0, 0, 0], [0, 0, 0, 0, 0, 0, 0, 1, 0, 0, 0, 0, 0, 0, 0, 0, 0, 0, 0, 0, 0, 0], [0, 0, 0, 0, 0, 0, 0, 0, 1, 0, 0, 0, 0, 0, 0, 0, 0, 0, 0, 0, 0, 0], [0, 0, 0, 0, 0, 0, 0, 0, 0, 1, 0, 0, 0, 0, 0, 0, 0, 0, 0, 0, 0, 0], [0, 0, 0, 0, 0, 0, 0, 0, 0, 0, 1, 0, 0, 0, 0, 0, 0, 0, 0, 0, 0, 0], [0, 0, 0, 0, 0, 0, 0, 0, 0, 0, 0, 1, 0, 0, 0, 0, 0, 0, 0, 0, 0, 0], [0, 0, 0, 0, 0, 0, 0, 0, 0, 0, 0, 0, 1, 0, 0, 0, 0, 0, 0, 0, 0, 0], [0, 0, 0, 0, 0, 0, 0, 0, 0, 0, 0, 0, 0, 1, 0, 0, 0, 0, 0, 0, 0, 0], [0, 0, 0, 0, 0, 0, 0, 0, 0, 0, 0, 0, 0, 0, 1, 0, 0, 0, 0, 0, 0, 0], [0, 0, 0, 0, 0, 0, 0, 0, 0, 0, 0, 0, 0, 0, 0, 1, 0, 0, 0, 0, 0, 0], [0, 0, 0, 0, 0, 0, 0, 0, 0, 0, 0, 0, 0, 0, 0, 0, 1, 0, 0, 0, 0, 0], [0, 0, 0, 0, 0, 0, 0, 0, 0, 0, 0, 0, 0, 0, 0, 0, 0, 1, 0, 0, 0, 0], [0, 0, 0, 0, 0, 0, 0, 0, 0, 0, 0, 0, 0, 0, 0, 0, 0, 0, 1, 0, 0, 0], [0, 0, 0, 0, 0, 0, 0, 0, 0, 0, 0, 0, 0, 0, 0, 0, 0, 0, 0, 1, 0, 0], [0, 0, 0, 0, 0, 0, 0, 0, 0, 0, 0, 0, 0, 0, 0, 0, 0, 0, 0, 0, 1, 0], [0, 0, 0, 0, 0, 0, 0, 0, 0, 0, 0, 0, 0, 0, 0, 0, 0, 0, 0, 0, 0, 1]]

#################
# GALOIS GROUPS #
#################


Generators of the monodromy group on the generic Picard lattice:
[[1, -1, 0, 4, 3, 3, 2, 1, 0, 2, 3, -1, -1, 0, 2, 2, 5], [0, 0, 0, 0, 0, -1, 0, 0, 0, 0, 0, 0, -1, 0, 0, 1, 0], [-1, 2, 0, -3, -2, -3, -1, 0, 1, -2, -2, 1, 0, 0, -1, -1, -4], [2, -2, 2, 5, 5, 5, 2, 2, -1, 4, 3, 0, -1, 0, 3, 2, 6], [0, -1, 0, 2, 1, 2, 0, 0, -1, 2, 1, 0, 0, 0, 0, 1, 2], [0, -1, 0, 0, 0, 0, 0, 0, 0, 0, 0, 0, 1, 0, 0, -1, 0], [1, 1, 0, 0, 0, 0, 1, 0, 1, 0, 0, 0, -1, 1, 0, 1, 0], [0, -2, 0, 2, 1, 2, 0, 0, -1, 2, 1, -1, 0, 0, 1, 0, 2], [0, 1, 1, -3, -1, -1, -1, 0, 0, -2, -2, 1, 1, -1, -1, -1, -3], [0, 2, 0, -2, -1, -2, 0, 0, 1, -2, -1, 0, -1, 0, -1, 1, -2], [0, 1, -1, 1, 0, -1, 1, 0, 2, -1, 2, -1, 0, 1, 0, 0, 1], [0, 0, 0, 0, 0, 0, 0, -1, 0, -1, 0, 0, 1, 0, 0, -1, 0], [0, 1, 0, -2, -1, -1, 0, 0, 1, -1, -1, 0, -1, 0, -1, 0, -2], [-2, -1, -1, -1, -2, -1, -1, -1, -1, 0, -1, 0, 1, 0, -1, -2, -2], [0, 1, 0, -2, -2, -2, 0, 0, 1, -2, -1, 0, 0, 0, -1, -1, -2], [0, 1, 0, -2, -1, -1, 0, 0, 1, -1, -1, 0, 0, 0, -1, -1, -2], [-2, 1, -1, -5, -4, -4, -3, -2, -1, -3, -4, 1, 1, -1, -2, -2, -6]]
[[2, 0, 2, 1, 3, 3, 1, 0, 0, 0, 1, 0, 0, 0, 1, 1, 2], [0, -1, 0, 1, 1, 1, 0, 0, -1, 1, -1, 0, -1, -1, 1, 0, 2], [-1, -1, -1, 0, -1, -1, 0, 0, -1, 1, -1, 1, 0, 0, 0, -1, 0], [2, 1, 1, 1, 2, 2, 1, 0, 1, -1, 2, -1, 0, 0, 0, 2, 2], [1, 0, 0, 1, 1, 1, 1, 0, 0, 0, 1, -1, -1, 0, 1, 1, 2], [0, 1, 0, -1, -1, -1, -1, 0, 1, -1, 0, 0, 1, 0, -1, 0, -2], [0, -1, 0, 1, 1, 0, 0, 0, -1, 1, 0, 0, -1, 0, 1, 0, 2], [1, 1, 1, 0, 1, 0, 0, 1, 1, -1, 1, 0, 1, 0, 0, 1, 0], [-1, 1, -1, -1, -2, -1, 0, 0, 1, 0, 0, 0, 0, 1, -1, -1, -2], [-1, -2, -1, 1, 0, 1, 0, -1, -2, 2, -1, 0, -1, 0, 1, -1, 2], [-1, -1, 0, -2, -2, -1, -2, -2, -2, -1, -3, 1, 1, -1, -1, -1, -3], [-1, 1, 0, -2, -3, -2, -1, -1, 1, -2, -1, 0, 1, 0, -2, -1, -4], [0, -1, 0, 1, 1, 1, 0, 1, -1, 2, 0, 0, -1, 0, 1, 0, 2], [1, 1, 0, 1, 1, 0, 2, 2, 3, 0, 3, -1, 0, 1, 0, 1, 1], [-1, 0, -1, -2, -1, -1, -1, 0, 0, 0, -1, 0, 0, 0, -1, -1, -2], [-2, 0, -2, 0, -2, -2, 0, 0, 1, 0, 1, -1, 0, 1, -1, -1, -1], [-1, 0, 0, 0, -1, -1, 0, 1, 0, 1, -1, 1, 0, 0, 0, -1, -1]]
[[1, 0, 0, 0, 0, 0, 0, 0, 0, 0, 0, 0, 0, 0, 0, 0, 0], [0, 1, 0, 0, 0, 0, 0, 0, 0, 0, 0, 0, 0, 0, 0, 0, 0], [0, 0, 1, 0, 0, 0, 0, 0, 0, 0, 0, 0, 0, 0, 0, 0, 0], [0, 0, 0, 1, 0, 0, 0, 0, 0, 0, 0, 0, 0, 0, 0, 0, 0], [0, 0, 0, 0, 1, 0, 0, 0, 0, 0, 0, 0, 0, 0, 0, 0, 0], [0, 0, 0, 0, 0, 1, 0, 0, 0, 0, 0, 0, 0, 0, 0, 0, 0], [0, 0, 0, 0, 0, 0, 1, 0, 0, 0, 0, 0, 0, 0, 0, 0, 0], [0, 0, 0, 0, 0, 0, 0, 1, 0, 0, 0, 0, 0, 0, 0, 0, 0], [0, 0, 0, 0, 0, 0, 0, 0, 1, 0, 0, 0, 0, 0, 0, 0, 0], [0, 0, 0, 0, 0, 0, 0, 0, 0, 1, 0, 0, 0, 0, 0, 0, 0], [0, 0, 0, 0, 0, 0, 0, 0, 0, 0, 1, 0, 0, 0, 0, 0, 0], [0, 0, 0, 0, 0, 0, 0, 0, 0, 0, 0, 1, 0, 0, 0, 0, 0], [0, 0, 0, 0, 0, 0, 0, 0, 0, 0, 0, 0, 1, 0, 0, 0, 0], [0, 0, 0, 0, 0, 0, 0, 0, 0, 0, 0, 0, 0, 1, 0, 0, 0], [0, 0, 0, 0, 0, 0, 0, 0, 0, 0, 0, 0, 0, 0, 1, 0, 0], [0, 0, 0, 0, 0, 0, 0, 0, 0, 0, 0, 0, 0, 0, 0, 1, 0], [0, 0, 0, 0, 0, 0, 0, 0, 0, 0, 0, 0, 0, 0, 0, 0, 1]]
[[1, 1, 0, 0, -1, 0, 0, -1, 1, -1, 0, -1, 0, 1, 0, -1, 0], [0, 0, 0, 0, 1, 0, 0, 1, 0, 0, 0, 0, 0, -1, 0, 0, 1], [-1, -1, 0, -1, 0, -1, 0, 1, 0, 0, 0, 0, 0, -1, -1, 0, -1], [1, 1, 1, 2, 0, 1, 0, -1, 0, 0, 0, 0, 0, 1, 1, 0, 1], [0, 0, 0, 0, 0, 0, -1, -1, -1, 0, -1, 0, 0, 0, 0, 0, 0], [1, 0, 1, 1, 1, 2, 0, 0, -1, 1, 0, 1, 0, 0, 1, 1, 1], [0, -1, 0, 0, 0, 0, 0, 0, -1, 0, -1, 0, 0, -1, 0, 0, 1], [2, 1, 2, 2, 2, 2, 1, 1, 0, 1, 1, 1, 0, 1, 2, 1, 2], [-1, 0, -1, -1, -1, -1, 0, 0, 1, 0, 0, 0, 0, 0, -1, 0, -2], [-1, -1, -1, -1, 0, -1, 0, 1, 1, 0, 0, -1, 0, -1, -1, -1, 0], [-1, 0, -1, -1, -2, -1, -1, -1, 0, -1, 0, -1, 0, 0, -1, -1, -1], [-1, 1, -1, -1, -2, -1, 0, -1, 1, -1, 0, 0, 0, 1, -1, -1, -2], [-1, -1, -1, -1, -1, -1, -1, 0, -1, 0, -1, 0, 1, -1, -1, 0, -1], [1, 0, 1, 1, 2, 1, 1, 1, 0, 1, 1, 1, 0, 1, 1, 1, 1], [-1, -1, -1, -1, -1, -1, -1, 0, -1, 0, -1, 0, 0, -1, 0, 0, -1], [0, 0, 0, 0, 1, 0, 1, 1, 1, 0, 1, 0, 0, 0, 0, 1, 0], [-1, 0, -1, -1, 0, -1, 1, 1, 1, 0, 1, 0, 0, 0, -1, 0, -1]]
[[1, 0, 0, 0, 0, 0, 0, 0, 0, 0, 0, 0, 0, 0, 0, 0, 0], [0, 1, 0, 0, 0, 0, 0, 0, 0, 0, 0, 0, 0, 0, 0, 0, 0], [0, 0, 1, 0, 0, 0, 0, 0, 0, 0, 0, 0, 0, 0, 0, 0, 0], [0, 0, 0, 1, 0, 0, 0, 0, 0, 0, 0, 0, 0, 0, 0, 0, 0], [0, 0, 0, 0, 1, 0, 0, 0, 0, 0, 0, 0, 0, 0, 0, 0, 0], [0, 0, 0, 0, 0, 1, 0, 0, 0, 0, 0, 0, 0, 0, 0, 0, 0], [0, 0, 0, 0, 0, 0, 1, 0, 0, 0, 0, 0, 0, 0, 0, 0, 0], [0, 0, 0, 0, 0, 0, 0, 1, 0, 0, 0, 0, 0, 0, 0, 0, 0], [0, 0, 0, 0, 0, 0, 0, 0, 1, 0, 0, 0, 0, 0, 0, 0, 0], [0, 0, 0, 0, 0, 0, 0, 0, 0, 1, 0, 0, 0, 0, 0, 0, 0], [0, 0, 0, 0, 0, 0, 0, 0, 0, 0, 1, 0, 0, 0, 0, 0, 0], [0, 0, 0, 0, 0, 0, 0, 0, 0, 0, 0, 1, 0, 0, 0, 0, 0], [0, 0, 0, 0, 0, 0, 0, 0, 0, 0, 0, 0, 1, 0, 0, 0, 0], [0, 0, 0, 0, 0, 0, 0, 0, 0, 0, 0, 0, 0, 1, 0, 0, 0], [0, 0, 0, 0, 0, 0, 0, 0, 0, 0, 0, 0, 0, 0, 1, 0, 0], [0, 0, 0, 0, 0, 0, 0, 0, 0, 0, 0, 0, 0, 0, 0, 1, 0], [0, 0, 0, 0, 0, 0, 0, 0, 0, 0, 0, 0, 0, 0, 0, 0, 1]]
[[1, 0, 0, 0, 0, 0, 0, 0, 0, 0, 0, 0, 0, 0, 0, 0, 0], [0, 1, 0, 0, 0, 0, 0, 0, 0, 0, 0, 0, 0, 0, 0, 0, 0], [0, 0, 1, 0, 0, 0, 0, 0, 0, 0, 0, 0, 0, 0, 0, 0, 0], [0, 0, 0, 1, 0, 0, 0, 0, 0, 0, 0, 0, 0, 0, 0, 0, 0], [0, 0, 0, 0, 1, 0, 0, 0, 0, 0, 0, 0, 0, 0, 0, 0, 0], [0, 0, 0, 0, 0, 1, 0, 0, 0, 0, 0, 0, 0, 0, 0, 0, 0], [0, 0, 0, 0, 0, 0, 1, 0, 0, 0, 0, 0, 0, 0, 0, 0, 0], [0, 0, 0, 0, 0, 0, 0, 1, 0, 0, 0, 0, 0, 0, 0, 0, 0], [0, 0, 0, 0, 0, 0, 0, 0, 1, 0, 0, 0, 0, 0, 0, 0, 0], [0, 0, 0, 0, 0, 0, 0, 0, 0, 1, 0, 0, 0, 0, 0, 0, 0], [0, 0, 0, 0, 0, 0, 0, 0, 0, 0, 1, 0, 0, 0, 0, 0, 0], [0, 0, 0, 0, 0, 0, 0, 0, 0, 0, 0, 1, 0, 0, 0, 0, 0], [0, 0, 0, 0, 0, 0, 0, 0, 0, 0, 0, 0, 1, 0, 0, 0, 0], [0, 0, 0, 0, 0, 0, 0, 0, 0, 0, 0, 0, 0, 1, 0, 0, 0], [0, 0, 0, 0, 0, 0, 0, 0, 0, 0, 0, 0, 0, 0, 1, 0, 0], [0, 0, 0, 0, 0, 0, 0, 0, 0, 0, 0, 0, 0, 0, 0, 1, 0], [0, 0, 0, 0, 0, 0, 0, 0, 0, 0, 0, 0, 0, 0, 0, 0, 1]]
[[1, 0, 0, 0, 0, 0, 0, 0, 0, 0, 0, 0, 0, 0, 0, 0, 0], [0, 1, 0, 0, 0, 0, 0, 0, 0, 0, 0, 0, 0, 0, 0, 0, 0], [0, 0, 1, 0, 0, 0, 0, 0, 0, 0, 0, 0, 0, 0, 0, 0, 0], [0, 0, 0, 1, 0, 0, 0, 0, 0, 0, 0, 0, 0, 0, 0, 0, 0], [0, 0, 0, 0, 1, 0, 0, 0, 0, 0, 0, 0, 0, 0, 0, 0, 0], [0, 0, 0, 0, 0, 1, 0, 0, 0, 0, 0, 0, 0, 0, 0, 0, 0], [0, 0, 0, 0, 0, 0, 1, 0, 0, 0, 0, 0, 0, 0, 0, 0, 0], [0, 0, 0, 0, 0, 0, 0, 1, 0, 0, 0, 0, 0, 0, 0, 0, 0], [0, 0, 0, 0, 0, 0, 0, 0, 1, 0, 0, 0, 0, 0, 0, 0, 0], [0, 0, 0, 0, 0, 0, 0, 0, 0, 1, 0, 0, 0, 0, 0, 0, 0], [0, 0, 0, 0, 0, 0, 0, 0, 0, 0, 1, 0, 0, 0, 0, 0, 0], [0, 0, 0, 0, 0, 0, 0, 0, 0, 0, 0, 1, 0, 0, 0, 0, 0], [0, 0, 0, 0, 0, 0, 0, 0, 0, 0, 0, 0, 1, 0, 0, 0, 0], [0, 0, 0, 0, 0, 0, 0, 0, 0, 0, 0, 0, 0, 1, 0, 0, 0], [0, 0, 0, 0, 0, 0, 0, 0, 0, 0, 0, 0, 0, 0, 1, 0, 0], [0, 0, 0, 0, 0, 0, 0, 0, 0, 0, 0, 0, 0, 0, 0, 1, 0], [0, 0, 0, 0, 0, 0, 0, 0, 0, 0, 0, 0, 0, 0, 0, 0, 1]]
[[1, 0, 0, 0, 0, 0, 0, 0, 0, 0, 0, 0, 0, 0, 0, 0, 0], [0, 1, 0, 0, 0, 0, 0, 0, 0, 0, 0, 0, 0, 0, 0, 0, 0], [0, 0, 1, 0, 0, 0, 0, 0, 0, 0, 0, 0, 0, 0, 0, 0, 0], [0, 0, 0, 1, 0, 0, 0, 0, 0, 0, 0, 0, 0, 0, 0, 0, 0], [0, 0, 0, 0, 1, 0, 0, 0, 0, 0, 0, 0, 0, 0, 0, 0, 0], [0, 0, 0, 0, 0, 1, 0, 0, 0, 0, 0, 0, 0, 0, 0, 0, 0], [0, 0, 0, 0, 0, 0, 1, 0, 0, 0, 0, 0, 0, 0, 0, 0, 0], [0, 0, 0, 0, 0, 0, 0, 1, 0, 0, 0, 0, 0, 0, 0, 0, 0], [0, 0, 0, 0, 0, 0, 0, 0, 1, 0, 0, 0, 0, 0, 0, 0, 0], [0, 0, 0, 0, 0, 0, 0, 0, 0, 1, 0, 0, 0, 0, 0, 0, 0], [0, 0, 0, 0, 0, 0, 0, 0, 0, 0, 1, 0, 0, 0, 0, 0, 0], [0, 0, 0, 0, 0, 0, 0, 0, 0, 0, 0, 1, 0, 0, 0, 0, 0], [0, 0, 0, 0, 0, 0, 0, 0, 0, 0, 0, 0, 1, 0, 0, 0, 0], [0, 0, 0, 0, 0, 0, 0, 0, 0, 0, 0, 0, 0, 1, 0, 0, 0], [0, 0, 0, 0, 0, 0, 0, 0, 0, 0, 0, 0, 0, 0, 1, 0, 0], [0, 0, 0, 0, 0, 0, 0, 0, 0, 0, 0, 0, 0, 0, 0, 1, 0], [0, 0, 0, 0, 0, 0, 0, 0, 0, 0, 0, 0, 0, 0, 0, 0, 1]]
[[1, 0, 0, 0, 0, 0, 0, 0, 0, 0, 0, 0, 0, 0, 0, 0, 0], [0, 1, 0, 0, 0, 0, 0, 0, 0, 0, 0, 0, 0, 0, 0, 0, 0], [0, 0, 1, 0, 0, 0, 0, 0, 0, 0, 0, 0, 0, 0, 0, 0, 0], [0, 0, 0, 1, 0, 0, 0, 0, 0, 0, 0, 0, 0, 0, 0, 0, 0], [0, 0, 0, 0, 1, 0, 0, 0, 0, 0, 0, 0, 0, 0, 0, 0, 0], [0, 0, 0, 0, 0, 1, 0, 0, 0, 0, 0, 0, 0, 0, 0, 0, 0], [0, 0, 0, 0, 0, 0, 1, 0, 0, 0, 0, 0, 0, 0, 0, 0, 0], [0, 0, 0, 0, 0, 0, 0, 1, 0, 0, 0, 0, 0, 0, 0, 0, 0], [0, 0, 0, 0, 0, 0, 0, 0, 1, 0, 0, 0, 0, 0, 0, 0, 0], [0, 0, 0, 0, 0, 0, 0, 0, 0, 1, 0, 0, 0, 0, 0, 0, 0], [0, 0, 0, 0, 0, 0, 0, 0, 0, 0, 1, 0, 0, 0, 0, 0, 0], [0, 0, 0, 0, 0, 0, 0, 0, 0, 0, 0, 1, 0, 0, 0, 0, 0], [0, 0, 0, 0, 0, 0, 0, 0, 0, 0, 0, 0, 1, 0, 0, 0, 0], [0, 0, 0, 0, 0, 0, 0, 0, 0, 0, 0, 0, 0, 1, 0, 0, 0], [0, 0, 0, 0, 0, 0, 0, 0, 0, 0, 0, 0, 0, 0, 1, 0, 0], [0, 0, 0, 0, 0, 0, 0, 0, 0, 0, 0, 0, 0, 0, 0, 1, 0], [0, 0, 0, 0, 0, 0, 0, 0, 0, 0, 0, 0, 0, 0, 0, 0, 1]]
[[1, 0, 0, 0, 0, 0, 0, 0, 0, 0, 0, 0, 0, 0, 0, 0, 0], [0, 1, 0, 0, 0, 0, 0, 0, 0, 0, 0, 0, 0, 0, 0, 0, 0], [0, 0, 1, 0, 0, 0, 0, 0, 0, 0, 0, 0, 0, 0, 0, 0, 0], [0, 0, 0, 1, 0, 0, 0, 0, 0, 0, 0, 0, 0, 0, 0, 0, 0], [0, 0, 0, 0, 1, 0, 0, 0, 0, 0, 0, 0, 0, 0, 0, 0, 0], [0, 0, 0, 0, 0, 1, 0, 0, 0, 0, 0, 0, 0, 0, 0, 0, 0], [0, 0, 0, 0, 0, 0, 1, 0, 0, 0, 0, 0, 0, 0, 0, 0, 0], [0, 0, 0, 0, 0, 0, 0, 1, 0, 0, 0, 0, 0, 0, 0, 0, 0], [0, 0, 0, 0, 0, 0, 0, 0, 1, 0, 0, 0, 0, 0, 0, 0, 0], [0, 0, 0, 0, 0, 0, 0, 0, 0, 1, 0, 0, 0, 0, 0, 0, 0], [0, 0, 0, 0, 0, 0, 0, 0, 0, 0, 1, 0, 0, 0, 0, 0, 0], [0, 0, 0, 0, 0, 0, 0, 0, 0, 0, 0, 1, 0, 0, 0, 0, 0], [0, 0, 0, 0, 0, 0, 0, 0, 0, 0, 0, 0, 1, 0, 0, 0, 0], [0, 0, 0, 0, 0, 0, 0, 0, 0, 0, 0, 0, 0, 1, 0, 0, 0], [0, 0, 0, 0, 0, 0, 0, 0, 0, 0, 0, 0, 0, 0, 1, 0, 0], [0, 0, 0, 0, 0, 0, 0, 0, 0, 0, 0, 0, 0, 0, 0, 1, 0], [0, 0, 0, 0, 0, 0, 0, 0, 0, 0, 0, 0, 0, 0, 0, 0, 1]]
[[-1, 0, -1, 1, 1, 0, 1, 1, 1, 1, 2, -1, -1, 1, 1, -1, 2], [1, 1, -1, -1, 0, 0, 1, 0, 2, -1, 1, -1, 0, 1, -1, 0, 0], [1, -1, 1, -1, 0, 1, -1, 0, -1, 0, -1, 0, 1, -1, -1, 1, -1], [0, 1, 0, 2, 2, 0, 2, 2, 2, 1, 2, 0, -2, 1, 2, 0, 3], [1, 1, 1, -1, 1, 0, 0, 1, 0, 0, -1, 1, -1, 0, 1, 0, 0], [-1, 0, -1, 1, -1, -1, 0, -1, 0, 0, 0, 0, 0, 0, 0, 0, 0], [1, 0, 0, -1, 0, 0, 0, 0, 0, -1, 0, 0, 1, 0, 0, 0, 0], [0, 1, 0, 2, 1, -1, 2, 1, 2, 0, 2, 0, -1, 1, 1, 0, 2], [0, -1, 1, 1, 0, 2, -1, -1, -2, 1, -1, 0, 0, -1, 0, 1, 0], [1, -1, 0, -1, 0, 2, -1, -1, -1, 0, 0, -1, 1, 0, -1, 0, 0], [-3, -1, -3, -2, -4, -3, -2, -2, -1, -1, -1, -1, 1, 0, -2, -2, -3], [-3, -1, -2, 0, -3, -2, -2, -2, -2, 0, -1, 0, 1, 0, -1, -1, -2], [2, 0, 1, 0, 1, 2, 1, 0, 0, 0, 0, 0, 0, 0, 0, 1, 1], [1, 0, 2, 1, 2, 1, 0, 1, -1, 1, -1, 2, 0, -1, 1, 1, 1], [0, -1, 0, 0, 0, 1, 0, -1, -1, 0, -1, 0, 0, -1, 0, 0, 0], [0, 0, 1, -1, -1, 0, -1, -1, -1, -1, -2, 1, 1, -1, -1, 0, -2], [1, 0, 1, 0, 0, 1, 0, 0, 0, 0, 0, 0, 1, 0, -1, 1, -1]]
[[1, 1, 1, -3, -1, -1, -1, 0, 0, -1, -3, 1, 0, -1, -1, 0, -3], [1, 1, 1, 1, 1, 1, 1, 1, 1, 0, 1, 0, 0, 0, 1, 0, 1], [0, -1, 0, 3, 1, 1, 1, 0, 0, 1, 3, -1, 0, 1, 1, 0, 3], [0, 2, 0, -3, -2, -2, 0, 0, 2, -2, -2, 0, 0, 0, -2, 0, -4], [1, 1, 1, -1, 1, 0, 1, 1, 2, -1, 0, 0, 0, 0, 0, 0, -1], [-1, 0, -1, -1, -1, 0, -1, -1, -1, 0, -1, 0, 0, 0, -1, 0, -1], [0, -1, 1, 1, 1, 1, 0, 1, -1, 1, 0, 0, 0, -1, 1, 0, 1], [0, 1, 0, -2, -1, -1, 0, 0, 0, -1, -2, 1, 0, 0, -1, 0, -2], [-1, -1, -2, 2, 0, 0, 0, -1, 0, 1, 2, -1, 0, 1, 0, 0, 2], [1, -1, 1, 3, 2, 2, 1, 1, 0, 2, 2, 0, 0, 0, 2, 0, 3], [0, 0, 1, -1, 0, 0, -1, 0, -1, 0, -1, 1, 0, -1, 0, 0, -1], [-1, 0, -1, -1, -1, -1, -1, 0, 0, 0, 0, 0, 0, 0, -1, 0, -1], [0, -1, 0, 2, 1, 1, 0, 0, -1, 1, 1, 0, 1, 0, 1, 0, 2], [0, 0, 0, 0, 0, 0, 0, 0, 0, 0, 0, 0, 0, 1, 0, 0, 0], [-1, -1, -1, 1, 0, 0, -1, -1, -2, 1, 0, 0, 0, 0, 1, 0, 1], [0, -1, 0, 2, 1, 1, 0, 0, -1, 1, 1, 0, 0, 0, 1, 1, 2], [0, -1, -1, 3, 1, 1, 1, 0, 0, 1, 3, -1, 0, 1, 1, 0, 4]]
[[1, 0, 0, 0, 0, 0, 0, 0, 0, 0, 0, 0, 0, 0, 0, 0, 0], [0, 1, 0, 0, 0, 0, 0, 0, 0, 0, 0, 0, 0, 0, 0, 0, 0], [0, 0, 1, 0, 0, 0, 0, 0, 0, 0, 0, 0, 0, 0, 0, 0, 0], [0, 0, 0, 1, 0, 0, 0, 0, 0, 0, 0, 0, 0, 0, 0, 0, 0], [0, 0, 0, 0, 1, 0, 0, 0, 0, 0, 0, 0, 0, 0, 0, 0, 0], [0, 0, 0, 0, 0, 1, 0, 0, 0, 0, 0, 0, 0, 0, 0, 0, 0], [0, 0, 0, 0, 0, 0, 1, 0, 0, 0, 0, 0, 0, 0, 0, 0, 0], [0, 0, 0, 0, 0, 0, 0, 1, 0, 0, 0, 0, 0, 0, 0, 0, 0], [0, 0, 0, 0, 0, 0, 0, 0, 1, 0, 0, 0, 0, 0, 0, 0, 0], [0, 0, 0, 0, 0, 0, 0, 0, 0, 1, 0, 0, 0, 0, 0, 0, 0], [0, 0, 0, 0, 0, 0, 0, 0, 0, 0, 1, 0, 0, 0, 0, 0, 0], [0, 0, 0, 0, 0, 0, 0, 0, 0, 0, 0, 1, 0, 0, 0, 0, 0], [0, 0, 0, 0, 0, 0, 0, 0, 0, 0, 0, 0, 1, 0, 0, 0, 0], [0, 0, 0, 0, 0, 0, 0, 0, 0, 0, 0, 0, 0, 1, 0, 0, 0], [0, 0, 0, 0, 0, 0, 0, 0, 0, 0, 0, 0, 0, 0, 1, 0, 0], [0, 0, 0, 0, 0, 0, 0, 0, 0, 0, 0, 0, 0, 0, 0, 1, 0], [0, 0, 0, 0, 0, 0, 0, 0, 0, 0, 0, 0, 0, 0, 0, 0, 1]]
[[1, 0, 0, 0, 0, 0, 0, 0, 0, 0, 0, 0, 0, 0, 0, 0, 0], [0, 1, 0, 0, 0, 0, 0, 0, 0, 0, 0, 0, 0, 0, 0, 0, 0], [0, 0, 1, 0, 0, 0, 0, 0, 0, 0, 0, 0, 0, 0, 0, 0, 0], [0, 0, 0, 1, 0, 0, 0, 0, 0, 0, 0, 0, 0, 0, 0, 0, 0], [0, 0, 0, 0, 1, 0, 0, 0, 0, 0, 0, 0, 0, 0, 0, 0, 0], [0, 0, 0, 0, 0, 1, 0, 0, 0, 0, 0, 0, 0, 0, 0, 0, 0], [0, 0, 0, 0, 0, 0, 1, 0, 0, 0, 0, 0, 0, 0, 0, 0, 0], [0, 0, 0, 0, 0, 0, 0, 1, 0, 0, 0, 0, 0, 0, 0, 0, 0], [0, 0, 0, 0, 0, 0, 0, 0, 1, 0, 0, 0, 0, 0, 0, 0, 0], [0, 0, 0, 0, 0, 0, 0, 0, 0, 1, 0, 0, 0, 0, 0, 0, 0], [0, 0, 0, 0, 0, 0, 0, 0, 0, 0, 1, 0, 0, 0, 0, 0, 0], [0, 0, 0, 0, 0, 0, 0, 0, 0, 0, 0, 1, 0, 0, 0, 0, 0], [0, 0, 0, 0, 0, 0, 0, 0, 0, 0, 0, 0, 1, 0, 0, 0, 0], [0, 0, 0, 0, 0, 0, 0, 0, 0, 0, 0, 0, 0, 1, 0, 0, 0], [0, 0, 0, 0, 0, 0, 0, 0, 0, 0, 0, 0, 0, 0, 1, 0, 0], [0, 0, 0, 0, 0, 0, 0, 0, 0, 0, 0, 0, 0, 0, 0, 1, 0], [0, 0, 0, 0, 0, 0, 0, 0, 0, 0, 0, 0, 0, 0, 0, 0, 1]]
[[-1, -1, -1, 2, 0, 0, 0, -1, 0, 0, 2, -1, 1, 0, 0, 0, 1], [0, 0, -1, 0, 0, 0, 0, -1, 0, 0, 0, -1, -1, 0, 0, 0, 1], [2, 1, 2, 0, 2, 1, 1, 2, 1, 1, 0, 1, -1, 0, 1, 1, 1], [-1, -1, -1, 2, 0, 0, 0, -1, 0, 0, 1, -1, 0, 0, 0, 0, 1], [0, 0, 0, 0, 1, 0, 0, 0, 0, 0, 0, 0, 0, 0, 0, 0, 0], [0, 0, 0, 0, 0, 1, 0, 0, 0, 0, 0, 0, 0, 0, 0, 0, 0], [1, 0, 0, 0, 1, 0, 1, 0, 0, 0, 0, 0, -1, 0, 1, 1, 1], [-1, -1, -1, 1, 0, 0, 0, 0, 0, 0, 1, -1, 0, 0, 0, 0, 1], [0, 1, 1, -2, -2, -1, -1, 0, 0, -1, -2, 1, 1, 0, -1, -1, -3], [0, 0, 0, -1, -1, -1, -1, -1, -1, 0, -1, 0, 0, 0, 0, 0, -1], [0, 0, 0, 0, 0, 0, 0, 0, 0, 0, 1, 0, 0, 0, 0, 0, 0], [-1, 0, 0, -1, -2, -1, -1, -1, -1, -1, -1, 1, 1, 0, -1, -1, -2], [1, 0, 0, -1, 0, 0, 0, 0, 0, 0, -1, 0, 0, 0, 0, 0, 0], [0, 0, 0, 1, 1, 1, 1, 1, 1, 1, 1, 0, 0, 1, 0, 0, 1], [0, 0, 0, -1, -1, 0, 0, 0, 0, 0, -1, 0, 0, 0, 0, -1, -1], [0, 0, 0, -1, -1, 0, 0, 0, 0, 0, -1, 0, 0, 0, -1, 0, -1], [1, 1, 1, -1, 0, 0, 0, 1, 0, 0, -1, 1, 0, 0, 0, 0, 0]]
[[1, 0, 0, 0, 0, 0, 0, 0, 0, 0, 0, 0, 0, 0, 0, 0, 0], [0, 1, 0, 0, 0, 0, 0, 0, 0, 0, 0, 0, 0, 0, 0, 0, 0], [0, 0, 1, 0, 0, 0, 0, 0, 0, 0, 0, 0, 0, 0, 0, 0, 0], [0, 0, 0, 1, 0, 0, 0, 0, 0, 0, 0, 0, 0, 0, 0, 0, 0], [0, 0, 0, 0, 1, 0, 0, 0, 0, 0, 0, 0, 0, 0, 0, 0, 0], [0, 0, 0, 0, 0, 1, 0, 0, 0, 0, 0, 0, 0, 0, 0, 0, 0], [0, 0, 0, 0, 0, 0, 1, 0, 0, 0, 0, 0, 0, 0, 0, 0, 0], [0, 0, 0, 0, 0, 0, 0, 1, 0, 0, 0, 0, 0, 0, 0, 0, 0], [0, 0, 0, 0, 0, 0, 0, 0, 1, 0, 0, 0, 0, 0, 0, 0, 0], [0, 0, 0, 0, 0, 0, 0, 0, 0, 1, 0, 0, 0, 0, 0, 0, 0], [0, 0, 0, 0, 0, 0, 0, 0, 0, 0, 1, 0, 0, 0, 0, 0, 0], [0, 0, 0, 0, 0, 0, 0, 0, 0, 0, 0, 1, 0, 0, 0, 0, 0], [0, 0, 0, 0, 0, 0, 0, 0, 0, 0, 0, 0, 1, 0, 0, 0, 0], [0, 0, 0, 0, 0, 0, 0, 0, 0, 0, 0, 0, 0, 1, 0, 0, 0], [0, 0, 0, 0, 0, 0, 0, 0, 0, 0, 0, 0, 0, 0, 1, 0, 0], [0, 0, 0, 0, 0, 0, 0, 0, 0, 0, 0, 0, 0, 0, 0, 1, 0], [0, 0, 0, 0, 0, 0, 0, 0, 0, 0, 0, 0, 0, 0, 0, 0, 1]]
[[1, 0, 0, 0, 0, 0, 0, 0, 0, 0, 0, 0, 0, 0, 0, 0, 0], [0, 1, 0, 0, 0, 0, 0, 0, 0, 0, 0, 0, 0, 0, 0, 0, 0], [0, 0, 1, 0, 0, 0, 0, 0, 0, 0, 0, 0, 0, 0, 0, 0, 0], [0, 0, 0, 1, 0, 0, 0, 0, 0, 0, 0, 0, 0, 0, 0, 0, 0], [0, 0, 0, 0, 1, 0, 0, 0, 0, 0, 0, 0, 0, 0, 0, 0, 0], [0, 0, 0, 0, 0, 1, 0, 0, 0, 0, 0, 0, 0, 0, 0, 0, 0], [0, 0, 0, 0, 0, 0, 1, 0, 0, 0, 0, 0, 0, 0, 0, 0, 0], [0, 0, 0, 0, 0, 0, 0, 1, 0, 0, 0, 0, 0, 0, 0, 0, 0], [0, 0, 0, 0, 0, 0, 0, 0, 1, 0, 0, 0, 0, 0, 0, 0, 0], [0, 0, 0, 0, 0, 0, 0, 0, 0, 1, 0, 0, 0, 0, 0, 0, 0], [0, 0, 0, 0, 0, 0, 0, 0, 0, 0, 1, 0, 0, 0, 0, 0, 0], [0, 0, 0, 0, 0, 0, 0, 0, 0, 0, 0, 1, 0, 0, 0, 0, 0], [0, 0, 0, 0, 0, 0, 0, 0, 0, 0, 0, 0, 1, 0, 0, 0, 0], [0, 0, 0, 0, 0, 0, 0, 0, 0, 0, 0, 0, 0, 1, 0, 0, 0], [0, 0, 0, 0, 0, 0, 0, 0, 0, 0, 0, 0, 0, 0, 1, 0, 0], [0, 0, 0, 0, 0, 0, 0, 0, 0, 0, 0, 0, 0, 0, 0, 1, 0], [0, 0, 0, 0, 0, 0, 0, 0, 0, 0, 0, 0, 0, 0, 0, 0, 1]]
[[2, 0, 1, 3, 4, 4, 2, 2, 1, 3, 2, -1, -2, 0, 2, 2, 5], [2, 1, 1, 1, 2, 0, 2, 2, 2, 0, 2, 0, -1, 1, 1, 1, 2], [-1, 0, 0, -2, -2, -3, -1, 0, 0, -2, 0, 0, 1, 0, -1, -1, -3], [2, 1, 1, 3, 4, 4, 3, 2, 2, 3, 2, 0, -2, 1, 2, 2, 4], [2, 1, 2, 0, 3, 2, 1, 2, 1, 1, 0, 1, -1, 0, 1, 1, 1], [-2, -1, -2, 0, -2, -1, -1, -2, -1, 0, -1, 0, 1, 0, -1, -1, -1], [1, 0, 1, 0, 0, 0, 0, 1, 0, 0, 0, 0, 0, 0, 0, 1, 0], [0, 0, -1, 1, 0, 1, 1, -1, 0, 1, 0, 0, 0, 1, 0, 0, 1], [-2, -1, -1, -1, -2, -1, -2, -2, -2, -1, -1, 0, 1, -1, -1, -1, -2], [2, 0, 2, 1, 2, 1, 1, 2, 1, 0, 2, -1, -1, 0, 1, 1, 2], [0, 0, 0, 1, 0, 0, 0, 0, 1, 0, 1, -1, 0, 0, 0, 0, 1], [-2, 0, -2, 0, -2, -1, -1, -2, 0, -1, 0, -1, 1, 0, -1, -1, -1], [0, 0, 0, -1, -1, -1, 0, 0, 0, -1, 0, 0, 0, 0, -1, 0, -1], [-2, 0, -1, -2, -2, -2, -1, -1, -1, -1, -2, 1, 1, 0, -1, -2, -3], [-2, -1, -1, -1, -3, -2, -2, -2, -2, -1, -2, 0, 0, -1, -1, -1, -2], [-1, 0, 0, -2, -2, -2, -1, -1, -1, -2, -2, 1, 1, -1, -1, -1, -3], [-2, 0, -2, -3, -4, -4, -2, -2, -1, -3, -1, 0, 2, 0, -2, -2, -4]]
[[1, 1, 0, 0, -1, 0, 0, -1, 1, -1, 0, -1, 0, 1, 0, -1, 0], [0, 0, 0, 0, 1, 0, 0, 1, 0, 0, 0, 0, 0, -1, 0, 0, 1], [-1, -1, 0, -1, 0, -1, 0, 1, 0, 0, 0, 0, 0, -1, -1, 0, -1], [1, 1, 1, 2, 0, 1, 0, -1, 0, 0, 0, 0, 0, 1, 1, 0, 1], [0, 0, 0, 0, 0, 0, -1, -1, -1, 0, -1, 0, 0, 0, 0, 0, 0], [1, 0, 1, 1, 1, 2, 0, 0, -1, 1, 0, 1, 0, 0, 1, 1, 1], [0, -1, 0, 0, 0, 0, 0, 0, -1, 0, -1, 0, 0, -1, 0, 0, 1], [2, 1, 2, 2, 2, 2, 1, 1, 0, 1, 1, 1, 0, 1, 2, 1, 2], [-1, 0, -1, -1, -1, -1, 0, 0, 1, 0, 0, 0, 0, 0, -1, 0, -2], [-1, -1, -1, -1, 0, -1, 0, 1, 1, 0, 0, -1, 0, -1, -1, -1, 0], [-1, 0, -1, -1, -2, -1, -1, -1, 0, -1, 0, -1, 0, 0, -1, -1, -1], [-1, 1, -1, -1, -2, -1, 0, -1, 1, -1, 0, 0, 0, 1, -1, -1, -2], [-1, -1, -1, -1, -1, -1, -1, 0, -1, 0, -1, 0, 1, -1, -1, 0, -1], [1, 0, 1, 1, 2, 1, 1, 1, 0, 1, 1, 1, 0, 1, 1, 1, 1], [-1, -1, -1, -1, -1, -1, -1, 0, -1, 0, -1, 0, 0, -1, 0, 0, -1], [0, 0, 0, 0, 1, 0, 1, 1, 1, 0, 1, 0, 0, 0, 0, 1, 0], [-1, 0, -1, -1, 0, -1, 1, 1, 1, 0, 1, 0, 0, 0, -1, 0, -1]]
[[1, 0, 0, 0, 0, 0, 0, 0, 0, 0, 0, 0, 0, 0, 0, 0, 0], [0, 1, 0, 0, 0, 0, 0, 0, 0, 0, 0, 0, 0, 0, 0, 0, 0], [0, 0, 1, 0, 0, 0, 0, 0, 0, 0, 0, 0, 0, 0, 0, 0, 0], [0, 0, 0, 1, 0, 0, 0, 0, 0, 0, 0, 0, 0, 0, 0, 0, 0], [0, 0, 0, 0, 1, 0, 0, 0, 0, 0, 0, 0, 0, 0, 0, 0, 0], [0, 0, 0, 0, 0, 1, 0, 0, 0, 0, 0, 0, 0, 0, 0, 0, 0], [0, 0, 0, 0, 0, 0, 1, 0, 0, 0, 0, 0, 0, 0, 0, 0, 0], [0, 0, 0, 0, 0, 0, 0, 1, 0, 0, 0, 0, 0, 0, 0, 0, 0], [0, 0, 0, 0, 0, 0, 0, 0, 1, 0, 0, 0, 0, 0, 0, 0, 0], [0, 0, 0, 0, 0, 0, 0, 0, 0, 1, 0, 0, 0, 0, 0, 0, 0], [0, 0, 0, 0, 0, 0, 0, 0, 0, 0, 1, 0, 0, 0, 0, 0, 0], [0, 0, 0, 0, 0, 0, 0, 0, 0, 0, 0, 1, 0, 0, 0, 0, 0], [0, 0, 0, 0, 0, 0, 0, 0, 0, 0, 0, 0, 1, 0, 0, 0, 0], [0, 0, 0, 0, 0, 0, 0, 0, 0, 0, 0, 0, 0, 1, 0, 0, 0], [0, 0, 0, 0, 0, 0, 0, 0, 0, 0, 0, 0, 0, 0, 1, 0, 0], [0, 0, 0, 0, 0, 0, 0, 0, 0, 0, 0, 0, 0, 0, 0, 1, 0], [0, 0, 0, 0, 0, 0, 0, 0, 0, 0, 0, 0, 0, 0, 0, 0, 1]]
[[-1, 0, -1, 0, -1, -1, 0, 0, 1, 0, 0, 1, 1, 0, -1, -1, -1], [0, -1, 1, -2, -1, 0, -3, -1, -4, 0, -4, 2, 1, -2, 0, 0, -2], [0, 0, 0, -1, -1, 0, -1, -2, -2, -1, -2, 0, 0, 0, 0, 0, -1], [0, 0, -1, 1, 1, 0, 1, 1, 2, 1, 2, 0, 0, 0, 0, 0, 1], [0, 0, -1, 0, -1, -1, 0, 0, 0, 0, 0, 0, 0, 0, 0, 0, 0], [1, 0, 1, 2, 3, 2, 2, 2, 2, 1, 3, -1, -1, 0, 1, 1, 3], [-2, 0, -1, -2, -3, -2, -3, -2, -3, -1, -3, 1, 1, -1, -1, -1, -3], [0, 0, 0, 1, 1, 1, 1, 1, 2, 1, 2, -1, -1, 0, 0, 0, 1], [0, 0, 0, 0, 0, -1, 1, 0, 1, -1, 1, -1, 0, 1, 0, 0, 0], [-2, 0, -1, -5, -5, -4, -4, -3, -4, -3, -6, 2, 2, -1, -2, -2, -6], [1, 0, 1, 1, 2, 2, 1, 1, 0, 1, 0, 1, 0, 0, 1, 0, 2], [2, 1, 2, 2, 4, 2, 3, 3, 3, 1, 3, 0, -1, 1, 2, 1, 3], [-2, -1, -1, -2, -3, -2, -3, -2, -3, -1, -3, 0, 1, -1, -1, -1, -3], [1, 1, 0, 1, 1, 1, 2, 1, 3, 0, 3, -2, -1, 1, 0, 1, 1], [-1, -1, -1, 0, -1, 0, -1, -1, -1, 0, 0, -1, 1, 0, -1, 0, 0], [0, 0, 0, 0, 0, 0, 0, 0, 0, 0, 1, -1, 0, 1, 0, 0, 0], [1, 0, 2, 0, 1, 1, 0, 0, -1, 0, -1, 0, -1, 0, 1, 1, 0]]
[[1, 0, 0, 0, 0, 0, 0, 0, 0, 0, 0, 0, 0, 0, 0, 0, 0], [0, 1, 0, 0, 0, 0, 0, 0, 0, 0, 0, 0, 0, 0, 0, 0, 0], [0, 0, 1, 0, 0, 0, 0, 0, 0, 0, 0, 0, 0, 0, 0, 0, 0], [0, 0, 0, 1, 0, 0, 0, 0, 0, 0, 0, 0, 0, 0, 0, 0, 0], [0, 0, 0, 0, 1, 0, 0, 0, 0, 0, 0, 0, 0, 0, 0, 0, 0], [0, 0, 0, 0, 0, 1, 0, 0, 0, 0, 0, 0, 0, 0, 0, 0, 0], [0, 0, 0, 0, 0, 0, 1, 0, 0, 0, 0, 0, 0, 0, 0, 0, 0], [0, 0, 0, 0, 0, 0, 0, 1, 0, 0, 0, 0, 0, 0, 0, 0, 0], [0, 0, 0, 0, 0, 0, 0, 0, 1, 0, 0, 0, 0, 0, 0, 0, 0], [0, 0, 0, 0, 0, 0, 0, 0, 0, 1, 0, 0, 0, 0, 0, 0, 0], [0, 0, 0, 0, 0, 0, 0, 0, 0, 0, 1, 0, 0, 0, 0, 0, 0], [0, 0, 0, 0, 0, 0, 0, 0, 0, 0, 0, 1, 0, 0, 0, 0, 0], [0, 0, 0, 0, 0, 0, 0, 0, 0, 0, 0, 0, 1, 0, 0, 0, 0], [0, 0, 0, 0, 0, 0, 0, 0, 0, 0, 0, 0, 0, 1, 0, 0, 0], [0, 0, 0, 0, 0, 0, 0, 0, 0, 0, 0, 0, 0, 0, 1, 0, 0], [0, 0, 0, 0, 0, 0, 0, 0, 0, 0, 0, 0, 0, 0, 0, 1, 0], [0, 0, 0, 0, 0, 0, 0, 0, 0, 0, 0, 0, 0, 0, 0, 0, 1]]

Generators of monodromy action on conics:
(1,93)(2,94)(3,148,115,103,149,184)(4,147,116,104,150,183)(5,146,173,107,157,124)(6,145,174,108,158,123)(7,252,75)(8,251,76)(9,54,35,297,266,398)(10,53,36,298,265,397)(11,293)(12,294)(13,242,15,256,67,261)(14,241,16,255,68,262)(17,227,29,303,69,317)(18,228,30,304,70,318)(19,246,278)(20,245,277)(21,309)(22,310)(23,295,284,39,247,400)(24,296,283,40,248,399)(25,225,31,307,83,315)(26,226,32,308,84,316)(27,61,249)(28,62,250)(33,63,240)(34,64,239)(37,230,282,344,73,52)(38,229,281,343,74,51)(41,299,389)(42,300,390)(43,291,371)(44,292,372)(45,50,55,313,393,323)(46,49,56,314,394,324)(47,305,327)(48,306,328)(57,59)(58,60)(65,263,87)(66,264,88)(71,258,270)(72,257,269)(77,244,290)(78,243,289)(79,301,280,89,259,368)(80,302,279,90,260,367)(81,254,232)(82,253,231)(85,238)(86,237)(91,311,221)(92,312,222)(95,153,102,151,97,160)(96,154,101,152,98,159)(99,155)(100,156)(105,110,111,175,192,193)(106,109,112,176,191,194)(113,139,162,189,163,141)(114,140,161,190,164,142)(117,134,170,188,168,130)(118,133,169,187,167,129)(119,144,125,198,177,196)(120,143,126,197,178,195)(121,171)(122,172)(127,132,135,186,181,180)(128,131,136,185,182,179)(137,165)(138,166)(199,319,346)(200,320,345)(201,340,357,207,338,373)(202,339,358,208,337,374)(203,326,335)(204,325,336)(205,220,355)(206,219,356)(209,223,376)(210,224,375)(211,388,365)(212,387,366)(213,350,380)(214,349,379)(215,285,377,233,385,287)(216,286,378,234,386,288)(217,273,331,235,383,271)(218,274,332,236,384,272)(267,321)(268,322)(275,391)(276,392)(329,342,382)(330,341,381)(333,348,361)(334,347,362)(351,360,370,353,396,364)(352,359,369,354,395,363)
(1,194,110,2,193,109)(3,99,149,4,100,150)(5,97,299,6,98,300)(7,192,56,8,191,55)(9,240,88,10,239,87)(11,146,108,12,145,107)(13,259,48,14,260,47)(15,305,92,16,306,91)(17,246,104,18,245,103)(19,69,258,20,70,257)(21,301,90,22,302,89)(23,85,247,24,86,248)(25,244,82,26,243,81)(27,105,252,28,106,251)(29,148,72,30,147,71)(31,254,40,32,253,39)(33,73,263,34,74,264)(35,65,282,36,66,281)(37,63,266,38,64,265)(41,102,291,42,101,292)(43,95,157,44,96,158)(45,249,76,46,250,75)(49,93,324,50,94,323)(51,57,343,52,58,344)(53,59,397,54,60,398)(61,393,112,62,394,111)(67,311,80,68,312,79)(77,83,295,78,84,296)(113,127,381,114,128,382)(115,116)(117,200,203,118,199,204)(119,120)(121,130,133,122,129,134)(123,124)(125,178,166,126,177,165)(131,132)(135,163,210,136,164,209)(137,386,215,138,385,216)(139,190,391,140,189,392)(141,142)(143,286,366,144,285,365)(151,294,153,152,293,154)(155,304,317,156,303,318)(159,160)(161,330,375,162,329,376)(167,364,345,168,363,346)(169,326,359,170,325,360)(171,370,395,172,369,396)(173,390,371,174,389,372)(175,176)(179,276,185,180,275,186)(181,223,342,182,224,341)(183,278,269,184,277,270)(187,188)(195,379,233,196,380,234)(197,211,350,198,212,349)(201,348,274,202,347,273)(205,236,361,206,235,362)(207,374,268,208,373,267)(213,388,287,214,387,288)(217,218)(219,358,272,220,357,271)(221,328,280,222,327,279)(225,237,315,226,238,316)(227,228)(229,230)(231,290,399,232,289,400)(241,256,310,242,255,309)(261,262)(283,284)(297,298)(307,308)(313,314)(319,354,335,320,353,336)(321,332,383,322,331,384)(333,338,355,334,337,356)(339,340)(351,352)(367,368)(377,378)
