
#########################################################
# DATA FOR CRYSTALLOGRAPHIC QUARTIC SURFACE FAMILY 19.4 #
#########################################################


##################
# GROUP & FAMILY #
##################

Generators of crystallographic group:
[[-1, 0, 0, 0], [0, 1, 0, 0], [0, 0, 1, 0], [0, 0, 0, -1]]
[[-1, 0, 0, 0], [0, 1, 0, 0], [0, 0, 0, 1], [0, 0, -1, 0]]
[[0, 1, 0, 0], [-1, 0, 0, 0], [0, 0, -1, 0], [0, 0, 0, -1]]

Invariant polynomials:
z^4 + w^4
z^2*w^2
x^2*z^2 + y^2*z^2 + x^2*w^2 + y^2*w^2
x^4 + y^4
x^2*y^2

Equivalent crystallographic groups:
19.5
19.6

############
# HOMOLOGY #
############


Intersection product:
[[-2, 3, -3, 2, 0, -1, 0, -2, 0, 1, -1, 0, -1, -1, 0, 1, 0, -2, -1, -1, 0, -1], [3, -8, 8, -5, 1, 4, 1, 6, 0, -3, 4, -2, 4, 1, -1, -2, -1, 5, 3, 3, -1, 1], [-3, 8, -10, 5, -1, -4, -1, -8, 1, 3, -5, 4, -4, -1, 1, 3, 2, -5, -3, -3, 1, -1], [2, -5, 5, -4, 1, 3, 1, 4, 0, -2, 3, -1, 3, 1, -1, -1, 0, 3, 2, 2, 0, 1], [0, 1, -1, 1, -2, 0, 1, -1, 0, 1, -1, 1, -1, 1, 1, 0, 0, 0, 0, 0, 1, 1], [-1, 4, -4, 3, 0, -4, -2, -3, 0, 1, -2, 1, -3, -1, 0, 1, 0, -4, -2, -2, 0, -1], [0, 1, -1, 1, 1, -2, -2, -1, 0, 0, 0, 0, -1, -1, -1, 1, 0, -3, -1, -1, 0, -1], [-2, 6, -8, 4, -1, -3, -1, -8, 2, 2, -4, 5, -3, -1, 0, 4, 3, -4, -2, -2, 1, -1], [0, 0, 1, 0, 0, 0, 0, 2, -2, 0, 0, -2, 0, 0, 1, -2, -2, 1, 0, 0, -1, 0], [1, -3, 3, -2, 1, 1, 0, 2, 0, -2, 2, -1, 2, 0, -1, 0, 0, 1, 1, 1, 0, 0], [-1, 4, -5, 3, -1, -2, 0, -4, 0, 2, -4, 3, -2, 0, 1, 1, 1, -1, -1, -1, 0, 0], [0, -2, 4, -1, 1, 1, 0, 5, -2, -1, 3, -6, 1, -1, 0, -3, -4, 1, 0, 0, -2, -1], [-1, 4, -4, 3, -1, -3, -1, -3, 0, 2, -2, 1, -4, 0, 1, 1, 0, -4, -2, -2, 1, 0], [-1, 1, -1, 1, 1, -1, -1, -1, 0, 0, 0, -1, 0, -2, -1, 1, 0, -2, -1, -1, 0, -1], [0, -1, 1, -1, 1, 0, -1, 0, 1, -1, 1, 0, 1, -1, -2, 1, 1, -1, 0, 0, 1, 0], [1, -2, 3, -1, 0, 1, 1, 4, -2, 0, 1, -3, 1, 1, 1, -4, -3, 3, 1, 1, -2, 0], [0, -1, 2, 0, 0, 0, 0, 3, -2, 0, 1, -4, 0, 0, 1, -3, -4, 1, 0, 0, -1, 0], [-2, 5, -5, 3, 0, -4, -3, -4, 1, 1, -1, 1, -4, -2, -1, 3, 1, -8, -3, -3, 2, -1], [-1, 3, -3, 2, 0, -2, -1, -2, 0, 1, -1, 0, -2, -1, 0, 1, 0, -3, -2, -1, 0, -1], [-1, 3, -3, 2, 0, -2, -1, -2, 0, 1, -1, 0, -2, -1, 0, 1, 0, -3, -1, -2, 0, -1], [0, -1, 1, 0, 1, 0, 0, 1, -1, 0, 0, -2, 1, 0, 1, -2, -1, 2, 0, 0, -2, -1], [-1, 1, -1, 1, 1, -1, -1, -1, 0, 0, 0, -1, 0, -1, 0, 0, 0, -1, -1, -1, -1, -2]]

Basis of the generic Picard lattice:
[1, 0, 0, 0, 0, 0, 0, 0, 0, 0, 0, 0, 0, 0, 0, 0, 0, 0, 0, -1, -1, 0]
[0, 1, 0, 0, 0, 0, 0, 0, 0, 0, 0, 0, 0, 0, 0, 0, 0, 0, -1, 4, 1, 0]
[0, 0, 1, 0, 0, 0, 0, 0, 0, 0, 0, 0, 0, 0, 0, 0, 0, 0, 0, -3, 0, 0]
[0, 0, 0, 1, 0, 0, 0, 0, 0, 0, 0, 0, 0, 0, 0, 0, 0, 0, -1, 4, 1, -1]
[0, 0, 0, 0, 1, 0, 0, 0, 0, 0, 0, 0, 0, 0, 0, 0, 0, 0, 1, -1, 0, 0]
[0, 0, 0, 0, 0, 1, 0, 0, 0, 0, 0, 0, 0, 0, 0, 0, 0, -1, -4, 5, 1, 1]
[0, 0, 0, 0, 0, 0, 1, 0, 0, 0, 0, 0, 0, 0, 0, 0, 0, -1, -4, 7, 1, 0]
[0, 0, 0, 0, 0, 0, 0, 1, 0, 0, 0, 0, 0, 0, 0, 0, 0, -1, -4, 4, 1, 1]
[0, 0, 0, 0, 0, 0, 0, 0, 1, 0, 0, 0, 0, 0, 0, 0, 0, 1, 3, -6, -1, 0]
[0, 0, 0, 0, 0, 0, 0, 0, 0, 1, 0, 0, 0, 0, 0, 0, 0, 0, 1, 1, 0, -1]
[0, 0, 0, 0, 0, 0, 0, 0, 0, 0, 1, 0, 0, 0, 0, 0, 0, 0, -2, 0, 0, 1]
[0, 0, 0, 0, 0, 0, 0, 0, 0, 0, 0, 1, 0, 0, 0, 0, 0, 2, 7, -11, -2, -1]
[0, 0, 0, 0, 0, 0, 0, 0, 0, 0, 0, 0, 1, 0, 0, 0, 0, -2, -7, 11, 2, 1]
[0, 0, 0, 0, 0, 0, 0, 0, 0, 0, 0, 0, 0, 1, 0, 0, 0, 0, 1, -1, -1, -1]
[0, 0, 0, 0, 0, 0, 0, 0, 0, 0, 0, 0, 0, 0, 1, 0, 0, 0, 3, -3, -1, -1]
[0, 0, 0, 0, 0, 0, 0, 0, 0, 0, 0, 0, 0, 0, 0, 1, 0, 1, 1, -2, 0, 0]
[0, 0, 0, 0, 0, 0, 0, 0, 0, 0, 0, 0, 0, 0, 0, 0, 1, 1, 5, -6, -1, -1]

Class of hyperplane section:
[0, 0, -2, 0, -1, 0, -2, 0, 0, 0, 0, -3, -1, 0, 0, 0, 2, 0, 3, 3, 0, 0]

Action of the group on homology:
[[0, 2, -2, 1, -1, -1, 0, -1, 0, 0, 0, 1, -1, 0, -1, 1, 0, -3, 0, -1, 1, 0], [0, 1, -1, 1, -1, -1, 0, -1, 0, 0, -1, 1, 0, 0, 0, 0, 0, 0, 0, 0, 0, 0], [-1, 1, -1, 2, -1, -1, 1, -1, 0, 1, -2, 1, 0, 1, 1, -1, 0, 1, 0, 0, 0, 0], [1, 0, 0, -1, 0, 0, -1, 0, 0, -1, 2, 0, -1, 0, -1, 1, 0, -3, 0, -1, 0, 0], [0, 1, -2, 1, -1, -1, 0, -2, 1, 0, 0, 2, -1, 0, -1, 2, 1, -3, 0, -1, 1, 0], [1, -1, 1, -1, 0, 0, -1, 1, 0, -1, 1, 0, 0, 0, -1, 0, 0, -1, 0, 0, 0, 0], [-1, 2, -2, 2, -1, -1, 1, -1, 0, 1, -1, 1, -1, 0, 0, 1, 0, -2, 0, -1, 1, 0], [0, 0, 0, -1, 0, 1, 0, 0, 0, -1, 1, 0, 0, -1, -1, 1, 0, -1, 0, 0, 0, 0], [0, 0, 0, 0, 0, -1, -1, 0, 0, -1, 0, 0, 0, -1, -1, 0, -1, -1, 0, 0, 0, 0], [-1, 1, -1, 1, 0, 0, 1, -1, 0, 1, -1, 0, 0, 0, 0, 0, 0, 1, 0, 0, 0, 0], [0, 1, -1, 0, 0, 0, 0, -1, 0, 0, 1, 0, -1, 0, 0, 1, 0, -1, 0, -1, 0, 0], [-1, 2, -2, 1, -1, 0, 1, -2, 1, 0, 0, 2, -1, 0, -1, 2, 1, -2, 0, -1, 1, 0], [-1, 1, -1, 1, 0, 0, 1, -1, 0, 0, -1, 0, 1, 0, 0, 0, 0, 1, 0, 0, 0, 0], [0, -1, 1, 0, 0, 1, 0, 0, 0, 0, 0, 0, 1, 0, 0, 0, 0, 1, 0, 1, 0, 0], [0, 0, 0, 0, 0, -1, 0, 0, 0, -1, 0, 0, 0, 0, 0, 0, 0, 0, 0, 0, 0, 0], [-1, 0, 0, 0, 0, 1, 1, 0, 0, 0, 0, 0, 1, 0, 0, 0, 0, 1, 0, 1, 0, 0], [1, -1, 1, -1, 1, 0, -1, 1, -1, 0, 0, -1, 0, 0, 1, -1, 0, 1, 0, 0, -1, 0], [0, 0, 0, -1, 0, 1, 0, 0, 0, 0, 1, 0, 0, 0, 0, 0, 0, 0, 0, 0, 0, 0], [2, -3, 3, -2, 1, 0, -1, 2, 0, -1, 1, -1, 1, 0, 0, -1, 0, 2, 1, 1, -1, 0], [1, 0, 0, 0, 0, -1, -1, 0, 0, 0, 0, 0, -1, 0, 0, 1, 0, -1, 0, 0, 0, 0], [1, -1, 0, -1, 0, 0, 0, 0, 0, 0, 0, 0, 0, 1, 1, -1, 0, 1, 0, 0, 0, 0], [0, 0, 0, 0, 0, 0, 0, 0, 0, 0, 0, 0, 0, 0, 0, 0, 0, 0, 0, 0, 0, 1]]
[[0, -2, 2, -1, 1, 1, 0, 1, 0, 0, 0, -1, 1, 0, 1, -1, 0, 3, 0, 1, -1, 0], [0, 1, -1, 1, 0, -1, 0, -1, 0, 1, -1, 0, -1, 0, 1, 0, 0, 0, -1, 0, 0, 0], [0, 2, -2, 1, 0, -1, -1, -2, 0, 0, 0, 0, -1, -1, 0, 1, 0, -2, -2, -1, 0, 0], [-1, -2, 2, -1, 1, 2, 1, 2, 0, 0, 0, -1, 2, 0, 0, -1, 0, 3, 1, 1, 0, 0], [-1, 0, 1, 0, 0, 1, 0, 1, 0, 0, 1, -2, 0, -1, 0, 0, -1, 0, -1, 0, 0, 0], [0, -1, 1, 0, 1, 0, 0, 1, 0, 0, 0, -1, 0, 0, 0, 0, 0, 0, 0, 0, 0, 0], [0, 0, 0, 0, -1, 1, 0, -1, 0, 0, 0, 0, 0, 0, 1, 0, 0, 1, -1, 0, 0, 1], [0, -2, 2, -1, 0, 1, 1, 2, -1, 0, 0, -1, 1, 1, 1, -2, -1, 3, 1, 1, 0, 1], [0, 1, -1, 1, 0, -1, 0, -1, 0, 1, -1, 0, -1, 0, 0, 0, 0, 0, -1, 0, 0, 0], [0, 0, 0, -1, 0, 0, -1, 0, 0, -1, 1, 0, 0, -1, -1, 0, -1, -1, 0, 0, 0, 0], [-1, -1, 1, -1, 0, 2, 1, 1, 0, 0, 0, 0, 2, 0, 0, -1, 0, 2, 1, 1, 0, 0], [-1, 0, 0, 0, 0, 1, 0, 0, -1, 0, 0, -1, 1, 0, 1, -1, -1, 1, -1, 0, 0, 1], [0, 1, -1, 0, 0, -1, -1, -1, 0, 0, 0, 1, -1, 0, 0, 0, 0, -1, -1, 0, 0, 0], [0, 1, -1, 0, 0, -1, 0, 0, 0, 0, 0, 0, -1, 0, 0, 0, 0, -1, 0, -1, 0, 0], [0, 0, 0, 0, 0, 0, 0, 0, 0, 0, 0, 0, 0, 0, 0, 0, 0, 0, -1, 1, 0, 0], [0, 0, 0, -1, 0, 0, 0, 0, 0, -1, 1, 0, 0, 0, 0, 0, 0, 0, 0, 0, 0, 0], [1, -2, 2, -1, 0, 1, 1, 2, 0, 0, 0, 0, 1, 1, 0, -1, 0, 2, 2, 1, 0, 0], [-1, 0, 0, 0, 0, 1, 1, 0, 0, 0, 0, 0, 1, 0, 0, 0, 0, 1, 1, 0, 0, 0], [0, 1, -1, 1, 0, -1, 0, 0, 0, 1, -1, 0, -1, 0, 0, 0, 0, -1, 0, 0, 0, -1], [1, -1, 1, -1, 0, 0, 0, 1, 1, 0, 0, 1, 0, 0, -1, 1, 1, 0, 1, 1, 1, 0], [-1, 1, 0, 1, 0, 0, 0, 0, 0, 0, 0, 0, 0, -1, -1, 1, 0, -1, 0, 0, 0, 0], [0, 0, 0, 0, 0, 0, 0, 0, 0, 0, 0, 0, 0, 0, 0, 0, 0, 0, 0, 0, 0, -1]]
[[0, 0, 0, 0, -1, 1, 1, 0, 0, 0, 0, 0, 0, 0, 0, 0, -1, 1, 1, 0, 0, 0], [-1, 1, -1, 1, 0, 0, 0, -1, 0, 0, 0, -1, 0, -1, 0, 0, -1, 0, 0, -1, -1, -1], [-2, 5, -6, 4, 0, -2, 0, -5, 0, 2, -2, 1, -2, 0, 0, 2, 1, -4, -2, -3, 1, 0], [2, -4, 4, -3, -1, 2, 1, 3, 0, -1, 1, 0, 1, 1, 1, -2, -1, 4, 2, 2, -1, 1], [0, 1, -1, 1, -1, 0, 1, -1, 0, 1, 0, 0, -1, 1, 1, 0, 0, 0, 0, -1, 0, 0], [0, -2, 2, -2, 0, 2, 1, 2, 0, -1, 1, -1, 1, 0, 1, -1, -1, 3, 1, 1, -1, 0], [-1, 5, -5, 4, -1, -2, 0, -4, 0, 2, -1, 1, -3, 0, -1, 3, 1, -6, -2, -3, 2, 0], [1, -2, 3, -2, 0, 1, 0, 3, -1, -1, 1, -1, 1, 0, 0, -2, -1, 2, 1, 1, -1, 0], [0, 0, 1, 0, 0, 0, 0, 1, -1, 0, 0, -2, 0, 0, 1, -2, -2, 2, 0, 0, -1, 0], [-1, 3, -3, 2, 0, -2, 0, -2, 0, 1, -1, 1, -1, 0, -1, 1, 1, -3, -1, -1, 1, 0], [1, -2, 2, -1, -1, 0, 0, 1, 1, -1, 1, 1, 0, 0, -1, 0, 0, 0, 1, 1, 0, 0], [-1, 3, -3, 2, -1, -1, 0, -2, 0, 1, 0, 1, -2, 0, -1, 1, 0, -4, -1, -2, 1, 0], [-1, 2, -2, 2, 0, -1, 0, -1, -1, 1, -1, -1, 0, 0, 0, -1, -1, -1, -1, -1, 0, 0], [0, 0, 0, 0, 1, 0, 0, 0, 0, 0, 0, 0, 1, 0, 0, 0, 1, 0, 0, 0, 0, 0], [0, -1, 1, 0, 0, 0, 0, 1, -1, 0, 0, -2, 0, 0, 1, -2, -2, 2, 0, 0, -1, 0], [0, 0, 0, 0, 1, 0, 0, 0, 0, 0, 0, 0, 1, 0, -1, 0, 1, 0, 0, 0, 0, 0], [1, -3, 3, -2, 0, 1, 0, 2, 0, -1, 0, 0, 1, 0, 1, -1, 0, 3, 1, 2, -1, 0], [1, -2, 2, -2, 0, 1, 0, 1, 1, -1, 1, 1, 1, 0, -1, 0, 1, 1, 1, 1, 0, 0], [1, -3, 3, -2, 0, 1, 0, 2, 0, -1, 1, -1, 1, 0, 1, -1, -1, 3, 1, 2, -1, 0], [1, -2, 2, -1, 0, 0, 0, 2, 0, 0, 0, -1, 0, 0, 1, -1, -1, 2, 1, 1, -1, 0], [1, -1, 0, -1, 0, 0, 0, 0, 0, 0, 0, 0, 0, 1, 1, -1, 0, 1, 0, 0, 0, 0], [0, -2, 3, -1, 0, 1, 0, 2, 0, -1, 1, -1, 1, 0, 0, -1, -1, 2, 1, 1, -1, 0]]

####################
# ALGEBRAIC CURVES #
####################


There are 288 conics:
[1, 0, -2, 1, 0, 1, -2, 0, 0, 0, 1, -2, -1, -1, 0, -1, 2, 0, 2, 2, 0, 1]
[-1, 0, 0, -1, -1, -1, 0, 0, 0, 0, -1, -1, 0, 1, 0, 1, 0, 0, 1, 1, 0, -1]
[0, 1, 2, -2, 0, -1, 1, -1, 0, 1, -1, 0, 1, 0, 1, 1, -1, -1, 0, 1, 0, -1]
[0, -1, -4, 2, -1, 1, -3, 1, 0, -1, 1, -3, -2, 0, -1, -1, 3, 1, 3, 2, 0, 1]
[1, 0, -2, 1, -1, 1, -2, 0, 0, -1, 0, -2, -1, -1, 0, -1, 2, 0, 2, 2, 0, 1]
[-1, 0, 0, -1, 0, -1, 0, 0, 0, 1, 0, -1, 0, 1, 0, 1, 0, 0, 1, 1, 0, -1]
[0, 0, 0, 0, 0, 0, -1, 0, 0, 0, -1, -1, 0, 1, 0, 1, 0, 0, 1, 1, 0, -1]
[0, 0, -2, 0, -1, 0, -1, 0, 0, 0, 1, -2, -1, -1, 0, -1, 2, 0, 2, 2, 0, 1]
[1, 0, -3, 2, 0, 1, -2, 1, 0, 0, 2, -1, -1, -1, 0, -1, 2, 1, 2, 2, 0, 1]
[-1, 0, 1, -2, -1, -1, 0, -1, 0, 0, -2, -2, 0, 1, 0, 1, 0, -1, 1, 1, 0, -1]
[1, 0, -3, 2, -1, 0, -2, 1, 0, -1, 2, -2, -1, -1, 0, -1, 3, 1, 2, 2, 0, 1]
[-1, 0, 1, -2, 0, 0, 0, -1, 0, 1, -2, -1, 0, 1, 0, 1, -1, -1, 1, 1, 0, -1]
[1, 1, -2, 1, 0, 1, -2, 1, 1, -1, 0, -2, -1, 0, 0, -1, 2, 0, 2, 2, 0, 1]
[-1, -1, 0, -1, -1, -1, 0, -1, -1, 1, 0, -1, 0, 0, 0, 1, 0, 0, 1, 1, 0, -1]
[0, 0, 1, -1, 0, -1, 1, 0, 0, 1, -1, 0, 0, 0, 0, 1, -1, 0, 0, 0, 0, -1]
[0, 0, -3, 1, -1, 1, -3, 0, 0, -1, 1, -3, -1, 0, 0, -1, 3, 0, 3, 3, 0, 1]
[1, 0, -3, 2, 0, 1, -2, 1, 1, -1, 1, -2, -1, -1, 1, -1, 2, 0, 2, 3, 0, 1]
[-1, 0, 1, -2, -1, -1, 0, -1, -1, 1, -1, -1, 0, 1, -1, 1, 0, 0, 1, 0, 0, -1]
[1, 1, -2, 1, 0, 1, -2, 0, 0, -1, 1, -2, -1, -1, 1, -1, 2, 0, 3, 2, 0, 1]
[-1, -1, 0, -1, -1, -1, 0, 0, 0, 1, -1, -1, 0, 1, -1, 1, 0, 0, 0, 1, 0, -1]
[0, 1, 1, -1, 0, 0, 0, -1, 0, 0, -1, -1, 0, 0, 1, 0, 0, -1, 2, 1, 0, -1]
[0, -1, -3, 1, -1, 0, -2, 1, 0, 0, 1, -2, -1, 0, -1, 0, 2, 1, 1, 2, 0, 1]
[0, 0, 0, 0, 0, 0, 0, 0, 1, 0, -1, -1, 0, 0, 1, 0, 0, -1, 1, 2, 0, -1]
[0, 0, -2, 0, -1, 0, -2, 0, -1, 0, 1, -2, -1, 0, -1, 0, 2, 1, 2, 1, 0, 1]
[1, 0, -2, 1, 0, 0, -1, 1, 0, 0, 1, -1, -1, -1, 0, 0, 1, 1, 1, 1, 0, 1]
[-1, 0, 0, -1, -1, 0, -1, -1, 0, 0, -1, -2, 0, 1, 0, 0, 1, -1, 2, 2, 0, -1]
[0, 1, 1, -1, 0, 0, 0, 0, 1, 0, -2, -1, 0, 1, 0, 0, 0, -1, 1, 1, 0, -1]
[0, -1, -3, 1, -1, 0, -2, 0, -1, 0, 2, -2, -1, -1, 0, 0, 2, 1, 2, 2, 0, 1]
[0, 0, 0, 0, -1, -1, 0, 0, 0, 0, 0, -1, 0, 0, 0, 0, 1, 0, 1, 1, 0, -1]
[0, 0, -2, 0, 0, 1, -2, 0, 0, 0, 0, -2, -1, 0, 0, 0, 1, 0, 2, 2, 0, 1]
[0, 0, 0, 0, 0, 0, 0, 0, 0, 1, 0, 0, 0, 0, 0, 0, 0, 0, 1, 1, 0, -1]
[0, 0, -2, 0, -1, 0, -2, 0, 0, -1, 0, -3, -1, 0, 0, 0, 2, 0, 2, 2, 0, 1]
[1, 0, -3, 2, 0, 1, -3, 1, 0, -1, 1, -2, -1, 0, 0, 0, 2, 1, 2, 2, 0, 1]
[-1, 0, 1, -2, -1, -1, 1, -1, 0, 1, -1, -1, 0, 0, 0, 0, 0, -1, 1, 1, 0, -1]
[0, 0, 1, -1, -1, 0, 0, -1, 0, 0, -2, -1, 0, 0, 0, 0, 0, -1, 1, 1, 0, -1]
[0, 0, -3, 1, 0, 0, -2, 1, 0, 0, 2, -2, -1, 0, 0, 0, 2, 1, 2, 2, 0, 1]
[1, 1, -1, 0, 0, 0, -1, 0, 0, 0, 1, -1, 0, -1, 1, 0, 1, 0, 1, 2, 0, 1]
[-1, -1, -1, 0, -1, 0, -1, 0, 0, 0, -1, -2, -1, 1, -1, 0, 1, 0, 2, 1, 0, -1]
[0, 0, 1, -1, 0, 0, 0, -1, 0, 1, -1, -1, 0, 0, 0, 0, 0, -1, 1, 1, 0, -1]
[0, 0, -3, 1, -1, 0, -2, 1, 0, -1, 1, -2, -1, 0, 0, 0, 2, 1, 2, 2, 0, 1]
[0, 0, -1, 0, 0, 0, -1, -1, 0, 0, 0, -2, -1, 0, -1, -1, 1, 0, 2, 2, 0, 0]
[0, 0, -1, 0, -1, 0, -1, 1, 0, 0, 0, -1, 0, 0, 1, 1, 1, 0, 1, 1, 0, 0]
[0, 1, 0, -1, -1, -1, -1, 0, 1, 1, 0, -1, 1, 0, 1, 1, 0, 0, 1, 1, 0, 0]
[0, -1, -2, 1, 0, 1, -1, 0, -1, -1, 0, -2, -2, 0, -1, -1, 2, 0, 2, 2, 0, 0]
[0, 1, 0, -1, 0, -1, 0, 0, 0, 0, 0, -1, 0, 0, 1, 1, 0, 0, 1, 1, 0, 0]
[0, -1, -2, 1, -1, 1, -2, 0, 0, 0, 0, -2, -1, 0, -1, -1, 2, 0, 2, 2, 0, 0]
[0, 0, -1, 0, 0, 0, -1, 0, 0, 0, 0, -1, 0, 0, 1, 1, 0, 0, 1, 2, 0, 0]
[0, 0, -1, 0, -1, 0, -1, 0, 0, 0, 0, -2, -1, 0, -1, -1, 2, 0, 2, 1, 0, 0]
[1, 0, -1, 1, 0, 1, -1, 0, 0, 0, 0, -1, -1, -1, 0, -1, 1, 0, 2, 1, 0, 0]
[-1, 0, -1, -1, -1, -1, -1, 0, 0, 0, 0, -2, 0, 1, 0, 1, 1, 0, 1, 2, 0, 0]
[0, 1, 0, -1, 0, 0, -1, 0, 0, 0, -1, -1, 0, 1, 0, 1, 0, 0, 1, 1, 0, 0]
[0, -1, -2, 1, -1, 0, -1, 0, 0, 0, 1, -2, -1, -1, 0, -1, 2, 0, 2, 2, 0, 0]
[0, 0, -1, 0, 0, 1, -1, 0, 1, 0, -1, -2, -1, 0, 0, -1, 1, -1, 2, 2, 0, 0]
[0, 0, -1, 0, -1, -1, -1, 0, -1, 0, 1, -1, 0, 0, 0, 1, 1, 1, 1, 1, 0, 0]
[0, 0, -1, 0, 0, -1, 0, 1, 0, 1, 1, 0, 0, 0, 0, 1, 0, 1, 0, 1, 0, 0]
[0, 0, -1, 0, -1, 1, -2, -1, 0, -1, -1, -3, -1, 0, 0, -1, 2, -1, 3, 2, 0, 0]
[1, 0, -2, 2, 0, 1, -2, 1, 1, -1, 0, -2, -1, 0, 0, -1, 2, 0, 2, 2, 0, 0]
[-1, 0, 0, -2, -1, -1, 0, -1, -1, 1, 0, -1, 0, 0, 0, 1, 0, 0, 1, 1, 0, 0]
[0, 0, 0, -1, -1, -1, 0, 0, 0, 0, -1, -1, 0, 0, 0, 1, 0, 0, 0, 1, 0, 0]
[0, 0, -2, 1, 0, 1, -2, 0, 0, 0, 1, -2, -1, 0, 0, -1, 2, 0, 3, 2, 0, 0]
[0, 1, -1, 0, 0, 0, -1, 0, 0, 0, 1, -1, 0, 0, 1, 0, 1, 0, 2, 2, 0, 0]
[0, -1, -1, 0, -1, 0, -1, 0, 0, 0, -1, -2, -1, 0, -1, 0, 1, 0, 1, 1, 0, 0]
[1, 1, -1, 1, 0, 0, -1, 1, 1, -1, 0, -1, 0, 0, 1, 0, 1, 0, 1, 2, 0, 0]
[-1, -1, -1, -1, -1, 0, -1, -1, -1, 1, 0, -2, -1, 0, -1, 0, 1, 0, 2, 1, 0, 0]
[0, 1, 0, -1, -1, 0, -1, -1, 0, -1, -1, -2, 0, 0, 1, 0, 1, -1, 2, 2, 0, 0]
[0, -1, -2, 1, 0, 0, -1, 1, 0, 1, 1, -1, -1, 0, -1, 0, 1, 1, 1, 1, 0, 0]
[0, 1, 0, -1, 0, 0, 0, 0, 1, 0, -1, -1, 0, 0, 1, 0, 0, -1, 1, 2, 0, 0]
[0, -1, -2, 1, -1, 0, -2, 0, -1, 0, 1, -2, -1, 0, -1, 0, 2, 1, 2, 1, 0, 0]
[0, 0, -1, 0, 0, 1, -2, 0, 0, 0, -1, -2, -1, 1, -1, 0, 1, 0, 2, 1, 0, 0]
[0, 0, -1, 0, -1, -1, 0, 0, 0, 0, 1, -1, 0, -1, 1, 0, 1, 0, 1, 2, 0, 0]
[1, 1, 0, 0, 0, 0, 0, 0, 0, 0, 0, 0, 0, -1, 1, 0, 0, 0, 1, 1, 0, 0]
[-1, -1, -2, 0, -1, 0, -2, 0, 0, 0, 0, -3, -1, 1, -1, 0, 2, 0, 2, 2, 0, 0]
[0, 1, 0, -1, -1, -1, 0, 0, 0, 0, 0, -1, 0, 0, 0, 0, 1, 0, 1, 1, 0, 0]
[0, -1, -2, 1, 0, 1, -2, 0, 0, 0, 0, -2, -1, 0, 0, 0, 1, 0, 2, 2, 0, 0]
[0, 0, -1, 0, 0, 0, -1, 0, 0, 0, 0, -2, -1, 0, 0, 0, 1, 0, 2, 1, 0, 0]
[0, 0, -1, 0, -1, 0, -1, 0, 0, 0, 0, -1, 0, 0, 0, 0, 1, 0, 1, 2, 0, 0]
[0, 0, -1, 0, 0, 0, 0, 0, -1, -1, 0, -1, -1, 0, 0, 0, 1, 0, 1, 2, 0, 0]
[0, 0, -1, 0, -1, 0, -2, 0, 1, 1, 0, -2, 0, 0, 0, 0, 1, 0, 2, 1, 0, 0]
[0, 1, 0, -1, 0, -1, 0, -1, 0, 0, 0, -1, 0, 0, 0, 0, 0, 0, 1, 2, 0, 0]
[0, -1, -2, 1, -1, 1, -2, 1, 0, 0, 0, -2, -1, 0, 0, 0, 2, 0, 2, 1, 0, 0]
[0, 0, -1, 1, 1, 0, 0, 0, 0, -1, 0, -1, -1, -1, 0, -1, 1, 0, 2, 2, 1, 0]
[0, 0, -1, -1, -2, 0, -2, 0, 0, 1, 0, -2, 0, 1, 0, 1, 1, 0, 1, 1, -1, 0]
[0, 0, 0, -2, -1, -1, 0, 0, 1, 1, -1, -1, 1, 0, 1, 1, 0, -1, 1, 0, -1, 0]
[0, 0, -2, 2, 0, 1, -2, 0, -1, -1, 1, -2, -2, 0, -1, -1, 2, 1, 2, 3, 1, 0]
[0, 0, -1, 1, 0, 1, -1, 0, 0, 0, 0, -1, -1, -1, 0, -1, 1, 0, 2, 2, 1, 0]
[0, 0, -1, -1, -1, -1, -1, 0, 0, 0, 0, -2, 0, 1, 0, 1, 1, 0, 1, 1, -1, 0]
[0, 0, -1, 1, -1, 0, -1, 0, 0, -1, 0, -2, -1, -1, 0, -1, 2, 0, 2, 2, 1, 0]
[0, 0, -1, -1, 0, 0, -1, 0, 0, 1, 0, -1, 0, 1, 0, 1, 0, 0, 1, 1, -1, 0]
[1, 0, -2, 3, 0, 1, -2, 1, 0, -1, 1, -1, -1, -1, 0, -1, 2, 1, 2, 2, 1, 0]
[-1, 0, 0, -3, -1, -1, 0, -1, 0, 1, -1, -2, 0, 1, 0, 1, 0, -1, 1, 1, -1, 0]
[0, 0, 0, -2, -1, 0, -1, -1, 0, 0, -2, -2, 0, 1, 0, 1, 0, -1, 1, 1, -1, 0]
[0, 0, -2, 2, 0, 0, -1, 1, 0, 0, 2, -1, -1, -1, 0, -1, 2, 1, 2, 2, 1, 0]
[0, 0, 0, -2, -1, -1, 0, -1, -1, 1, 0, -1, 0, 0, 0, 1, 0, 0, 1, 0, -1, 0]
[0, 0, -2, 2, 0, 1, -2, 1, 1, -1, 0, -2, -1, 0, 0, -1, 2, 0, 2, 3, 1, 0]
[0, 1, -1, 1, 0, 1, -2, 0, 0, -1, 0, -2, -1, 0, 0, -1, 2, 0, 3, 2, 1, 0]
[0, -1, -1, -1, -1, -1, 0, 0, 0, 1, 0, -1, 0, 0, 0, 1, 0, 0, 0, 1, -1, 0]
[1, 1, -1, 2, 1, 1, -1, 1, 1, -1, 0, -1, -1, -1, 1, -1, 1, 0, 2, 2, 1, 0]
[-1, -1, -1, -2, -2, -1, -1, -1, -1, 1, 0, -2, 0, 1, -1, 1, 1, 0, 1, 1, -1, 0]
[0, 0, 0, -2, -1, -1, 0, 0, 0, 1, -1, -1, 0, 1, -1, 1, 0, 0, 0, 0, -1, 0]
[0, 0, -2, 2, 0, 1, -2, 0, 0, -1, 1, -2, -1, -1, 1, -1, 2, 0, 3, 3, 1, 0]
[0, 0, -1, 1, 0, 0, -1, 1, 0, 0, 0, -1, -1, 0, -1, 0, 1, 1, 1, 1, 1, 0]
[0, 0, -1, -1, -1, 0, -1, -1, 0, 0, 0, -2, 0, 0, 1, 0, 1, -1, 2, 2, -1, 0]
[1, 1, 0, -1, 0, 0, 0, 0, 1, 0, -1, -1, 0, 0, 1, 0, 0, -1, 1, 1, -1, 0]
[-1, -1, -2, 1, -1, 0, -2, 0, -1, 0, 1, -2, -1, 0, -1, 0, 2, 1, 2, 2, 1, 0]
[0, 1, 0, -2, -1, 0, -1, -1, 0, 0, -1, -2, 0, 1, 0, 0, 1, -1, 2, 1, -1, 0]
[0, -1, -2, 2, 0, 0, -1, 1, 0, 0, 1, -1, -1, -1, 0, 0, 1, 1, 1, 2, 1, 0]
[0, 0, -1, 1, 0, 0, -1, 0, -1, 0, 1, -1, -1, -1, 0, 0, 1, 1, 2, 1, 1, 0]
[0, 0, -1, -1, -1, 0, -1, 0, 1, 0, -1, -2, 0, 1, 0, 0, 1, -1, 1, 2, -1, 0]
[0, 0, -1, 1, 0, 1, -2, 0, 0, -1, -1, -2, -1, 0, 0, 0, 1, 0, 2, 2, 1, 0]
[0, 0, -1, -1, -1, -1, 0, 0, 0, 1, 1, -1, 0, 0, 0, 0, 1, 0, 1, 1, -1, 0]
[1, 0, -1, 0, -1, 0, -1, 0, 0, 0, 0, -1, 0, 0, 0, 0, 1, 0, 1, 1, -1, 0]
[-1, 0, -1, 0, 0, 0, -1, 0, 0, 0, 0, -2, -1, 0, 0, 0, 1, 0, 2, 2, 1, 0]
[0, 0, 0, -2, -2, -1, 0, -1, 0, 0, -1, -2, 0, 0, 0, 0, 1, -1, 1, 1, -1, 0]
[0, 0, -2, 2, 1, 1, -2, 1, 0, 0, 1, -1, -1, 0, 0, 0, 1, 1, 2, 2, 1, 0]
[0, 0, 0, -2, -1, 0, 0, -1, 0, 1, -1, -1, 0, 0, 0, 0, 0, -1, 1, 1, -1, 0]
[0, 0, -2, 2, 0, 0, -2, 1, 0, -1, 1, -2, -1, 0, 0, 0, 2, 1, 2, 2, 1, 0]
[0, 0, -1, 1, 0, 0, -1, 1, 1, 0, 0, -1, 0, -1, 1, 0, 1, 0, 2, 1, 1, 0]
[0, 0, -1, -1, -1, 0, -1, -1, -1, 0, 0, -2, -1, 1, -1, 0, 1, 0, 1, 2, -1, 0]
[0, 0, 0, -2, 0, -1, 1, -1, 0, 0, -1, -1, 0, 0, 0, 0, 0, -1, 1, 1, -1, 0]
[0, 0, -2, 2, -1, 1, -3, 1, 0, 0, 1, -2, -1, 0, 0, 0, 2, 1, 2, 2, 1, 0]
[0, 0, -1, 0, 0, 0, 0, 0, 0, 0, 0, -1, -1, 0, -1, -1, 1, 0, 1, 2, 0, 0]
[0, 0, -1, 0, -1, 0, -2, 0, 0, 0, 0, -2, 0, 0, 1, 1, 1, 0, 2, 1, 0, 0]
[0, 0, -1, 0, 0, 0, -1, 1, 1, 1, 0, -1, 0, 0, 1, 1, 0, 0, 1, 1, 0, 0]
[0, 0, -1, 0, -1, 0, -1, -1, -1, -1, 0, -2, -1, 0, -1, -1, 2, 0, 2, 2, 0, 0]
[1, 0, -1, 1, 0, 0, 0, 0, 0, -1, 0, -1, -1, -1, 0, -1, 1, 0, 1, 2, 0, 0]
[-1, 0, -1, -1, -1, 0, -2, 0, 0, 1, 0, -2, 0, 1, 0, 1, 1, 0, 2, 1, 0, 0]
[0, 0, -1, 0, 0, 0, 0, -1, -1, 0, 1, -1, -1, -1, 0, -1, 1, 0, 2, 2, 0, 0]
[0, 0, -1, 0, -1, 0, -2, 1, 1, 0, -1, -2, 0, 1, 0, 1, 1, 0, 1, 1, 0, 0]
[0, 0, -1, 0, 0, 1, -1, -1, 0, -1, -1, -2, -1, 0, 0, -1, 1, -1, 2, 3, 0, 0]
[0, 0, -1, 0, -1, -1, -1, 1, 0, 1, 1, -1, 0, 0, 0, 1, 1, 1, 1, 0, 0, 0]
[0, 1, 0, -1, 0, 0, 0, -1, 0, -1, -1, -2, -1, 0, 0, -1, 1, -1, 2, 2, 0, 0]
[0, -1, -2, 1, -1, 0, -2, 1, 0, 1, 1, -1, 0, 0, 0, 1, 1, 1, 1, 1, 0, 0]
[1, 1, -1, 1, 1, 1, -1, 0, 0, -1, 0, -1, -1, 0, 0, -1, 1, 0, 2, 2, 0, 0]
[-1, -1, -1, -1, -2, -1, -1, 0, 0, 1, 0, -2, 0, 0, 0, 1, 1, 0, 1, 1, 0, 0]
[0, 0, 0, -1, -1, 0, -1, 0, 0, 1, -1, -1, 0, 0, 0, 1, 0, 0, 1, 0, 0, 0]
[0, 0, -2, 1, 0, 0, -1, 0, 0, -1, 1, -2, -1, 0, 0, -1, 2, 0, 2, 3, 0, 0]
[0, 0, 0, -1, 0, 0, 0, -1, -1, 0, -1, -1, -1, 0, -1, 0, 0, 0, 1, 1, 0, 0]
[0, 0, -2, 1, -1, 0, -2, 1, 1, 0, 1, -2, 0, 0, 1, 0, 2, 0, 2, 2, 0, 0]
[1, 1, -1, 1, 0, 1, -2, 1, 1, 0, 0, -1, 0, 0, 1, 0, 1, 0, 2, 1, 0, 0]
[-1, -1, -1, -1, -1, -1, 0, -1, -1, 0, 0, -2, -1, 0, -1, 0, 1, 0, 1, 2, 0, 0]
[0, 1, 0, -1, -1, 0, -1, 0, 1, 0, -1, -2, 0, 0, 1, 0, 1, -1, 2, 1, 0, 0]
[0, -1, -2, 1, 0, 0, -1, 0, -1, 0, 1, -1, -1, 0, -1, 0, 1, 1, 1, 2, 0, 0]
[0, 0, -1, 0, 0, -1, 0, 0, -1, 0, 1, -1, -1, 0, -1, 0, 1, 1, 1, 1, 0, 0]
[0, 0, -1, 0, -1, 1, -2, 0, 1, 0, -1, -2, 0, 0, 1, 0, 1, -1, 2, 2, 0, 0]
[0, 0, -1, 0, 0, 0, -1, 0, 0, -1, -1, -2, -1, 1, -1, 0, 1, 0, 1, 2, 0, 0]
[0, 0, -1, 0, -1, 0, -1, 0, 0, 1, 1, -1, 0, -1, 1, 0, 1, 0, 2, 1, 0, 0]
[1, 0, -1, 1, -1, 0, -1, 1, 1, 0, 0, -1, 0, -1, 1, 0, 1, 0, 1, 1, 0, 0]
[-1, 0, -1, -1, 0, 0, -1, -1, -1, 0, 0, -2, -1, 1, -1, 0, 1, 0, 2, 2, 0, 0]
[0, 0, -1, 0, 1, 0, 0, 0, 0, 0, 0, -1, -1, 0, 0, 0, 0, 0, 1, 2, 0, 0]
[0, 0, -1, 0, -2, 0, -2, 0, 0, 0, 0, -2, 0, 0, 0, 0, 2, 0, 2, 1, 0, 0]
[0, 0, -1, 0, 0, 0, -1, -1, -1, -1, 0, -2, -1, 0, 0, 0, 1, 0, 2, 2, 0, 0]
[0, 0, -1, 0, -1, 0, -1, 1, 1, 1, 0, -1, 0, 0, 0, 0, 1, 0, 1, 1, 0, 0]
[0, 1, 0, -1, -1, 0, -1, -1, 1, 0, -1, -2, 0, 0, 0, -1, 1, -1, 2, 2, 0, 0]
[0, -1, -2, 1, 0, 0, -1, 1, -1, 0, 1, -1, -1, 0, 0, 1, 1, 1, 1, 1, 0, 0]
[0, 0, -1, 0, 0, -1, -1, 0, 0, 1, 1, -1, 0, 0, 0, 1, 0, 1, 1, 1, 0, 0]
[0, 0, -1, 0, -1, 1, -1, 0, 0, -1, -1, -2, -1, 0, 0, -1, 2, -1, 2, 2, 0, 0]
[1, 1, 0, 0, 0, 1, 0, -1, 1, -1, -1, -2, -1, -1, 1, -1, 1, -1, 2, 2, 0, 0]
[-1, -1, -2, 0, -1, -1, -2, 1, -1, 1, 1, -1, 0, 1, -1, 1, 1, 1, 1, 1, 0, 0]
[1, 1, 0, 0, 0, 0, 0, 0, 1, -1, -1, -1, 0, -1, 1, -1, 1, -1, 2, 1, 0, 0]
[-1, -1, -2, 0, -1, 0, -2, 0, -1, 1, 1, -2, -1, 1, -1, 1, 1, 1, 1, 2, 0, 0]
[1, 1, 0, 0, 0, 1, -1, -1, 0, 0, 0, -1, 0, -1, 1, -1, 1, -1, 2, 2, 0, 0]
[-1, -1, -2, 0, -1, -1, -1, 1, 0, 0, 0, -2, -1, 1, -1, 1, 1, 1, 1, 1, 0, 0]
[0, 0, -1, 0, 0, 0, -1, 0, 0, 0, 0, -2, -1, 1, -1, 1, 1, 1, 1, 1, 0, 0]
[0, 0, -1, 0, -1, 0, -1, 0, 0, 0, 0, -1, 0, -1, 1, -1, 1, -1, 2, 2, 0, 0]
[0, 0, -1, 0, 0, 0, 0, 0, 1, 0, 0, -1, 0, -1, 1, -1, 1, -1, 2, 2, 0, 0]
[0, 0, -1, 0, -1, 0, -2, 0, -1, 0, 0, -2, -1, 1, -1, 1, 1, 1, 1, 1, 0, 0]
[1, 1, 0, 0, 0, 0, 0, 0, 1, 0, 0, -1, 0, -1, 1, -1, 1, -1, 1, 2, 0, 0]
[-1, -1, -2, 0, -1, 0, -2, 0, -1, 0, 0, -2, -1, 1, -1, 1, 1, 1, 2, 1, 0, 0]
[0, 0, 0, -1, 0, -1, 0, 0, 0, 1, 0, -1, 0, 0, 0, 1, 0, 0, 0, 1, 0, 0]
[0, 0, -2, 1, -1, 1, -2, 0, 0, -1, 0, -2, -1, 0, 0, -1, 2, 0, 3, 2, 0, 0]
[1, 1, -1, 1, -1, 1, -2, 0, 0, -1, 0, -2, -1, 0, 0, -1, 2, 0, 2, 2, 0, 0]
[-1, -1, -1, -1, 0, -1, 0, 0, 0, 1, 0, -1, 0, 0, 0, 1, 0, 0, 1, 1, 0, 0]
[1, 1, -1, 1, 0, 1, -1, 0, 1, -1, 0, -2, -1, 0, 0, -1, 2, 0, 2, 2, 0, 0]
[-1, -1, -1, -1, -1, -1, -1, 0, -1, 1, 0, -1, 0, 0, 0, 1, 0, 0, 1, 1, 0, 0]
[0, 0, 0, -1, 0, 0, -1, -1, -1, 1, 0, -1, 0, 0, 0, 1, 0, 0, 1, 1, 0, 0]
[0, 0, -2, 1, -1, 0, -1, 1, 1, -1, 0, -2, -1, 0, 0, -1, 2, 0, 2, 2, 0, 0]
[0, 0, 0, -1, 0, -1, 0, 0, 0, 0, -1, -1, 0, 0, 0, 1, 0, 0, 1, 0, 0, 0]
[0, 0, -2, 1, -1, 1, -2, 0, 0, 0, 1, -2, -1, 0, 0, -1, 2, 0, 2, 3, 0, 0]
[0, 0, 0, -1, 0, 0, 0, -1, 0, 0, -1, -2, -1, 0, 0, 1, 0, 0, 1, 1, 0, 0]
[0, 0, -2, 1, -1, 0, -2, 1, 0, 0, 1, -1, 0, 0, 0, -1, 2, 0, 2, 2, 0, 0]
[1, 1, -1, 1, 0, 0, -1, 0, 1, 0, 1, -1, 0, -1, 1, -1, 1, 0, 2, 2, 0, 0]
[-1, -1, -1, -1, -1, 0, -1, 0, -1, 0, -1, -2, -1, 1, -1, 1, 1, 0, 1, 1, 0, 0]
[1, 0, -2, 2, 0, 1, -1, 1, 0, -1, 1, -1, -1, -1, 1, -1, 2, 0, 2, 2, 0, 0]
[-1, 0, 0, -2, -1, -1, -1, -1, 0, 1, -1, -2, 0, 1, -1, 1, 0, 0, 1, 1, 0, 0]
[0, 0, 0, -1, -1, 0, 0, -1, 0, 0, -1, -2, -1, 0, -1, 0, 1, 0, 1, 1, 0, 0]
[0, 0, -2, 1, 0, 0, -2, 1, 0, 0, 1, -1, 0, 0, 1, 0, 1, 0, 2, 2, 0, 0]
[1, 1, -1, 1, 1, 1, -1, 0, 1, -1, 0, -2, -1, 0, 1, 0, 1, 0, 2, 2, 0, 0]
[-1, -1, -1, -1, -2, -1, -1, 0, -1, 1, 0, -1, 0, 0, -1, 0, 1, 0, 1, 1, 0, 0]
[1, 0, 0, 0, 0, 0, 0, 0, 0, 1, 0, 0, 0, -1, 0, 0, 0, 0, 0, 1, 0, 0]
[-1, 0, -2, 0, -1, 0, -2, 0, 0, -1, 0, -3, -1, 1, 0, 0, 2, 0, 3, 2, 0, 0]
[0, 1, 0, -1, 0, 0, -1, -1, 0, 0, 0, -2, 0, 0, 1, 0, 1, -1, 2, 2, 0, 0]
[0, -1, -2, 1, -1, 0, -1, 1, 0, 0, 0, -1, -1, 0, -1, 0, 1, 1, 1, 1, 0, 0]
[0, 0, 0, -1, -1, -1, 0, -1, 0, 1, 0, -1, 0, -1, 0, 0, 0, 0, 1, 1, 0, 0]
[0, 0, -2, 1, 0, 1, -2, 1, 0, -1, 0, -2, -1, 1, 0, 0, 2, 0, 2, 2, 0, 0]
[0, 0, -1, 0, 0, 1, -1, 0, 0, -1, -1, -2, -1, 0, 1, 0, 1, -1, 2, 2, 0, 0]
[0, 0, -1, 0, -1, -1, -1, 0, 0, 1, 1, -1, 0, 0, -1, 0, 1, 1, 1, 1, 0, 0]
[0, 0, 0, -1, 0, -1, 1, 0, 0, 1, 0, 0, 0, -1, 0, 0, 0, 0, 1, 0, 0, 0]
[0, 0, -2, 1, -1, 1, -3, 0, 0, -1, 0, -3, -1, 1, 0, 0, 2, 0, 2, 3, 0, 0]
[0, 0, -1, 0, 0, 0, -1, 0, 1, -1, -1, -2, 0, 0, 1, 0, 1, -1, 2, 2, 0, 0]
[0, 0, -1, 0, -1, 0, -1, 0, -1, 1, 1, -1, -1, 0, -1, 0, 1, 1, 1, 1, 0, 0]
[0, 1, -1, 0, 0, 1, -2, 0, 0, 0, 0, -2, -1, 1, 0, 0, 1, 0, 2, 2, 0, 0]
[0, -1, -1, 0, -1, -1, 0, 0, 0, 0, 0, -1, 0, -1, 0, 0, 1, 0, 1, 1, 0, 0]
[0, 1, 0, -1, 1, 0, 0, 0, 1, 0, -1, -1, 0, 0, 1, 0, 0, -1, 2, 1, 0, 0]
[0, -1, -2, 1, -2, 0, -2, 0, -1, 0, 1, -2, -1, 0, -1, 0, 2, 1, 1, 2, 0, 0]
[0, 1, -1, 0, 0, 0, -2, 0, 1, 0, 0, -2, 0, 1, 0, 0, 1, 0, 2, 2, 0, 0]
[0, -1, -1, 0, -1, 0, 0, 0, -1, 0, 0, -1, -1, -1, 0, 0, 1, 0, 1, 1, 0, 0]
[0, 1, 0, -1, 0, 0, -1, -1, 1, 0, -1, -2, 0, 0, 1, 0, 0, -1, 2, 2, 0, 0]
[0, -1, -2, 1, -1, 0, -1, 1, -1, 0, 1, -1, -1, 0, -1, 0, 2, 1, 1, 1, 0, 0]
[0, 0, 0, -1, -1, -1, 0, -1, -1, 1, 1, -1, 0, -1, 0, 0, 1, 0, 1, 1, 0, 0]
[0, 0, -2, 1, 0, 1, -2, 1, 1, -1, -1, -2, -1, 1, 0, 0, 1, 0, 2, 2, 0, 0]
[1, 1, 0, 0, 1, 1, -1, 0, 1, 0, -1, -1, 0, 0, 1, 0, 0, -1, 1, 2, 0, 0]
[-1, -1, -2, 0, -2, -1, -1, 0, -1, 0, 1, -2, -1, 0, -1, 0, 2, 1, 2, 1, 0, 0]
[1, 0, -1, 1, 0, 0, 0, 0, 0, 0, 1, -1, -1, -1, 0, 0, 1, 1, 1, 1, 0, 0]
[-1, 0, -1, -1, -1, 0, -2, 0, 0, 0, -1, -2, 0, 1, 0, 0, 1, -1, 2, 2, 0, 0]
[0, 1, 0, -1, 0, 1, -1, -1, 1, -1, -2, -3, -1, 1, 0, 0, 1, -1, 2, 2, 0, 0]
[0, -1, -2, 1, -1, -1, -1, 1, -1, 1, 2, 0, 0, -1, 0, 0, 1, 1, 1, 1, 0, 0]
[0, 0, 0, -1, 0, 0, 0, 0, 1, 0, -2, -1, 0, 0, 0, 0, 0, -1, 1, 1, 0, 0]
[0, 0, -2, 1, -1, 0, -2, 0, -1, 0, 2, -2, -1, 0, 0, 0, 2, 1, 2, 2, 0, 0]
[0, 0, -1, 0, 0, -1, 0, 0, 0, 0, 1, -1, 0, -1, 1, 0, 1, 0, 2, 1, 0, 0]
[0, 0, -1, 0, -1, 1, -2, 0, 0, 0, -1, -2, -1, 1, -1, 0, 1, 0, 1, 2, 0, 0]
[0, 1, 1, -2, 0, 0, 0, -1, 0, 1, -1, -1, 0, 0, 0, 0, 0, -1, 1, 1, 0, 0]
[0, -1, -3, 2, -1, 0, -2, 1, 0, -1, 1, -2, -1, 0, 0, 0, 2, 1, 2, 2, 0, 0]
[1, 0, -1, 1, 0, 0, -1, 0, 0, 0, 1, -1, 0, -1, 1, 0, 1, 0, 1, 2, 0, 0]
[-1, 0, -1, -1, -1, 0, -1, 0, 0, 0, -1, -2, -1, 1, -1, 0, 1, 0, 2, 1, 0, 0]
[1, 1, 0, 0, 0, 0, -1, 0, 1, 0, -1, -1, 0, 0, 0, 0, 0, 0, 1, 1, 0, 0]
[-1, -1, -2, 0, -1, 0, -1, 0, -1, 0, 1, -2, -1, 0, 0, 0, 2, 0, 2, 2, 0, 0]
[0, 0, -1, 0, 0, 0, -1, 0, 1, 1, 0, -1, 0, 0, 0, 0, 0, 0, 1, 2, 0, 0]
[0, 0, -1, 0, -1, 0, -1, 0, -1, -1, 0, -2, -1, 0, 0, 0, 2, 0, 2, 1, 0, 0]
[1, 1, 0, 0, 1, 1, 0, 0, 1, 0, -1, -1, -1, 0, 0, 0, 0, 0, 1, 1, 0, 0]
[-1, -1, -2, 0, -2, -1, -2, 0, -1, 0, 1, -2, 0, 0, 0, 0, 2, 0, 2, 2, 0, 0]
[0, 0, -1, 0, 0, 0, -1, 1, 0, 1, 0, 0, 0, 0, 0, 0, 0, 0, 1, 1, 0, 0]
[0, 0, -1, 0, -1, 0, -1, -1, 0, -1, 0, -3, -1, 0, 0, 0, 2, 0, 2, 2, 0, 0]
[0, 1, 0, -1, 0, 0, -1, -1, 0, 1, 0, -1, 0, 0, 0, 0, 0, 0, 2, 1, 0, 0]
[0, -1, -2, 1, -1, 0, -1, 1, 0, -1, 0, -2, -1, 0, 0, 0, 2, 0, 1, 2, 0, 0]
[0, 1, 0, -1, 0, -1, 0, 0, 1, 1, 0, -1, 0, 0, 0, 0, 0, 0, 1, 1, 0, 0]
[0, -1, -2, 1, -1, 1, -2, 0, -1, -1, 0, -2, -1, 0, 0, 0, 2, 0, 2, 2, 0, 0]
[0, 0, 0, -1, -1, 0, -1, -1, 0, 0, -1, -2, 0, 0, 0, 0, 1, -1, 1, 2, 0, 0]
[0, 0, -2, 1, 0, 0, -1, 1, 0, 0, 1, -1, -1, 0, 0, 0, 1, 1, 2, 1, 0, 0]
[1, 1, 0, 0, 1, 0, 0, 0, 0, 1, 1, 0, 0, -1, 1, 0, 0, 0, 1, 1, 0, 0]
[-1, -1, -2, 0, -2, 0, -2, 0, 0, -1, -1, -3, -1, 1, -1, 0, 2, 0, 2, 2, 0, 0]
[1, 0, -2, 2, 0, 1, -2, 1, 0, 0, 1, -1, -1, 0, 0, 0, 1, 1, 1, 2, 0, 0]
[-1, 0, 0, -2, -1, -1, 0, -1, 0, 0, -1, -2, 0, 0, 0, 0, 1, -1, 2, 1, 0, 0]
[1, 0, -1, 1, 1, 0, 0, 1, 1, 0, 0, 0, 0, -1, 1, 0, 0, 0, 1, 1, 0, 0]
[-1, 0, -1, -1, -2, 0, -2, -1, -1, 0, 0, -3, -1, 1, -1, 0, 2, 0, 2, 2, 0, 0]
[1, 0, -1, 1, 0, 1, -1, 0, 1, -1, -1, -2, -1, 0, 0, 0, 1, 0, 1, 2, 0, 0]
[-1, 0, -1, -1, -1, -1, -1, 0, -1, 1, 1, -1, 0, 0, 0, 0, 1, 0, 2, 1, 0, 0]
[0, 1, 0, -1, 0, 0, 0, -1, 0, 0, 0, -2, -1, 0, 0, 0, 1, 0, 2, 1, 0, 0]
[0, -1, -2, 1, -1, 0, -2, 1, 0, 0, 0, -1, 0, 0, 0, 0, 1, 0, 1, 2, 0, 0]
[1, 0, -1, 1, 0, 1, -1, 1, 0, -1, -1, -1, -1, 0, 0, 0, 1, 0, 1, 1, 0, 0]
[-1, 0, -1, -1, -1, -1, -1, -1, 0, 1, 1, -2, 0, 0, 0, 0, 1, 0, 2, 2, 0, 0]
[0, 1, 0, -1, -1, -1, -1, -1, 0, 0, 0, -2, 0, 0, 0, 0, 1, 0, 2, 1, 0, 0]
[0, -1, -2, 1, 0, 1, -1, 1, 0, 0, 0, -1, -1, 0, 0, 0, 1, 0, 1, 2, 0, 0]
[0, 0, -1, 0, 0, 0, 0, 1, 0, 0, 0, -1, -1, 0, 0, 0, 1, 0, 1, 1, 0, 0]
[0, 0, -1, 0, -1, 0, -2, -1, 0, 0, 0, -2, 0, 0, 0, 0, 1, 0, 2, 2, 0, 0]
[0, 0, -1, 0, 0, 1, -1, 0, -1, 0, 0, -1, -1, 0, 0, 0, 1, 0, 2, 1, 0, 0]
[0, 0, -1, 0, -1, -1, -1, 0, 1, 0, 0, -2, 0, 0, 0, 0, 1, 0, 1, 2, 0, 0]
[0, 0, 0, -1, 0, 0, 0, -1, 0, 0, -1, -1, 0, -1, 1, 0, 0, -1, 2, 1, 0, 0]
[0, 0, -2, 1, -1, 0, -2, 1, 0, 0, 1, -2, -1, 1, -1, 0, 2, 1, 1, 2, 0, 0]
[1, 1, 1, -1, 0, 0, 0, -1, 0, 0, -1, -1, 0, -1, 1, 0, 0, -1, 1, 1, 0, 0]
[-1, -1, -3, 1, -1, 0, -2, 1, 0, 0, 1, -2, -1, 1, -1, 0, 2, 1, 2, 2, 0, 0]
[1, 1, 1, -1, 1, 0, 1, -1, 1, 0, -1, -1, 0, -1, 1, 0, 0, -1, 1, 1, 0, 0]
[-1, -1, -3, 1, -2, 0, -3, 1, -1, 0, 1, -2, -1, 1, -1, 0, 2, 1, 2, 2, 0, 0]
[0, 0, 0, -1, 0, -1, 1, 0, 1, 0, -1, -1, 0, -1, 1, 0, 0, -1, 1, 1, 0, 0]
[0, 0, -2, 1, -1, 1, -3, 0, -1, 0, 1, -2, -1, 1, -1, 0, 2, 1, 2, 2, 0, 0]
[0, 0, 0, -1, 0, 0, 0, -1, 0, 1, 0, -1, 0, -1, 1, 0, 0, -1, 1, 2, 0, 0]
[0, 0, -2, 1, -1, 0, -2, 1, 0, -1, 0, -2, -1, 1, -1, 0, 2, 1, 2, 1, 0, 0]
[0, 0, 0, -1, 0, -1, 0, 0, 0, 1, 0, 0, 1, -1, 1, 0, 0, -1, 1, 1, 0, 0]
[0, 0, -2, 1, -1, 1, -2, 0, 0, -1, 0, -3, -2, 1, -1, 0, 2, 1, 2, 2, 0, 0]
[1, 1, 0, 0, 0, 1, -1, -1, 0, -1, -1, -2, -1, 0, 0, 0, 1, 0, 2, 1, 0, 0]
[-1, -1, -2, 0, -1, -1, -1, 1, 0, 1, 1, -1, 0, 0, 0, 0, 1, 0, 1, 2, 0, 0]
[0, 0, -1, 0, 0, 0, -1, 0, 0, 1, 1, -1, 0, 0, 0, 0, 1, 0, 1, 2, 0, 0]
[0, 0, -1, 0, -1, 0, -1, 0, 0, -1, -1, -2, -1, 0, 0, 0, 1, 0, 2, 1, 0, 0]
[0, 0, -1, 0, 0, 0, 0, 0, 1, -1, -1, -2, -1, 0, 0, 0, 1, 0, 2, 1, 0, 0]
[0, 0, -1, 0, -1, 0, -2, 0, -1, 1, 1, -1, 0, 0, 0, 0, 1, 0, 1, 2, 0, 0]
[1, 1, 0, 0, 0, 0, 0, 0, 1, -1, -1, -2, -1, 0, 0, 0, 1, 0, 1, 1, 0, 0]
[-1, -1, -2, 0, -1, 0, -2, 0, -1, 1, 1, -1, 0, 0, 0, 0, 1, 0, 2, 2, 0, 0]
[0, 0, -1, 0, 0, -1, 0, 1, 1, 0, 0, -1, 0, 0, 0, 0, 1, 0, 1, 1, 0, 0]
[0, 0, -1, 0, -1, 1, -2, -1, -1, 0, 0, -2, -1, 0, 0, 0, 1, 0, 2, 2, 0, 0]
[0, 0, -1, 0, 0, 0, 0, 0, 1, 0, 0, -2, -1, 0, 0, 0, 1, 0, 1, 2, 0, 0]
[0, 0, -1, 0, -1, 0, -2, 0, -1, 0, 0, -1, 0, 0, 0, 0, 1, 0, 2, 1, 0, 0]
[0, 0, -1, 0, 0, 1, -1, -1, 0, 0, 0, -2, -1, 0, 0, 0, 1, 0, 2, 2, 0, 0]
[0, 0, -1, 0, -1, -1, -1, 1, 0, 0, 0, -1, 0, 0, 0, 0, 1, 0, 1, 1, 0, 0]
[1, 1, 0, 0, 0, 1, -1, -1, 0, 0, 0, -2, -1, 0, 0, 0, 1, 0, 1, 2, 0, 0]
[-1, -1, -2, 0, -1, -1, -1, 1, 0, 0, 0, -1, 0, 0, 0, 0, 1, 0, 2, 1, 0, 0]
[0, 0, -1, 0, 0, 0, -1, 0, 0, 0, 0, -1, 0, 0, 0, 0, 1, 0, 2, 1, 0, 0]
[0, 0, -1, 0, -1, 0, -1, 0, 0, 0, 0, -2, -1, 0, 0, 0, 1, 0, 1, 2, 0, 0]
[1, 1, 0, 0, 0, 0, -1, 0, 0, 0, 0, -1, 0, 0, 0, 0, 1, 0, 1, 1, 0, 0]
[-1, -1, -2, 0, -1, 0, -1, 0, 0, 0, 0, -2, -1, 0, 0, 0, 1, 0, 2, 2, 0, 0]

################
# DISCRIMINANT #
################

The discriminant has 6 components of degree 1, and 4 components of degree 2:
2*Z[0] + Z[1]
2*Z[0] - Z[1]
2*Z[0]*Z[3] + Z[0]*Z[4] - Z[2]^2
2*Z[0]*Z[3] + Z[1]*Z[3] - Z[2]^2
2*Z[3] + Z[4]
2*Z[3] - Z[4]
4*Z[0]*Z[3] + 2*Z[0]*Z[4] + 2*Z[1]*Z[3] + Z[1]*Z[4] - 4*Z[2]^2
4*Z[0]*Z[3] - Z[2]^2
Z[0]
Z[3]

#############
# MONODROMY #
#############


Generators of the monodromy group on the second homology group:
[[0, 0, 0, 0, 0, 1, 1, 0, 0, 0, 0, 0, 1, 1, 0, 0, 0, 1, 1, 0, 0, 0], [-1, 2, -2, 1, 0, 0, 0, -2, 1, 0, 0, 1, 0, -1, -2, 2, 1, -2, 0, -1, 0, -1], [-1, 3, -4, 3, -1, -1, 1, -4, 0, 2, -2, 1, -1, 1, 1, 0, 1, -1, -1, -2, 1, 1], [1, -2, 2, -2, 1, 1, 0, 2, 0, -1, 1, 0, 1, 1, 0, 0, 0, 1, 1, 1, -1, 0], [0, 1, -1, 1, -1, 0, 1, -1, 0, 1, 0, 0, -1, 2, 1, 0, 0, -1, 0, -1, 1, 1], [0, -1, 1, -2, 0, 2, 1, 1, 1, -1, 1, 1, 1, 0, -1, 1, 1, 1, 1, 1, 0, 0], [0, 2, -2, 3, -1, -1, 1, -2, -1, 2, -1, -1, -1, 2, 2, -1, 0, -1, -1, -2, 1, 1], [0, 0, 1, -1, 1, 0, -1, 2, -1, -1, 1, -1, 0, -1, -1, 0, -1, -1, 0, 0, -1, -1], [0, 1, 0, 0, 0, 0, 0, 0, 0, 0, 0, 0, 0, 0, -1, 0, 0, 0, 0, 0, 0, 0], [-1, 2, -2, 2, 0, -2, 0, -1, -1, 1, -1, -1, -1, 0, 1, -1, -1, -1, -1, -1, 0, 0], [0, -1, 1, 0, 1, -1, -1, 1, 0, -1, 1, -1, 0, 0, 0, 0, -1, -1, 0, 0, -1, -1], [-1, 2, -2, 2, 0, -1, 0, -1, -1, 1, 0, -1, -1, 1, 1, -1, -1, -2, -1, -2, 0, 0], [-1, 2, -2, 2, 0, -1, 0, -1, -1, 1, -1, -1, 0, 0, 0, -1, -1, -1, -1, -1, 0, 0], [0, 0, 0, 0, 0, 0, 0, 0, 0, 0, 0, 0, 0, -1, -1, 1, 0, -1, 0, 0, 1, 1], [0, 0, 0, 0, 0, 0, 0, 0, 0, 0, 0, 0, 0, 1, 0, -1, 0, 0, 0, 0, 0, 0], [-1, 2, -2, 2, 0, -1, 0, -1, -1, 1, -1, -1, -1, -1, 0, 0, -1, -2, -1, -1, 0, 0], [1, -3, 3, -3, 1, 1, -1, 2, 1, -2, 1, 1, 1, -1, -1, 1, 1, 2, 1, 2, -1, -1], [0, -1, 1, -1, 1, 0, -1, 1, 0, -1, 1, -1, 0, -1, 0, 0, -1, 0, 0, 0, -1, -1], [1, -2, 2, -2, 0, 1, 0, 1, 1, -1, 1, 1, 1, 0, -1, 1, 1, 1, 1, 2, 0, 0], [1, -1, 1, -1, 0, 0, 0, 1, 1, 0, 0, 1, 0, 0, -1, 1, 1, 0, 1, 1, 0, 0], [2, -4, 3, -3, 0, 1, 0, 2, 0, -1, 1, -1, 1, 2, 2, -3, -1, 4, 1, 1, 0, 1], [-1, 1, 0, 1, 0, 0, 0, 0, 0, 0, 0, 0, 0, -1, -1, 1, 0, -1, 0, 0, -1, -1]]
[[1, 0, 0, 0, 0, 0, 0, 0, 0, 0, 0, 0, 0, 0, 0, 0, 0, 0, 0, 0, 0, 0], [0, 1, 0, 0, 0, 0, 0, 0, 0, 0, 0, 0, 0, 0, 0, 0, 0, 0, 0, 0, 0, 0], [0, 0, 1, 0, 0, 0, 0, 0, 0, 0, 0, 0, 0, 0, 0, 0, 0, 0, 0, 0, 0, 0], [0, 0, 0, 1, 0, 0, 0, 0, 0, 0, 0, 0, 0, 0, 0, 0, 0, 0, 0, 0, 0, 0], [0, 0, 0, 0, 1, 0, 0, 0, 0, 0, 0, 0, 0, 0, 0, 0, 0, 0, 0, 0, 0, 0], [0, 0, 0, 0, 0, 1, 0, 0, 0, 0, 0, 0, 0, 0, 0, 0, 0, 0, 0, 0, 0, 0], [0, 0, 0, 0, 0, 0, 1, 0, 0, 0, 0, 0, 0, 0, 0, 0, 0, 0, 0, 0, 0, 0], [0, 0, 0, 0, 0, 0, 0, 1, 0, 0, 0, 0, 0, 0, 0, 0, 0, 0, 0, 0, 0, 0], [0, 0, 0, 0, 0, 0, 0, 0, 1, 0, 0, 0, 0, 0, 0, 0, 0, 0, 0, 0, 0, 0], [0, 0, 0, 0, 0, 0, 0, 0, 0, 1, 0, 0, 0, 0, 0, 0, 0, 0, 0, 0, 0, 0], [0, 0, 0, 0, 0, 0, 0, 0, 0, 0, 1, 0, 0, 0, 0, 0, 0, 0, 0, 0, 0, 0], [0, 0, 0, 0, 0, 0, 0, 0, 0, 0, 0, 1, 0, 0, 0, 0, 0, 0, 0, 0, 0, 0], [0, 0, 0, 0, 0, 0, 0, 0, 0, 0, 0, 0, 1, 0, 0, 0, 0, 0, 0, 0, 0, 0], [0, 0, 0, 0, 0, 0, 0, 0, 0, 0, 0, 0, 0, 1, 0, 0, 0, 0, 0, 0, 0, 0], [0, 0, 0, 0, 0, 0, 0, 0, 0, 0, 0, 0, 0, 0, 1, 0, 0, 0, 0, 0, 0, 0], [0, 0, 0, 0, 0, 0, 0, 0, 0, 0, 0, 0, 0, 0, 0, 1, 0, 0, 0, 0, 0, 0], [0, 0, 0, 0, 0, 0, 0, 0, 0, 0, 0, 0, 0, 0, 0, 0, 1, 0, 0, 0, 0, 0], [0, 0, 0, 0, 0, 0, 0, 0, 0, 0, 0, 0, 0, 0, 0, 0, 0, 1, 0, 0, 0, 0], [0, 0, 0, 0, 0, 0, 0, 0, 0, 0, 0, 0, 0, 0, 0, 0, 0, 0, 1, 0, 0, 0], [0, 0, 0, 0, 0, 0, 0, 0, 0, 0, 0, 0, 0, 0, 0, 0, 0, 0, 0, 1, 0, 0], [0, 0, 0, 0, 0, 0, 0, 0, 0, 0, 0, 0, 0, 0, 0, 0, 0, 0, 0, 0, 1, 0], [0, 0, 0, 0, 0, 0, 0, 0, 0, 0, 0, 0, 0, 0, 0, 0, 0, 0, 0, 0, 0, 1]]
[[1, 0, 0, 0, 0, 0, 0, 0, 0, 0, 0, 0, 0, 0, 0, 0, 0, 0, 0, 0, 0, 0], [0, 1, 0, 0, 0, 0, 0, 0, 0, 0, 0, 0, 0, 0, 0, 0, 0, 0, 0, 0, 0, 0], [0, 0, 1, 0, 0, 0, 0, 0, 0, 0, 0, 0, 0, 0, 0, 0, 0, 0, 0, 0, 0, 0], [0, 0, 0, 1, 0, 0, 0, 0, 0, 0, 0, 0, 0, 0, 0, 0, 0, 0, 0, 0, 0, 0], [0, 0, 0, 0, 1, 0, 0, 0, 0, 0, 0, 0, 0, 0, 0, 0, 0, 0, 0, 0, 0, 0], [0, 0, 0, 0, 0, 1, 0, 0, 0, 0, 0, 0, 0, 0, 0, 0, 0, 0, 0, 0, 0, 0], [0, 0, 0, 0, 0, 0, 1, 0, 0, 0, 0, 0, 0, 0, 0, 0, 0, 0, 0, 0, 0, 0], [0, 0, 0, 0, 0, 0, 0, 1, 0, 0, 0, 0, 0, 0, 0, 0, 0, 0, 0, 0, 0, 0], [0, 0, 0, 0, 0, 0, 0, 0, 1, 0, 0, 0, 0, 0, 0, 0, 0, 0, 0, 0, 0, 0], [0, 0, 0, 0, 0, 0, 0, 0, 0, 1, 0, 0, 0, 0, 0, 0, 0, 0, 0, 0, 0, 0], [0, 0, 0, 0, 0, 0, 0, 0, 0, 0, 1, 0, 0, 0, 0, 0, 0, 0, 0, 0, 0, 0], [0, 0, 0, 0, 0, 0, 0, 0, 0, 0, 0, 1, 0, 0, 0, 0, 0, 0, 0, 0, 0, 0], [0, 0, 0, 0, 0, 0, 0, 0, 0, 0, 0, 0, 1, 0, 0, 0, 0, 0, 0, 0, 0, 0], [0, 0, 0, 0, 0, 0, 0, 0, 0, 0, 0, 0, 0, 1, 0, 0, 0, 0, 0, 0, 0, 0], [0, 0, 0, 0, 0, 0, 0, 0, 0, 0, 0, 0, 0, 0, 1, 0, 0, 0, 0, 0, 0, 0], [0, 0, 0, 0, 0, 0, 0, 0, 0, 0, 0, 0, 0, 0, 0, 1, 0, 0, 0, 0, 0, 0], [0, 0, 0, 0, 0, 0, 0, 0, 0, 0, 0, 0, 0, 0, 0, 0, 1, 0, 0, 0, 0, 0], [0, 0, 0, 0, 0, 0, 0, 0, 0, 0, 0, 0, 0, 0, 0, 0, 0, 1, 0, 0, 0, 0], [0, 0, 0, 0, 0, 0, 0, 0, 0, 0, 0, 0, 0, 0, 0, 0, 0, 0, 1, 0, 0, 0], [0, 0, 0, 0, 0, 0, 0, 0, 0, 0, 0, 0, 0, 0, 0, 0, 0, 0, 0, 1, 0, 0], [0, 0, 0, 0, 0, 0, 0, 0, 0, 0, 0, 0, 0, 0, 0, 0, 0, 0, 0, 0, 1, 0], [0, 0, 0, 0, 0, 0, 0, 0, 0, 0, 0, 0, 0, 0, 0, 0, 0, 0, 0, 0, 0, 1]]
[[1, 0, 0, 0, 0, 0, 0, 0, 0, 0, 0, 0, 0, 0, 0, 0, 0, 0, 0, 0, 0, 0], [0, 1, 0, 0, 0, 0, 0, 0, 0, 0, 0, 0, 0, 0, 0, 0, 0, 0, 0, 0, 0, 0], [0, 0, 1, 0, 0, 0, 0, 0, 0, 0, 0, 0, 0, 0, 0, 0, 0, 0, 0, 0, 0, 0], [0, 0, 0, 1, 0, 0, 0, 0, 0, 0, 0, 0, 0, 0, 0, 0, 0, 0, 0, 0, 0, 0], [0, 0, 0, 0, 1, 0, 0, 0, 0, 0, 0, 0, 0, 0, 0, 0, 0, 0, 0, 0, 0, 0], [0, 0, 0, 0, 0, 1, 0, 0, 0, 0, 0, 0, 0, 0, 0, 0, 0, 0, 0, 0, 0, 0], [0, 0, 0, 0, 0, 0, 1, 0, 0, 0, 0, 0, 0, 0, 0, 0, 0, 0, 0, 0, 0, 0], [0, 0, 0, 0, 0, 0, 0, 1, 0, 0, 0, 0, 0, 0, 0, 0, 0, 0, 0, 0, 0, 0], [0, 0, 0, 0, 0, 0, 0, 0, 1, 0, 0, 0, 0, 0, 0, 0, 0, 0, 0, 0, 0, 0], [0, 0, 0, 0, 0, 0, 0, 0, 0, 1, 0, 0, 0, 0, 0, 0, 0, 0, 0, 0, 0, 0], [0, 0, 0, 0, 0, 0, 0, 0, 0, 0, 1, 0, 0, 0, 0, 0, 0, 0, 0, 0, 0, 0], [0, 0, 0, 0, 0, 0, 0, 0, 0, 0, 0, 1, 0, 0, 0, 0, 0, 0, 0, 0, 0, 0], [0, 0, 0, 0, 0, 0, 0, 0, 0, 0, 0, 0, 1, 0, 0, 0, 0, 0, 0, 0, 0, 0], [0, 0, 0, 0, 0, 0, 0, 0, 0, 0, 0, 0, 0, 1, 0, 0, 0, 0, 0, 0, 0, 0], [0, 0, 0, 0, 0, 0, 0, 0, 0, 0, 0, 0, 0, 0, 1, 0, 0, 0, 0, 0, 0, 0], [0, 0, 0, 0, 0, 0, 0, 0, 0, 0, 0, 0, 0, 0, 0, 1, 0, 0, 0, 0, 0, 0], [0, 0, 0, 0, 0, 0, 0, 0, 0, 0, 0, 0, 0, 0, 0, 0, 1, 0, 0, 0, 0, 0], [0, 0, 0, 0, 0, 0, 0, 0, 0, 0, 0, 0, 0, 0, 0, 0, 0, 1, 0, 0, 0, 0], [0, 0, 0, 0, 0, 0, 0, 0, 0, 0, 0, 0, 0, 0, 0, 0, 0, 0, 1, 0, 0, 0], [0, 0, 0, 0, 0, 0, 0, 0, 0, 0, 0, 0, 0, 0, 0, 0, 0, 0, 0, 1, 0, 0], [0, 0, 0, 0, 0, 0, 0, 0, 0, 0, 0, 0, 0, 0, 0, 0, 0, 0, 0, 0, 1, 0], [0, 0, 0, 0, 0, 0, 0, 0, 0, 0, 0, 0, 0, 0, 0, 0, 0, 0, 0, 0, 0, 1]]
[[1, 0, 0, 0, 0, 0, 0, 0, 0, 0, 0, 0, 0, 0, 0, 0, 0, 0, 0, 0, 0, 0], [0, 1, 0, 0, 0, 0, 0, 0, 0, 0, 0, 0, 0, 0, 0, 0, 0, 0, 0, 0, 0, 0], [0, 0, 1, 0, 0, 0, 0, 0, 0, 0, 0, 0, 0, 0, 0, 0, 0, 0, 0, 0, 0, 0], [0, 0, 0, 1, 0, 0, 0, 0, 0, 0, 0, 0, 0, 0, 0, 0, 0, 0, 0, 0, 0, 0], [0, 0, 0, 0, 1, 0, 0, 0, 0, 0, 0, 0, 0, 0, 0, 0, 0, 0, 0, 0, 0, 0], [0, 0, 0, 0, 0, 1, 0, 0, 0, 0, 0, 0, 0, 0, 0, 0, 0, 0, 0, 0, 0, 0], [0, 0, 0, 0, 0, 0, 1, 0, 0, 0, 0, 0, 0, 0, 0, 0, 0, 0, 0, 0, 0, 0], [0, 0, 0, 0, 0, 0, 0, 1, 0, 0, 0, 0, 0, 0, 0, 0, 0, 0, 0, 0, 0, 0], [0, 0, 0, 0, 0, 0, 0, 0, 1, 0, 0, 0, 0, 0, 0, 0, 0, 0, 0, 0, 0, 0], [0, 0, 0, 0, 0, 0, 0, 0, 0, 1, 0, 0, 0, 0, 0, 0, 0, 0, 0, 0, 0, 0], [0, 0, 0, 0, 0, 0, 0, 0, 0, 0, 1, 0, 0, 0, 0, 0, 0, 0, 0, 0, 0, 0], [0, 0, 0, 0, 0, 0, 0, 0, 0, 0, 0, 1, 0, 0, 0, 0, 0, 0, 0, 0, 0, 0], [0, 0, 0, 0, 0, 0, 0, 0, 0, 0, 0, 0, 1, 0, 0, 0, 0, 0, 0, 0, 0, 0], [0, 0, 0, 0, 0, 0, 0, 0, 0, 0, 0, 0, 0, 1, 0, 0, 0, 0, 0, 0, 0, 0], [0, 0, 0, 0, 0, 0, 0, 0, 0, 0, 0, 0, 0, 0, 1, 0, 0, 0, 0, 0, 0, 0], [0, 0, 0, 0, 0, 0, 0, 0, 0, 0, 0, 0, 0, 0, 0, 1, 0, 0, 0, 0, 0, 0], [0, 0, 0, 0, 0, 0, 0, 0, 0, 0, 0, 0, 0, 0, 0, 0, 1, 0, 0, 0, 0, 0], [0, 0, 0, 0, 0, 0, 0, 0, 0, 0, 0, 0, 0, 0, 0, 0, 0, 1, 0, 0, 0, 0], [0, 0, 0, 0, 0, 0, 0, 0, 0, 0, 0, 0, 0, 0, 0, 0, 0, 0, 1, 0, 0, 0], [0, 0, 0, 0, 0, 0, 0, 0, 0, 0, 0, 0, 0, 0, 0, 0, 0, 0, 0, 1, 0, 0], [0, 0, 0, 0, 0, 0, 0, 0, 0, 0, 0, 0, 0, 0, 0, 0, 0, 0, 0, 0, 1, 0], [0, 0, 0, 0, 0, 0, 0, 0, 0, 0, 0, 0, 0, 0, 0, 0, 0, 0, 0, 0, 0, 1]]
[[0, 0, 0, 0, 1, 0, 0, 0, -1, 1, -1, 0, 1, 1, 1, -1, 1, 1, 0, 0, 0, 1], [1, -1, 1, -2, 0, 1, -1, 1, 1, -2, 2, 1, 1, -1, -2, 1, -1, 0, 1, 1, 0, -1], [-1, -1, 2, 1, 1, 0, 0, 0, -1, 1, -1, -1, 2, 1, 2, -2, 1, 3, -1, 1, -1, 0], [2, 0, -1, -3, -1, 1, -1, 1, 2, -3, 4, 2, -2, -1, -4, 3, -2, -5, 2, -1, 1, -1], [0, 0, 0, 1, 1, -1, 0, 0, -2, 2, -2, -1, 0, 2, 3, -3, 0, 2, -1, 0, -1, 1], [1, -1, 0, -2, 0, 1, -1, 1, 1, -2, 2, 1, 0, -1, -2, 1, -1, -2, 1, 0, 0, -1], [-2, 1, 0, 3, 1, -1, 1, -1, -3, 3, -3, -2, 1, 2, 4, -3, 1, 3, -2, 0, -1, 1], [1, 1, -1, -2, -1, 1, -1, 1, 2, -3, 4, 1, -2, -2, -4, 4, -2, -5, 1, -1, 1, -2], [0, 0, 0, 0, 0, 0, -1, 0, 0, 0, 0, 0, 0, 0, 0, 0, -1, 0, 0, 0, 0, 0], [-1, 2, -1, 2, 0, -1, 0, -1, 0, 1, 0, -1, -1, -1, 0, 1, 0, -2, -1, -1, 0, -1], [1, 1, -1, -1, -1, 0, 0, 0, 1, -1, 2, 1, -2, -1, -2, 2, -1, -3, 1, -1, 1, 0], [-1, 2, -1, 1, 0, 0, 0, -1, 0, 0, 1, 0, -1, 0, 0, 1, 0, -2, -1, -1, 0, -1], [-1, 1, 0, 2, 0, 0, 1, -1, -1, 2, -2, -1, 1, 1, 2, -1, 1, 2, -1, 0, 0, 1], [0, 0, 0, 1, 0, -1, 0, 0, 0, 0, -1, 0, 0, 0, 0, 0, 0, 0, 0, 0, 0, 0], [0, -1, 1, 0, 0, 1, 1, 0, -1, 2, -2, 0, 1, 2, 3, -2, 1, 4, 0, 1, 0, 2], [0, 1, 0, 0, -1, 0, 0, 1, 1, -1, 2, 0, -1, -1, -2, 2, -1, -3, 0, 0, 1, -1], [2, -1, 0, -3, -1, 1, -1, 1, 2, -3, 3, 2, -1, -2, -4, 3, -1, -3, 2, 0, 1, -1], [0, 1, -1, 0, 0, -1, 0, 0, 0, 0, 0, 0, -1, 0, 0, 0, 0, -1, 0, -1, 0, 0], [2, -2, 1, -2, -1, 1, 0, 1, 1, -1, 1, 1, 0, 0, -1, 0, -1, 1, 2, 1, 0, 0], [2, -1, 0, -3, -1, 1, -1, 1, 2, -3, 3, 2, -1, -2, -4, 3, -2, -3, 2, 1, 1, -1], [-2, -1, 0, 5, 3, -3, 3, -3, -6, 9, -12, -3, 3, 7, 13, -10, 6, 13, -3, 0, -3, 6], [2, 0, 0, -4, -2, 2, -2, 2, 4, -6, 8, 2, -2, -4, -8, 6, -4, -8, 2, 0, 2, -3]]
[[1, 0, 0, 0, 0, 0, 0, 0, 0, 0, 0, 0, 0, 0, 0, 0, 0, 0, 0, 0, 0, 0], [1, 1, -1, 0, -1, 0, 0, -1, 1, -1, 1, 2, -1, -1, -2, 3, 1, -3, 0, 0, 1, -1], [0, -2, 3, -1, 0, 2, 1, 1, 0, -1, 1, 0, 2, 0, 0, 0, 1, 2, 1, 1, 0, 0], [1, 6, -8, 3, -1, -4, -2, -5, 2, 1, 0, 4, -6, -1, -3, 5, 0, -10, -2, -3, 1, -3], [1, -1, 0, 0, 0, 0, 0, -1, 1, 0, 0, 1, 0, 0, 0, 1, 1, 0, 0, 0, 0, 0], [0, 1, -1, 1, 0, -1, -1, -1, 0, 0, 0, -1, -1, -1, 0, 0, -1, -1, -1, -1, -1, -1], [0, 0, 0, 0, 0, 1, 1, -1, 1, 0, 0, 2, 1, 0, -1, 2, 2, 0, 1, 0, 1, 0], [0, 3, -4, 1, 0, -2, -1, -2, 1, 0, 0, 2, -2, -1, -2, 2, 0, -4, -1, -1, 0, -2], [1, -3, 3, -2, 1, 1, 0, 2, 0, -2, 1, -1, 2, 0, 0, -1, 0, 3, 1, 1, -1, 0], [0, 1, -1, 0, 0, 0, 0, 0, 0, 0, 1, 1, -1, -1, -2, 2, 0, -3, 0, 0, 1, -1], [1, 3, -4, 1, -1, -2, -1, -2, 1, 1, 0, 3, -4, 0, -2, 3, 0, -6, -1, -1, 2, 0], [0, 0, 0, 0, 0, 0, 0, 0, 0, 0, 0, 1, 0, 0, 0, 0, 0, 0, 0, 0, 0, 0], [0, 1, -1, 0, 0, 0, 0, 0, 0, -1, 1, 1, 0, -1, -2, 2, 0, -3, 0, 0, 1, -1], [-1, 3, -3, 2, -1, -1, 0, -2, 1, 0, 1, 1, -2, -1, -2, 3, 0, -5, -1, -1, 1, -2], [1, -4, 4, -2, 1, 1, 0, 2, -1, -1, -1, -1, 3, 1, 2, -3, 0, 6, 1, 2, -1, 2], [-1, 5, -6, 2, -1, -1, 0, -4, 2, 0, 1, 4, -3, -2, -4, 6, 1, -8, -1, -1, 2, -3], [0, 2, -2, 1, 0, -2, -1, -1, 0, 1, -1, 0, -2, 0, 0, 0, 0, -2, -1, -1, 0, 0], [0, -2, 2, -1, 0, 1, 1, 2, -1, 1, -1, -2, 1, 2, 3, -4, -1, 5, 0, 1, -1, 2], [1, 2, -3, 1, -1, -2, -1, -2, 1, 0, 0, 2, -3, -1, -2, 3, 0, -5, 0, -1, 1, -1], [1, 5, -6, 2, -1, -3, -2, -4, 2, 0, 1, 4, -5, -2, -4, 7, 1, -10, -1, -2, 2, -3], [1, -16, 18, -7, 3, 6, 3, 12, -6, 0, -3, -12, 12, 7, 13, -19, -3, 28, 3, 6, -6, 9], [0, 10, -12, 4, -2, -4, -2, -8, 4, 0, 2, 8, -8, -4, -8, 12, 2, -18, -2, -4, 4, -5]]
[[1, 0, 0, 0, 0, 0, 0, 0, 0, 0, 0, 0, 0, 0, 0, 0, 0, 0, 0, 0, 0, 0], [0, 1, 0, 0, 0, 0, 0, 0, 0, 0, 0, 0, 0, 0, 0, 0, 0, 0, 0, 0, 0, 0], [0, 0, 1, 0, 0, 0, 0, 0, 0, 0, 0, 0, 0, 0, 0, 0, 0, 0, 0, 0, 0, 0], [0, 0, 0, 1, 0, 0, 0, 0, 0, 0, 0, 0, 0, 0, 0, 0, 0, 0, 0, 0, 0, 0], [0, 0, 0, 0, 1, 0, 0, 0, 0, 0, 0, 0, 0, 0, 0, 0, 0, 0, 0, 0, 0, 0], [0, 0, 0, 0, 0, 1, 0, 0, 0, 0, 0, 0, 0, 0, 0, 0, 0, 0, 0, 0, 0, 0], [0, 0, 0, 0, 0, 0, 1, 0, 0, 0, 0, 0, 0, 0, 0, 0, 0, 0, 0, 0, 0, 0], [0, 0, 0, 0, 0, 0, 0, 1, 0, 0, 0, 0, 0, 0, 0, 0, 0, 0, 0, 0, 0, 0], [0, 0, 0, 0, 0, 0, 0, 0, 1, 0, 0, 0, 0, 0, 0, 0, 0, 0, 0, 0, 0, 0], [0, 0, 0, 0, 0, 0, 0, 0, 0, 1, 0, 0, 0, 0, 0, 0, 0, 0, 0, 0, 0, 0], [0, 0, 0, 0, 0, 0, 0, 0, 0, 0, 1, 0, 0, 0, 0, 0, 0, 0, 0, 0, 0, 0], [0, 0, 0, 0, 0, 0, 0, 0, 0, 0, 0, 1, 0, 0, 0, 0, 0, 0, 0, 0, 0, 0], [0, 0, 0, 0, 0, 0, 0, 0, 0, 0, 0, 0, 1, 0, 0, 0, 0, 0, 0, 0, 0, 0], [0, 0, 0, 0, 0, 0, 0, 0, 0, 0, 0, 0, 0, 1, 0, 0, 0, 0, 0, 0, 0, 0], [0, 0, 0, 0, 0, 0, 0, 0, 0, 0, 0, 0, 0, 0, 1, 0, 0, 0, 0, 0, 0, 0], [0, 0, 0, 0, 0, 0, 0, 0, 0, 0, 0, 0, 0, 0, 0, 1, 0, 0, 0, 0, 0, 0], [0, 0, 0, 0, 0, 0, 0, 0, 0, 0, 0, 0, 0, 0, 0, 0, 1, 0, 0, 0, 0, 0], [0, 0, 0, 0, 0, 0, 0, 0, 0, 0, 0, 0, 0, 0, 0, 0, 0, 1, 0, 0, 0, 0], [0, 0, 0, 0, 0, 0, 0, 0, 0, 0, 0, 0, 0, 0, 0, 0, 0, 0, 1, 0, 0, 0], [0, 0, 0, 0, 0, 0, 0, 0, 0, 0, 0, 0, 0, 0, 0, 0, 0, 0, 0, 1, 0, 0], [0, 0, 0, 0, 0, 0, 0, 0, 0, 0, 0, 0, 0, 0, 0, 0, 0, 0, 0, 0, 1, 0], [0, 0, 0, 0, 0, 0, 0, 0, 0, 0, 0, 0, 0, 0, 0, 0, 0, 0, 0, 0, 0, 1]]
[[-1, 0, 0, 0, 0, 0, 0, 0, 0, 0, 0, 0, 0, 0, 0, 0, 0, 0, 0, 0, 0, 0], [-1, 1, -1, 0, 0, 0, 0, 0, 0, 0, 0, 0, 0, 0, 0, 0, -1, 0, 0, 0, 0, 0], [-1, 4, -6, 3, 0, -3, 0, -4, 0, 2, -3, 2, -2, 1, 1, 1, 1, -3, -2, -2, 1, 1], [0, -2, 4, -2, -1, 3, 0, 3, 1, -3, 5, -1, 1, -2, -4, 2, -2, -2, 2, 1, 1, -1], [-1, 2, -2, 1, 0, -1, 0, -1, 0, 0, 0, 1, -1, 0, -1, 1, 0, -3, 0, -1, 1, 0], [0, -2, 3, -2, 0, 2, 0, 3, 0, -1, 2, -1, 1, 0, -1, -1, -1, 1, 1, 1, 0, 0], [-1, 4, -6, 3, 0, -3, 0, -4, 0, 1, -2, 2, -2, 0, 0, 2, 1, -5, -2, -2, 1, 0], [0, 0, 1, -1, -1, 2, 0, 1, 1, -2, 3, 0, 0, -2, -3, 3, -1, -3, 1, 0, 1, -1], [-1, 0, 0, 0, 0, 0, 0, 0, 0, 1, -1, 0, 0, 0, 1, -1, 0, 1, 0, 0, 0, 1], [0, 4, -5, 3, -1, -2, 0, -4, 1, 1, -1, 2, -2, 0, -1, 3, 1, -5, -1, -2, 1, -1], [0, 0, 1, 0, -1, 1, 0, 0, 1, -2, 3, 0, 0, -1, -2, 2, -1, -2, 1, 0, 0, -2], [-1, 4, -5, 2, -1, -1, 0, -4, 2, -1, 1, 3, -2, -1, -3, 5, 1, -7, -1, -2, 2, -1], [-1, 2, -3, 2, 0, -1, 1, -3, 0, 2, -3, 1, 0, 1, 2, 0, 2, 1, -1, -1, 0, 1], [1, 0, 0, 0, 0, 0, 0, 0, -1, 1, -1, 0, 0, 1, 1, -1, 0, 1, 0, 0, 0, 1], [-1, 0, 0, 0, 0, 0, 1, 0, 0, 1, -1, 0, 0, 1, 2, -1, 1, 2, 0, 0, 0, 1], [1, 2, -2, 1, -1, -1, 0, -1, 0, 0, 0, 1, -1, 0, -1, 2, 0, -3, 0, -1, 1, 0], [1, -4, 5, -3, 0, 3, 0, 4, 0, -2, 3, -2, 2, -1, -1, -1, -2, 3, 2, 2, -1, -1], [0, 0, 1, 0, 0, 0, -1, 0, 0, -1, 1, 0, 0, -1, -1, 1, 0, -1, 0, 0, 0, -1], [1, -4, 5, -3, 1, 2, 0, 4, 0, -1, 2, -2, 2, 0, 0, -2, -1, 4, 2, 2, -1, 0], [1, -2, 3, -2, -1, 2, 1, 3, 0, -1, 2, -1, 1, 0, -1, -1, -2, 2, 2, 2, 0, 0], [-2, 0, 0, 2, 2, -2, 0, -2, -2, 4, -6, 0, 0, 2, 6, -4, 4, 6, -2, 0, -1, 2], [1, -2, 3, -2, -1, 2, 0, 3, 1, -3, 4, -1, 1, -1, -3, 1, -3, -1, 2, 1, 0, -1]]
[[0, -2, 3, -2, 1, 2, 0, 2, 0, -1, 1, -1, 2, 0, 0, -1, 0, 3, 1, 1, -1, 0], [1, -3, 3, -2, 1, 2, 0, 2, 0, -1, 1, -1, 2, 0, 0, -1, 0, 3, 1, 1, -1, 0], [1, 0, -2, 0, 1, 0, 0, -2, 1, 0, 1, 1, 0, 0, -1, 2, 2, -3, -1, -1, 1, 0], [-1, 2, 0, 1, -1, 0, 0, 0, 0, 0, 0, 1, -1, 0, -1, 1, -1, -1, 1, 0, 1, 0], [0, 0, 0, 0, 1, 0, 0, 0, 0, 0, 0, 0, 0, 0, 0, 0, 0, 0, 0, 0, 0, 0], [-1, 0, 1, 0, 0, 1, 0, 0, 0, 0, -1, 0, 1, 0, 1, -1, 0, 3, 0, 1, -1, 0], [0, 2, -4, 1, 1, -1, 0, -3, 1, 0, 1, 1, -1, -1, -2, 3, 1, -5, -1, -2, 1, -1], [-1, 2, -1, 1, 0, -1, -1, 0, 0, 0, 0, 0, -1, -1, -1, 1, -1, -2, 0, -1, 0, -1], [0, -3, 3, -2, 1, 2, 0, 2, 0, -1, 0, -1, 2, 0, 1, -1, 0, 4, 1, 1, -1, 1], [1, 3, -4, 2, -1, -2, 0, -2, 0, 1, 1, 1, -3, 0, -1, 3, 0, -7, -1, -2, 2, -1], [0, 0, 2, 0, -1, 0, 0, 2, -1, 0, 1, -1, -1, 0, 0, -1, -2, 0, 1, 0, 0, 0], [-1, 2, -2, 1, 1, -1, -1, -1, 0, 0, 1, 0, -1, -1, -1, 1, 0, -4, -1, -2, 0, -1], [1, 0, -1, 0, 0, 0, 0, 0, 0, 0, 1, 0, 0, 0, -1, 1, 0, -3, 0, -1, 1, 0], [1, 2, -3, 2, -1, -2, 0, -2, 0, 1, -1, 1, -2, 1, 0, 1, 0, -3, -1, -1, 1, 0], [0, -3, 3, -2, 1, 2, 0, 2, 0, 0, 0, -1, 2, 0, 1, -2, 0, 4, 1, 1, -1, 1], [1, 3, -4, 2, -1, -2, 0, -2, 1, 1, 1, 1, -3, 0, -2, 3, 0, -7, -1, -2, 2, -1], [0, 0, 1, 0, -1, 0, 0, 0, 0, 0, -1, 1, 0, 0, 0, 0, 0, 2, 1, 1, 0, 0], [-1, 0, 2, 0, 0, 0, 0, 2, -1, 0, 0, -2, 0, 0, 1, -2, -1, 2, 0, 0, -1, 0], [1, -2, 2, -1, -1, 1, 1, 1, 0, 0, -1, 1, 1, 1, 1, -1, 0, 4, 2, 2, 0, 1], [1, 0, 0, 0, -1, 0, 0, 0, 0, 0, 0, 1, -1, 0, -1, 1, -1, -1, 1, 1, 1, 0], [-2, -4, 6, -2, 2, 2, 0, 4, -2, 0, -2, -4, 4, 0, 4, -6, 0, 10, 0, 2, -3, 2], [1, 0, 0, 0, -1, 0, 0, 0, 1, -1, 2, 1, -1, 0, -2, 2, -1, -3, 1, 0, 1, -1]]
[[0, 2, -3, 2, -1, -2, 0, -2, 0, 1, -1, 1, -2, 0, 0, 1, 0, -3, -1, -1, 1, 0], [0, -1, 1, 0, 0, 0, 0, 2, -1, 0, 0, -2, 0, 0, 1, -2, -2, 1, 0, 0, -1, 0], [0, -2, 2, 0, 0, 0, 0, 2, -1, 0, 0, -2, 0, 2, 2, -3, -2, 2, 0, 0, -1, 0], [-1, 4, -4, 3, -1, -2, 0, -4, 1, 1, -1, 3, -2, -2, -2, 4, 2, -5, -1, -1, 2, 0], [0, 2, -3, 3, -1, -2, 0, -3, 0, 2, -2, 2, -2, 1, 1, 1, 1, -2, -1, -1, 1, 0], [-1, 3, -3, 2, 0, -2, -1, -2, 0, 0, -1, 1, -1, -2, -1, 2, 0, -3, -1, -1, 0, -1], [0, 1, -2, 2, -1, -1, 0, -2, 0, 2, -1, 1, -2, 2, 1, 0, 0, -2, -1, -1, 1, 0], [-1, 2, -2, 1, 0, 0, 0, -2, 1, 0, 0, 1, 0, -2, -2, 2, 1, -2, -1, 0, 0, -1], [0, -2, 2, -1, 0, 1, 0, 2, -1, -1, 1, -2, 1, 0, 1, -2, -2, 2, 0, 1, -1, 0], [1, -2, 1, -1, 0, 1, 1, 0, 0, 0, -1, 1, 1, 2, 1, -1, 1, 3, 1, 1, 0, 1], [0, 3, -4, 2, -1, -1, 1, -4, 1, 2, -2, 4, -2, 0, -1, 3, 3, -3, 0, -1, 2, 1], [-1, 4, -5, 4, -1, -2, 0, -5, 1, 2, -2, 3, -3, 0, -1, 3, 2, -5, -2, -2, 1, -1], [1, -4, 4, -2, 0, 2, 1, 3, -1, -1, 1, -3, 2, 2, 2, -4, -2, 5, 1, 1, -1, 1], [1, -3, 3, -2, 1, 1, 0, 2, 0, -1, 1, -1, 2, 1, 1, -2, 0, 3, 1, 1, -1, 0], [0, -1, 1, 0, 0, 0, 0, 1, -1, 0, 0, -2, 0, 0, 1, -2, -2, 2, 0, 0, -1, 0], [1, -3, 3, -2, 1, 1, 0, 2, 0, -1, 1, -1, 2, 1, 0, -2, 0, 3, 1, 1, -1, 0], [-1, 2, -1, 0, 0, 0, 0, 0, 0, 0, 0, 0, 0, -2, -1, 1, 0, -1, 0, 0, 0, 0], [0, 1, -1, 0, 0, 0, 0, -1, 1, 0, 0, 2, 0, -1, -2, 2, 2, -2, 0, 0, 1, 0], [1, -1, 2, -1, 0, 0, 0, 2, -1, 0, 0, -1, 0, 0, 1, -1, -1, 2, 1, 1, 0, 1], [0, 0, 0, 0, 0, 0, 0, 0, 0, 0, 0, 0, 0, -1, 0, 1, 0, 0, 1, 0, 0, 0], [0, 0, 0, 0, 0, 0, 0, 0, 0, 0, 0, 0, 0, 0, 0, 0, 0, 0, 0, 0, 1, 0], [0, 0, 0, 0, 0, 0, 0, 0, 0, 0, 0, 0, 0, 0, 0, 0, 0, 0, 0, 0, 0, 1]]
[[1, 0, 0, 0, 0, 0, 0, 0, 0, 0, 0, 0, 0, 0, 0, 0, 0, 0, 0, 0, 0, 0], [1, -2, 3, -2, 0, 1, 0, 2, 0, -1, 1, 0, 0, 1, 1, -1, 0, 2, 1, 1, 0, 1], [0, 0, 1, 0, 0, 1, 1, 1, -1, 0, 0, -1, 1, 0, 0, 0, 0, 0, 0, 0, 0, 0], [-1, 3, -3, 3, 0, -1, 0, -2, 0, 1, -1, 0, 0, -1, -1, 1, 0, -2, -1, -1, 0, -1], [-1, 3, -3, 2, 1, 0, 1, -1, -1, 1, -1, -1, 1, -1, -1, 1, 0, -2, -1, -1, 0, -1], [0, 0, 0, 0, 0, 0, -1, -1, 1, 0, 0, 1, -1, 0, 0, 0, 0, 0, 0, 0, 0, 0], [-1, 3, -3, 2, 0, 0, 2, -1, -1, 1, -1, -1, 1, -1, -1, 1, 0, -2, -1, -1, 0, -1], [0, 0, 0, 0, 0, -1, -1, 0, 1, 0, 0, 1, -1, 0, 0, 0, 0, 0, 0, 0, 0, 0], [1, -3, 3, -2, 0, 1, 0, 2, 1, -1, 1, 0, 0, 1, 1, -1, 0, 2, 1, 1, 0, 1], [0, 0, 0, 0, 0, 1, 1, 1, -1, 1, 0, -1, 1, 0, 0, 0, 0, 0, 0, 0, 0, 0], [-1, 3, -3, 2, 0, 0, 1, -1, -1, 1, 0, -1, 1, -1, -1, 1, 0, -2, -1, -1, 0, -1], [-1, 3, -3, 2, 0, 0, 1, -1, -1, 1, -1, 0, 1, -1, -1, 1, 0, -2, -1, -1, 0, -1], [1, -3, 3, -2, 0, 1, 0, 2, 0, -1, 1, 0, 1, 1, 1, -1, 0, 2, 1, 1, 0, 1], [0, 0, 0, 0, 0, 0, 0, 0, 0, 0, 0, 0, 0, 1, 0, 0, 0, 0, 0, 0, 0, 0], [0, 0, 0, 0, 0, 0, 0, 0, 0, 0, 0, 0, 0, 0, 1, 0, 0, 0, 0, 0, 0, 0], [0, 0, 0, 0, 0, 0, 0, 0, 0, 0, 0, 0, 0, 0, 0, 1, 0, 0, 0, 0, 0, 0], [0, 0, 0, 0, 0, -1, -1, -1, 1, 0, 0, 1, -1, 0, 0, 0, 1, 0, 0, 0, 0, 0], [0, 0, 0, 0, 0, 0, 0, 0, 0, 0, 0, 0, 0, 0, 0, 0, 0, 1, 0, 0, 0, 0], [0, 0, 0, 0, 0, 0, 0, 0, 0, 0, 0, 0, 0, 0, 0, 0, 0, 0, 1, 0, 0, 0], [0, 0, 0, 0, 0, 0, 0, 0, 0, 0, 0, 0, 0, 0, 0, 0, 0, 0, 0, 1, 0, 0], [0, 0, 0, 0, 0, 0, 0, 0, 0, 0, 0, 0, 0, 0, 0, 0, 0, 0, 0, 0, 1, 0], [0, 0, 0, 0, 0, 0, 0, 0, 0, 0, 0, 0, 0, 0, 0, 0, 0, 0, 0, 0, 0, 1]]
[[1, 0, 0, 0, 0, 0, 0, 0, 0, 0, 0, 0, 0, 0, 0, 0, 0, 0, 0, 0, 0, 0], [0, 1, 0, 0, 0, 0, 0, 0, 0, 0, 0, 0, 0, 0, 0, 0, 0, 0, 0, 0, 0, 0], [-1, 3, -2, 2, 0, -1, 0, -2, 0, 1, -1, 1, -1, -1, -1, 2, 1, -3, -1, -1, 1, -1], [1, 1, -3, 1, 0, -1, 0, -2, 0, 1, -1, 1, -1, 1, 1, 0, 1, -1, -1, -1, -1, -1], [0, 2, -3, 1, 1, -1, 0, -2, 0, 1, -1, 1, -1, 0, 0, 1, 1, -2, -1, -1, 0, -1], [1, -3, 3, -2, 0, 2, 0, 2, 0, -1, 1, -1, 1, 1, 1, -2, -1, 3, 1, 1, -1, 1], [-1, 3, -3, 2, 0, -1, 1, -2, 0, 1, -1, 1, -1, -1, -1, 2, 1, -3, -1, -1, 1, -1], [1, -3, 3, -2, 0, 1, 0, 3, 0, -1, 1, -1, 1, 1, 1, -2, -1, 3, 1, 1, -1, 1], [0, 0, 0, 0, 0, 0, 0, 0, 1, 0, 0, 0, 0, 0, 0, 0, 0, 0, 0, 0, 0, 0], [-1, 3, -3, 2, 0, -1, 0, -2, 0, 2, -1, 1, -1, -1, -1, 2, 1, -3, -1, -1, 1, -1], [0, 2, -3, 1, 0, -1, 0, -2, 0, 1, 0, 1, -1, 0, 0, 1, 1, -2, -1, -1, 0, -1], [0, 0, 0, 0, 0, 0, 0, 0, 0, 0, 0, 1, 0, 0, 0, 0, 0, 0, 0, 0, 0, 0], [-1, 3, -3, 2, 0, -1, 0, -2, 0, 1, -1, 1, 0, -1, -1, 2, 1, -3, -1, -1, 1, -1], [-1, 3, -3, 2, 0, -1, 0, -2, 0, 1, -1, 1, -1, 0, -1, 2, 1, -3, -1, -1, 1, -1], [0, 0, 0, 0, 0, 0, 0, 0, 0, 0, 0, 0, 0, 0, 1, 0, 0, 0, 0, 0, 0, 0], [-1, 3, -3, 2, 0, -1, 0, -2, 0, 1, -1, 1, -1, -1, -1, 3, 1, -3, -1, -1, 1, -1], [1, -3, 3, -2, 0, 1, 0, 2, 0, -1, 1, -1, 1, 1, 1, -2, 0, 3, 1, 1, -1, 1], [1, -3, 3, -2, 0, 1, 0, 2, 0, -1, 1, -1, 1, 1, 1, -2, -1, 4, 1, 1, -1, 1], [0, 2, -3, 1, 0, -1, 0, -2, 0, 1, -1, 1, -1, 0, 0, 1, 1, -2, 0, -1, 0, -1], [0, 2, -3, 1, 0, -1, 0, -2, 0, 1, -1, 1, -1, 0, 0, 1, 1, -2, -1, 0, 0, -1], [2, -6, 6, -4, 0, 2, 0, 4, 0, -2, 2, -2, 2, 2, 2, -4, -2, 6, 2, 2, -1, 2], [-1, 5, -6, 3, 0, -2, 0, -4, 0, 2, -2, 2, -2, -1, -1, 3, 2, -5, -2, -2, 1, -1]]
[[1, 0, 0, 0, 0, -1, -1, 0, 0, 0, 0, 1, -1, 0, 0, 0, 0, -1, 0, 0, 0, 0], [0, 1, 0, 0, 0, -1, -1, 0, 0, 0, 0, 1, -1, 0, 0, 0, 0, -1, 0, 0, 0, 0], [0, 0, 1, 0, 0, 0, 0, 1, -1, 0, 0, -1, 1, 0, 0, -1, -1, 0, 0, 0, 0, 0], [0, 0, 0, 1, 0, 0, 0, 0, 0, 0, 0, 0, 0, 0, 0, 0, 0, 0, 0, 0, 0, 0], [0, 0, 0, 0, 1, 0, 0, 1, -1, 0, 0, -1, 1, 0, 0, -1, -1, 0, 0, 0, 0, 0], [0, 0, 0, 0, 0, 0, -1, 0, 0, 0, 0, 1, -1, 0, 0, 0, 0, -1, 0, 0, 0, 0], [0, 0, 0, 0, 0, 0, 1, 1, -1, 0, 0, -1, 1, 0, 0, -1, -1, 0, 0, 0, 0, 0], [0, 0, 0, 0, 0, 0, 0, 0, 1, 0, 0, 1, -1, 0, 0, 1, 1, 0, 0, 0, 0, 0], [0, 0, 0, 0, 0, -1, -1, 0, 1, 0, 0, 1, -1, 0, 0, 0, 0, -1, 0, 0, 0, 0], [0, 0, 0, 0, 0, 1, 1, 0, 0, 1, 0, -1, 1, 0, 0, 0, 0, 1, 0, 0, 0, 0], [0, 0, 0, 0, 0, 1, 1, 0, 0, 0, 1, -1, 1, 0, 0, 0, 0, 1, 0, 0, 0, 0], [0, 0, 0, 0, 0, 1, 1, 0, 0, 0, 0, 0, 1, 0, 0, 0, 0, 1, 0, 0, 0, 0], [0, 0, 0, 0, 0, 0, 0, -1, 1, 0, 0, 1, 0, 0, 0, 1, 1, 0, 0, 0, 0, 0], [0, 0, 0, 0, 0, 0, 0, 0, 0, 0, 0, 0, 0, 1, 0, 0, 0, 0, 0, 0, 0, 0], [0, 0, 0, 0, 0, 0, 0, 0, 0, 0, 0, 0, 0, 0, 1, 0, 0, 0, 0, 0, 0, 0], [0, 0, 0, 0, 0, 0, 0, 0, 0, 0, 0, 0, 0, 0, 0, 1, 0, 0, 0, 0, 0, 0], [0, 0, 0, 0, 0, 0, 0, 0, 0, 0, 0, 0, 0, 0, 0, 0, 1, 0, 0, 0, 0, 0], [0, 0, 0, 0, 0, 0, 0, 0, 0, 0, 0, 0, 0, 0, 0, 0, 0, 1, 0, 0, 0, 0], [0, 0, 0, 0, 0, 0, 0, 0, 0, 0, 0, 0, 0, 0, 0, 0, 0, 0, 1, 0, 0, 0], [0, 0, 0, 0, 0, 0, 0, 0, 0, 0, 0, 0, 0, 0, 0, 0, 0, 0, 0, 1, 0, 0], [0, 0, 0, 0, 0, 0, 0, 0, 0, 0, 0, 0, 0, 0, 0, 0, 0, 0, 0, 0, 1, 0], [0, 0, 0, 0, 0, 0, 0, 0, 0, 0, 0, 0, 0, 0, 0, 0, 0, 0, 0, 0, 0, 1]]
[[1, 0, 0, 0, 0, 0, 0, 0, 0, 0, 0, 0, 0, 0, 0, 0, 0, 0, 0, 0, 0, 0], [0, 1, 0, 0, 0, 0, 0, 0, 0, 0, 0, 0, 0, 0, 0, 0, 0, 0, 0, 0, 0, 0], [0, 0, 1, 0, 0, 0, 0, 0, 0, 0, 0, 0, 0, 0, 0, 0, 0, 0, 0, 0, 0, 0], [0, 0, 0, 1, 0, 0, 0, 0, 0, 0, 0, 0, 0, 0, 0, 0, 0, 0, 0, 0, 0, 0], [0, 0, 0, 0, 1, 0, 0, 0, 0, 0, 0, 0, 0, 0, 0, 0, 0, 0, 0, 0, 0, 0], [0, 0, 0, 0, 0, 1, 0, 0, 0, 0, 0, 0, 0, 0, 0, 0, 0, 0, 0, 0, 0, 0], [0, 0, 0, 0, 0, 0, 1, 0, 0, 0, 0, 0, 0, 0, 0, 0, 0, 0, 0, 0, 0, 0], [0, 0, 0, 0, 0, 0, 0, 1, 0, 0, 0, 0, 0, 0, 0, 0, 0, 0, 0, 0, 0, 0], [0, 0, 0, 0, 0, 0, 0, 0, 1, 0, 0, 0, 0, 0, 0, 0, 0, 0, 0, 0, 0, 0], [0, 0, 0, 0, 0, 0, 0, 0, 0, 1, 0, 0, 0, 0, 0, 0, 0, 0, 0, 0, 0, 0], [0, 0, 0, 0, 0, 0, 0, 0, 0, 0, 1, 0, 0, 0, 0, 0, 0, 0, 0, 0, 0, 0], [0, 0, 0, 0, 0, 0, 0, 0, 0, 0, 0, 1, 0, 0, 0, 0, 0, 0, 0, 0, 0, 0], [0, 0, 0, 0, 0, 0, 0, 0, 0, 0, 0, 0, 1, 0, 0, 0, 0, 0, 0, 0, 0, 0], [0, 0, 0, 0, 0, 0, 0, 0, 0, 0, 0, 0, 0, 1, 0, 0, 0, 0, 0, 0, 0, 0], [0, 0, 0, 0, 0, 0, 0, 0, 0, 0, 0, 0, 0, 0, 1, 0, 0, 0, 0, 0, 0, 0], [0, 0, 0, 0, 0, 0, 0, 0, 0, 0, 0, 0, 0, 0, 0, 1, 0, 0, 0, 0, 0, 0], [0, 0, 0, 0, 0, 0, 0, 0, 0, 0, 0, 0, 0, 0, 0, 0, 1, 0, 0, 0, 0, 0], [0, 0, 0, 0, 0, 0, 0, 0, 0, 0, 0, 0, 0, 0, 0, 0, 0, 1, 0, 0, 0, 0], [0, 0, 0, 0, 0, 0, 0, 0, 0, 0, 0, 0, 0, 0, 0, 0, 0, 0, 1, 0, 0, 0], [0, 0, 0, 0, 0, 0, 0, 0, 0, 0, 0, 0, 0, 0, 0, 0, 0, 0, 0, 1, 0, 0], [0, 0, 0, 0, 0, 0, 0, 0, 0, 0, 0, 0, 0, 0, 0, 0, 0, 0, 0, 0, 1, 0], [0, 0, 0, 0, 0, 0, 0, 0, 0, 0, 0, 0, 0, 0, 0, 0, 0, 0, 0, 0, 0, 1]]
[[0, -2, 3, -2, 1, 2, 0, 2, 0, -1, 1, -1, 2, 0, 0, -1, 0, 3, 1, 1, -1, 0], [1, -3, 3, -2, 1, 2, 0, 2, 0, -1, 1, -1, 2, 0, 0, -1, 0, 3, 1, 1, -1, 0], [1, 0, -2, 0, 1, 0, 0, -2, 1, 0, 1, 1, 0, 0, -1, 2, 2, -3, -1, -1, 1, 0], [-1, 2, 0, 1, -1, 0, 0, 0, 0, 0, 0, 1, -1, 0, -1, 1, -1, -1, 1, 0, 1, 0], [0, 0, 0, 0, 1, 0, 0, 0, 0, 0, 0, 0, 0, 0, 0, 0, 0, 0, 0, 0, 0, 0], [-1, 0, 1, 0, 0, 1, 0, 0, 0, 0, -1, 0, 1, 0, 1, -1, 0, 3, 0, 1, -1, 0], [0, 2, -4, 1, 1, -1, 0, -3, 1, 0, 1, 1, -1, -1, -2, 3, 1, -5, -1, -2, 1, -1], [-1, 2, -1, 1, 0, -1, -1, 0, 0, 0, 0, 0, -1, -1, -1, 1, -1, -2, 0, -1, 0, -1], [0, -3, 3, -2, 1, 2, 0, 2, 0, -1, 0, -1, 2, 0, 1, -1, 0, 4, 1, 1, -1, 1], [1, 3, -4, 2, -1, -2, 0, -2, 0, 1, 1, 1, -3, 0, -1, 3, 0, -7, -1, -2, 2, -1], [0, 0, 2, 0, -1, 0, 0, 2, -1, 0, 1, -1, -1, 0, 0, -1, -2, 0, 1, 0, 0, 0], [-1, 2, -2, 1, 1, -1, -1, -1, 0, 0, 1, 0, -1, -1, -1, 1, 0, -4, -1, -2, 0, -1], [1, 0, -1, 0, 0, 0, 0, 0, 0, 0, 1, 0, 0, 0, -1, 1, 0, -3, 0, -1, 1, 0], [1, 2, -3, 2, -1, -2, 0, -2, 0, 1, -1, 1, -2, 1, 0, 1, 0, -3, -1, -1, 1, 0], [0, -3, 3, -2, 1, 2, 0, 2, 0, 0, 0, -1, 2, 0, 1, -2, 0, 4, 1, 1, -1, 1], [1, 3, -4, 2, -1, -2, 0, -2, 1, 1, 1, 1, -3, 0, -2, 3, 0, -7, -1, -2, 2, -1], [0, 0, 1, 0, -1, 0, 0, 0, 0, 0, -1, 1, 0, 0, 0, 0, 0, 2, 1, 1, 0, 0], [-1, 0, 2, 0, 0, 0, 0, 2, -1, 0, 0, -2, 0, 0, 1, -2, -1, 2, 0, 0, -1, 0], [1, -2, 2, -1, -1, 1, 1, 1, 0, 0, -1, 1, 1, 1, 1, -1, 0, 4, 2, 2, 0, 1], [1, 0, 0, 0, -1, 0, 0, 0, 0, 0, 0, 1, -1, 0, -1, 1, -1, -1, 1, 1, 1, 0], [-2, -4, 6, -2, 2, 2, 0, 4, -2, 0, -2, -4, 4, 0, 4, -6, 0, 10, 0, 2, -3, 2], [1, 0, 0, 0, -1, 0, 0, 0, 1, -1, 2, 1, -1, 0, -2, 2, -1, -3, 1, 0, 1, -1]]
[[0, -2, 3, -1, 0, 1, 0, 3, -1, -1, 0, -2, 2, 0, 1, -3, -2, 4, 1, 1, -2, 0], [0, 1, -1, 1, -1, -1, 0, -1, 0, 0, -1, 1, 0, 0, 0, 0, 0, 0, 0, 0, 0, 0], [0, 8, -12, 6, -2, -5, 1, -10, 1, 4, -4, 7, -5, 2, 0, 5, 4, -9, -2, -4, 4, 0], [0, -4, 7, -2, 1, 2, -1, 6, -1, -2, 2, -4, 2, -1, 0, -3, -3, 4, 1, 2, -2, 0], [0, 0, -1, 1, 0, -1, 0, -1, 0, 0, -1, 1, 0, 0, 0, 0, 0, 0, 0, 0, 0, 0], [-1, -5, 8, -3, 1, 3, -1, 7, -2, -3, 2, -6, 4, -2, 1, -5, -4, 7, 1, 2, -4, 0], [1, 6, -10, 4, -1, -4, 1, -8, 1, 3, -3, 7, -4, 2, -1, 5, 4, -8, -1, -3, 4, 0], [0, -4, 6, -3, 1, 3, 0, 5, 0, -2, 2, -3, 3, -1, 0, -2, -1, 5, 1, 2, -2, 0], [0, -3, 4, -2, 1, 1, -1, 3, 0, -2, 1, -2, 3, -1, 0, -2, -1, 4, 1, 1, -2, 0], [1, 8, -12, 6, -2, -5, 1, -10, 2, 5, -3, 7, -7, 2, -1, 7, 4, -11, -2, -4, 5, -1], [0, -3, 5, -2, 0, 2, 0, 4, 0, -1, 1, -2, 1, 0, 0, -2, -2, 4, 1, 2, -1, 1], [-1, 0, 0, 0, 0, 1, 1, 0, 0, 0, -1, 0, 1, 0, 1, -1, 0, 3, 0, 0, -1, 1], [1, 8, -12, 6, -2, -5, 1, -10, 2, 4, -3, 7, -6, 2, -1, 7, 4, -11, -2, -4, 5, -1], [1, 4, -6, 3, -1, -3, 0, -5, 1, 2, 0, 3, -4, 1, -1, 4, 2, -8, -2, -2, 3, -1], [0, -2, 2, -1, 0, 1, 0, 1, 0, -1, -1, 0, 2, 0, 1, -1, 0, 4, 1, 1, -1, 1], [1, 7, -11, 5, -2, -4, 1, -9, 2, 4, -2, 7, -6, 2, -1, 7, 4, -11, -2, -3, 5, -1], [0, -4, 7, -3, 1, 2, -1, 6, -1, -2, 2, -4, 2, -1, 0, -3, -2, 4, 1, 2, -2, 0], [-1, -5, 8, -4, 1, 4, 0, 7, -1, -2, 2, -5, 4, -1, 1, -5, -3, 8, 1, 3, -3, 1], [1, -2, 3, -1, 0, 0, -1, 2, 0, -1, 1, -1, 0, -1, -1, 0, -1, 0, 1, 1, 0, 0], [1, 1, -1, 1, 0, -2, -1, -1, 0, 0, 0, 1, -2, 0, -1, 2, 0, -3, 0, 0, 1, -1], [-2, -8, 12, -6, 2, 6, 0, 10, -2, -4, 2, -8, 8, -2, 2, -8, -4, 14, 2, 4, -5, 2], [1, 2, -3, 2, -1, -2, 0, -3, 1, 1, 0, 3, -3, 1, -1, 3, 1, -5, 0, -1, 2, -1]]
[[1, 0, 0, 0, 0, 0, 0, 0, 0, 0, 0, 0, 0, 0, 0, 0, 0, 0, 0, 0, 0, 0], [0, 1, 0, 0, 0, 0, 0, 0, 0, 0, 0, 0, 0, 0, 0, 0, 0, 0, 0, 0, 0, 0], [0, 0, 1, 0, 0, 0, 0, 0, 0, 0, 0, 0, 0, 0, 0, 0, 0, 0, 0, 0, 0, 0], [0, 0, 0, 1, 0, 0, 0, 0, 0, 0, 0, 0, 0, 0, 0, 0, 0, 0, 0, 0, 0, 0], [0, 0, 0, 0, 1, 0, 0, 0, 0, 0, 0, 0, 0, 0, 0, 0, 0, 0, 0, 0, 0, 0], [0, 0, 0, 0, 0, 1, 0, 0, 0, 0, 0, 0, 0, 0, 0, 0, 0, 0, 0, 0, 0, 0], [0, 0, 0, 0, 0, 0, 1, 0, 0, 0, 0, 0, 0, 0, 0, 0, 0, 0, 0, 0, 0, 0], [0, 0, 0, 0, 0, 0, 0, 1, 0, 0, 0, 0, 0, 0, 0, 0, 0, 0, 0, 0, 0, 0], [0, 0, 0, 0, 0, 0, 0, 0, 1, 0, 0, 0, 0, 0, 0, 0, 0, 0, 0, 0, 0, 0], [0, 0, 0, 0, 0, 0, 0, 0, 0, 1, 0, 0, 0, 0, 0, 0, 0, 0, 0, 0, 0, 0], [0, 0, 0, 0, 0, 0, 0, 0, 0, 0, 1, 0, 0, 0, 0, 0, 0, 0, 0, 0, 0, 0], [0, 0, 0, 0, 0, 0, 0, 0, 0, 0, 0, 1, 0, 0, 0, 0, 0, 0, 0, 0, 0, 0], [0, 0, 0, 0, 0, 0, 0, 0, 0, 0, 0, 0, 1, 0, 0, 0, 0, 0, 0, 0, 0, 0], [0, 0, 0, 0, 0, 0, 0, 0, 0, 0, 0, 0, 0, 1, 0, 0, 0, 0, 0, 0, 0, 0], [0, 0, 0, 0, 0, 0, 0, 0, 0, 0, 0, 0, 0, 0, 1, 0, 0, 0, 0, 0, 0, 0], [0, 0, 0, 0, 0, 0, 0, 0, 0, 0, 0, 0, 0, 0, 0, 1, 0, 0, 0, 0, 0, 0], [0, 0, 0, 0, 0, 0, 0, 0, 0, 0, 0, 0, 0, 0, 0, 0, 1, 0, 0, 0, 0, 0], [0, 0, 0, 0, 0, 0, 0, 0, 0, 0, 0, 0, 0, 0, 0, 0, 0, 1, 0, 0, 0, 0], [0, 0, 0, 0, 0, 0, 0, 0, 0, 0, 0, 0, 0, 0, 0, 0, 0, 0, 1, 0, 0, 0], [0, 0, 0, 0, 0, 0, 0, 0, 0, 0, 0, 0, 0, 0, 0, 0, 0, 0, 0, 1, 0, 0], [0, 0, 0, 0, 0, 0, 0, 0, 0, 0, 0, 0, 0, 0, 0, 0, 0, 0, 0, 0, 1, 0], [0, 0, 0, 0, 0, 0, 0, 0, 0, 0, 0, 0, 0, 0, 0, 0, 0, 0, 0, 0, 0, 1]]
[[0, -9, 12, -7, 1, 5, -1, 8, 1, -5, 5, -4, 4, -1, 0, -4, -3, 9, 3, 4, -3, 3], [0, -6, 8, -5, 1, 4, 0, 6, 0, -3, 3, -3, 3, 0, 1, -3, -2, 7, 2, 3, -2, 2], [0, 16, -21, 11, -1, -7, 2, -14, 0, 7, -5, 7, -7, 0, -4, 12, 6, -21, -6, -7, 8, -6], [0, 1, -2, 0, -1, 0, 0, -2, 1, 0, 1, 1, -1, 0, -1, 1, 0, -2, 0, -1, 0, 0], [0, 10, -13, 6, -1, -4, 1, -9, 1, 4, -2, 5, -5, 0, -3, 8, 4, -14, -3, -5, 5, -3], [0, -18, 24, -13, 2, 9, -2, 16, 1, -8, 7, -8, 8, 0, 3, -12, -6, 22, 6, 8, -8, 6], [-1, 20, -26, 14, -2, -9, 2, -18, 1, 8, -6, 9, -9, -1, -5, 15, 7, -26, -7, -9, 9, -7], [-1, -11, 15, -8, 1, 5, -2, 10, 0, -6, 4, -5, 5, -1, 2, -8, -5, 14, 4, 5, -6, 4], [0, -11, 14, -8, 1, 6, 0, 10, 0, -5, 4, -5, 5, 0, 2, -7, -4, 13, 4, 5, -4, 4], [0, 23, -30, 16, -2, -11, 2, -20, -1, 10, -8, 10, -10, 0, -5, 15, 8, -29, -8, -10, 10, -8], [0, 6, -8, 4, -1, -3, 0, -6, 0, 2, -1, 3, -3, 0, -1, 4, 2, -8, -2, -3, 2, -2], [-1, 2, -2, 1, 0, -1, -1, -2, 1, -1, 1, 2, -1, -1, -2, 3, 1, -5, -1, -1, 1, -1], [0, 12, -16, 8, -1, -5, 2, -10, -1, 5, -4, 5, -4, 0, -3, 8, 4, -15, -4, -5, 6, -4], [0, 14, -18, 10, -2, -6, 2, -12, -1, 7, -6, 6, -6, 1, -2, 8, 4, -15, -4, -6, 6, -4], [0, -6, 8, -5, 1, 3, 0, 6, 0, -3, 3, -3, 3, 0, 1, -4, -2, 7, 2, 3, -2, 2], [0, 19, -24, 13, -2, -9, 2, -16, -1, 8, -7, 8, -8, 0, -4, 12, 6, -22, -6, -8, 8, -6], [0, -9, 11, -6, 1, 4, -1, 7, 0, -3, 2, -4, 4, 0, 3, -7, -3, 13, 3, 4, -5, 3], [0, -12, 16, -8, 1, 5, -2, 10, 0, -6, 4, -5, 5, 0, 3, -8, -4, 15, 4, 5, -6, 4], [1, 2, -4, 1, 0, -1, 1, -2, 0, 2, -1, 1, -1, 1, 0, 1, 1, -2, 0, -1, 1, -1], [1, 8, -11, 5, -2, -3, 2, -7, 0, 5, -3, 4, -4, 1, -1, 5, 3, -9, -2, -3, 4, -2], [1, -28, 36, -19, 3, 12, -3, 24, 0, -12, 9, -12, 12, 1, 7, -19, -9, 34, 9, 12, -12, 9], [0, 18, -24, 12, -2, -8, 2, -16, 0, 8, -6, 8, -8, 0, -4, 12, 6, -22, -6, -8, 8, -5]]
[[-1, -12, 18, -10, 2, 8, -2, 14, 0, -8, 7, -7, 8, -3, -1, -7, -6, 14, 5, 6, -7, 3], [0, -5, 7, -4, 1, 3, -1, 5, 0, -3, 2, -2, 4, -1, 0, -3, -2, 7, 2, 3, -3, 1], [2, 19, -28, 15, -2, -12, 2, -22, 0, 12, -9, 12, -11, 5, 0, 12, 10, -24, -8, -9, 12, -6], [0, -8, 11, -7, 1, 5, -1, 9, 0, -5, 4, -4, 4, -1, 0, -5, -4, 9, 4, 3, -5, 3], [1, 4, -6, 3, 0, -3, 0, -4, -1, 3, -2, 2, -3, 2, 1, 1, 1, -5, -2, -2, 2, -1], [-2, -21, 30, -16, 3, 13, -3, 23, 0, -13, 10, -12, 13, -5, 0, -13, -10, 25, 8, 10, -13, 5], [1, 17, -24, 13, -2, -10, 2, -18, -1, 10, -7, 9, -10, 4, 0, 10, 7, -21, -7, -8, 10, -5], [-2, -15, 23, -12, 2, 10, -2, 18, 0, -10, 8, -10, 9, -4, 0, -9, -8, 19, 6, 7, -10, 4], [-1, -8, 12, -6, 1, 5, -2, 9, 0, -5, 4, -5, 5, -2, 0, -5, -5, 10, 3, 4, -5, 2], [2, 26, -37, 20, -3, -16, 3, -28, 0, 16, -12, 14, -16, 5, 0, 16, 12, -32, -10, -13, 15, -7], [0, -3, 5, -3, 0, 2, 0, 4, 0, -2, 2, -2, 1, -1, 0, -2, -2, 4, 2, 1, -2, 2], [-2, -6, 11, -5, 1, 5, -1, 8, 0, -5, 5, -5, 4, -2, 0, -4, -4, 8, 2, 3, -5, 1], [2, 21, -30, 16, -3, -12, 3, -23, 0, 13, -10, 12, -12, 5, 0, 13, 10, -25, -8, -10, 13, -5], [2, 16, -24, 13, -2, -11, 2, -18, 0, 10, -9, 10, -10, 4, 0, 10, 8, -20, -6, -8, 10, -4], [0, -5, 7, -4, 0, 4, 0, 5, 0, -2, 2, -2, 3, 0, 1, -3, -2, 7, 2, 3, -2, 2], [2, 21, -30, 16, -3, -13, 3, -22, 0, 13, -10, 12, -13, 5, 0, 13, 10, -26, -8, -10, 13, -5], [0, -9, 12, -7, 1, 5, -1, 9, 0, -5, 3, -4, 5, -2, 0, -5, -3, 11, 4, 4, -5, 3], [-2, -15, 23, -12, 2, 9, -2, 18, 0, -10, 8, -10, 9, -4, 0, -10, -8, 19, 6, 7, -10, 4], [2, 2, -5, 2, -1, -2, 1, -4, 0, 3, -3, 3, -2, 2, 1, 1, 2, -2, 0, -1, 2, 0], [2, 7, -12, 5, -1, -5, 1, -9, 0, 5, -5, 6, -5, 2, 0, 5, 4, -9, -2, -3, 5, -1], [-2, -25, 36, -19, 3, 15, -3, 27, 0, -15, 12, -15, 15, -5, 1, -16, -12, 31, 9, 12, -15, 6], [2, 16, -24, 12, -2, -10, 2, -18, 0, 10, -8, 10, -10, 4, 0, 10, 8, -20, -6, -8, 10, -3]]
[[1, -2, 3, -1, 0, 1, 0, 2, 0, -1, 1, -1, 1, 0, 0, -1, -1, 2, 1, 1, -1, 0], [0, 1, 0, 0, 0, 0, 0, 0, 0, 0, 0, 0, 0, 0, 0, 0, 0, 0, 0, 0, 0, 0], [0, 4, -5, 2, 0, -2, 0, -4, 0, 2, -2, 2, -2, 0, 0, 2, 2, -4, -2, -2, 2, 1], [0, -2, 3, 0, 0, 1, 0, 2, 0, -1, 1, -1, 1, 0, 0, -1, -1, 2, 1, 1, -1, -1], [0, 0, 0, 0, 1, 0, 0, 0, 0, 0, 0, 0, 0, 0, 0, 0, 0, 0, 0, 0, 0, 0], [0, -2, 3, -1, 0, 2, 0, 2, 0, -1, 1, -1, 1, 0, 0, -1, -1, 2, 1, 1, -1, 0], [0, 2, -3, 1, 0, -1, 1, -2, 0, 1, -1, 1, -1, 0, 0, 1, 1, -2, -1, -1, 1, 1], [0, -2, 3, -1, 0, 1, 0, 3, 0, -1, 1, -1, 1, 0, 0, -1, -1, 2, 1, 1, -1, 0], [0, 0, 0, 0, 0, 0, 0, 0, 1, 0, 0, 0, 0, 0, 0, 0, 0, 0, 0, 0, 0, 0], [0, 2, -3, 1, 0, -1, 0, -2, 0, 2, -1, 1, -1, 0, 0, 1, 1, -2, -1, -1, 1, 0], [0, -2, 3, -1, 0, 1, 0, 2, 0, -1, 2, -1, 1, 0, 0, -1, -1, 2, 1, 1, -1, -1], [0, 0, 0, 0, 0, 0, 0, 0, 0, 0, 0, 1, 0, 0, 0, 0, 0, 0, 0, 0, 0, 1], [0, 2, -3, 1, 0, -1, 0, -2, 0, 1, -1, 1, 0, 0, 0, 1, 1, -2, -1, -1, 1, 0], [0, 2, -3, 1, 0, -1, 0, -2, 0, 1, -1, 1, -1, 1, 0, 1, 1, -2, -1, -1, 1, 0], [0, 0, 0, 0, 0, 0, 0, 0, 0, 0, 0, 0, 0, 0, 1, 0, 0, 0, 0, 0, 0, 0], [0, 2, -3, 1, 0, -1, 0, -2, 0, 1, -1, 1, -1, 0, 0, 2, 1, -2, -1, -1, 1, 0], [0, -2, 3, -1, 0, 1, 0, 2, 0, -1, 1, -1, 1, 0, 0, -1, 0, 2, 1, 1, -1, -1], [0, -2, 3, -1, 0, 1, 0, 2, 0, -1, 1, -1, 1, 0, 0, -1, -1, 3, 1, 1, -1, 0], [0, 0, 0, 0, 0, 0, 0, 0, 0, 0, 0, 0, 0, 0, 0, 0, 0, 0, 1, 0, 0, -1], [0, 0, 0, 0, 0, 0, 0, 0, 0, 0, 0, 0, 0, 0, 0, 0, 0, 0, 0, 1, 0, -1], [0, -2, 3, -1, 0, 1, 0, 2, 0, -1, 1, -1, 1, 0, 0, -1, -1, 2, 1, 1, 0, 1], [0, 0, 0, 0, 0, 0, 0, 0, 0, 0, 0, 0, 0, 0, 0, 0, 0, 0, 0, 0, 0, -1]]

#################
# GALOIS GROUPS #
#################


Generators of the monodromy group on the generic Picard lattice:
[[0, 7, -8, 7, 1, -4, 4, -5, -4, 9, -10, 1, 2, 3, 2, 6], [0, 6, -7, 6, 1, -4, 3, -5, -3, 8, -9, 1, 1, 2, 2, 6], [0, 8, -9, 7, 0, -4, 4, -5, -4, 9, -10, 0, 0, 2, 2, 5], [1, -1, 0, -1, 1, 0, 0, 0, 0, 0, 0, 1, 2, 1, 0, 1], [0, 5, -5, 4, 0, -2, 3, -2, -3, 6, -6, -1, 1, 2, 1, 3], [-1, -1, 1, -2, 0, 2, 0, 0, 2, -2, 2, 2, 0, -1, 1, 1], [1, 7, -7, 7, 0, -4, 4, -3, -5, 9, -9, -2, 1, 3, 1, 4], [1, 0, 0, 0, 1, -1, 0, 1, -2, 1, -1, -1, 1, 1, -1, 0], [0, 1, 0, 0, 0, 0, 0, 0, 0, 0, 0, 0, 0, -1, 0, 0], [0, 2, -2, 2, 0, -2, 1, 0, -2, 2, -2, -2, 0, 1, -1, -1], [1, -1, 0, 1, 1, -2, 0, 0, -1, 1, -1, -1, 2, 2, -1, 0], [1, 7, -8, 7, 1, -5, 4, -3, -6, 10, -10, -2, 2, 4, 0, 4], [-1, -4, 5, -5, 0, 3, -3, 3, 3, -6, 6, 0, -3, -3, 0, -3], [0, 0, 0, 0, 0, 0, 0, 0, 0, 0, 0, 0, 1, 0, -1, 0], [0, 0, 0, 0, 0, 0, 0, 1, -1, 0, 0, -2, -1, 0, -1, -2], [0, -6, 6, -5, 0, 3, -3, 2, 4, -7, 7, 2, 0, -2, 0, -2]]
[[1, 0, 0, 0, 0, 0, 0, 0, 0, 0, 0, 0, 0, 0, 0, 0], [0, 1, 0, 0, 0, 0, 0, 0, 0, 0, 0, 0, 0, 0, 0, 0], [0, 0, 1, 0, 0, 0, 0, 0, 0, 0, 0, 0, 0, 0, 0, 0], [0, 0, 0, 1, 0, 0, 0, 0, 0, 0, 0, 0, 0, 0, 0, 0], [0, 0, 0, 0, 1, 0, 0, 0, 0, 0, 0, 0, 0, 0, 0, 0], [0, 0, 0, 0, 0, 1, 0, 0, 0, 0, 0, 0, 0, 0, 0, 0], [0, 0, 0, 0, 0, 0, 1, 0, 0, 0, 0, 0, 0, 0, 0, 0], [0, 0, 0, 0, 0, 0, 0, 1, 0, 0, 0, 0, 0, 0, 0, 0], [0, 0, 0, 0, 0, 0, 0, 0, 1, 0, 0, 0, 0, 0, 0, 0], [0, 0, 0, 0, 0, 0, 0, 0, 0, 1, 0, 0, 0, 0, 0, 0], [0, 0, 0, 0, 0, 0, 0, 0, 0, 0, 1, 0, 0, 0, 0, 0], [0, 0, 0, 0, 0, 0, 0, 0, 0, 0, 0, 1, 0, 0, 0, 0], [0, 0, 0, 0, 0, 0, 0, 0, 0, 0, 0, 0, 1, 0, 0, 0], [0, 0, 0, 0, 0, 0, 0, 0, 0, 0, 0, 0, 0, 1, 0, 0], [0, 0, 0, 0, 0, 0, 0, 0, 0, 0, 0, 0, 0, 0, 1, 0], [0, 0, 0, 0, 0, 0, 0, 0, 0, 0, 0, 0, 0, 0, 0, 1]]
[[1, 0, 0, 0, 0, 0, 0, 0, 0, 0, 0, 0, 0, 0, 0, 0], [0, 1, 0, 0, 0, 0, 0, 0, 0, 0, 0, 0, 0, 0, 0, 0], [0, 0, 1, 0, 0, 0, 0, 0, 0, 0, 0, 0, 0, 0, 0, 0], [0, 0, 0, 1, 0, 0, 0, 0, 0, 0, 0, 0, 0, 0, 0, 0], [0, 0, 0, 0, 1, 0, 0, 0, 0, 0, 0, 0, 0, 0, 0, 0], [0, 0, 0, 0, 0, 1, 0, 0, 0, 0, 0, 0, 0, 0, 0, 0], [0, 0, 0, 0, 0, 0, 1, 0, 0, 0, 0, 0, 0, 0, 0, 0], [0, 0, 0, 0, 0, 0, 0, 1, 0, 0, 0, 0, 0, 0, 0, 0], [0, 0, 0, 0, 0, 0, 0, 0, 1, 0, 0, 0, 0, 0, 0, 0], [0, 0, 0, 0, 0, 0, 0, 0, 0, 1, 0, 0, 0, 0, 0, 0], [0, 0, 0, 0, 0, 0, 0, 0, 0, 0, 1, 0, 0, 0, 0, 0], [0, 0, 0, 0, 0, 0, 0, 0, 0, 0, 0, 1, 0, 0, 0, 0], [0, 0, 0, 0, 0, 0, 0, 0, 0, 0, 0, 0, 1, 0, 0, 0], [0, 0, 0, 0, 0, 0, 0, 0, 0, 0, 0, 0, 0, 1, 0, 0], [0, 0, 0, 0, 0, 0, 0, 0, 0, 0, 0, 0, 0, 0, 1, 0], [0, 0, 0, 0, 0, 0, 0, 0, 0, 0, 0, 0, 0, 0, 0, 1]]
[[1, 0, 0, 0, 0, 0, 0, 0, 0, 0, 0, 0, 0, 0, 0, 0], [0, 1, 0, 0, 0, 0, 0, 0, 0, 0, 0, 0, 0, 0, 0, 0], [0, 0, 1, 0, 0, 0, 0, 0, 0, 0, 0, 0, 0, 0, 0, 0], [0, 0, 0, 1, 0, 0, 0, 0, 0, 0, 0, 0, 0, 0, 0, 0], [0, 0, 0, 0, 1, 0, 0, 0, 0, 0, 0, 0, 0, 0, 0, 0], [0, 0, 0, 0, 0, 1, 0, 0, 0, 0, 0, 0, 0, 0, 0, 0], [0, 0, 0, 0, 0, 0, 1, 0, 0, 0, 0, 0, 0, 0, 0, 0], [0, 0, 0, 0, 0, 0, 0, 1, 0, 0, 0, 0, 0, 0, 0, 0], [0, 0, 0, 0, 0, 0, 0, 0, 1, 0, 0, 0, 0, 0, 0, 0], [0, 0, 0, 0, 0, 0, 0, 0, 0, 1, 0, 0, 0, 0, 0, 0], [0, 0, 0, 0, 0, 0, 0, 0, 0, 0, 1, 0, 0, 0, 0, 0], [0, 0, 0, 0, 0, 0, 0, 0, 0, 0, 0, 1, 0, 0, 0, 0], [0, 0, 0, 0, 0, 0, 0, 0, 0, 0, 0, 0, 1, 0, 0, 0], [0, 0, 0, 0, 0, 0, 0, 0, 0, 0, 0, 0, 0, 1, 0, 0], [0, 0, 0, 0, 0, 0, 0, 0, 0, 0, 0, 0, 0, 0, 1, 0], [0, 0, 0, 0, 0, 0, 0, 0, 0, 0, 0, 0, 0, 0, 0, 1]]
[[1, 0, 0, 0, 0, 0, 0, 0, 0, 0, 0, 0, 0, 0, 0, 0], [0, 1, 0, 0, 0, 0, 0, 0, 0, 0, 0, 0, 0, 0, 0, 0], [0, 0, 1, 0, 0, 0, 0, 0, 0, 0, 0, 0, 0, 0, 0, 0], [0, 0, 0, 1, 0, 0, 0, 0, 0, 0, 0, 0, 0, 0, 0, 0], [0, 0, 0, 0, 1, 0, 0, 0, 0, 0, 0, 0, 0, 0, 0, 0], [0, 0, 0, 0, 0, 1, 0, 0, 0, 0, 0, 0, 0, 0, 0, 0], [0, 0, 0, 0, 0, 0, 1, 0, 0, 0, 0, 0, 0, 0, 0, 0], [0, 0, 0, 0, 0, 0, 0, 1, 0, 0, 0, 0, 0, 0, 0, 0], [0, 0, 0, 0, 0, 0, 0, 0, 1, 0, 0, 0, 0, 0, 0, 0], [0, 0, 0, 0, 0, 0, 0, 0, 0, 1, 0, 0, 0, 0, 0, 0], [0, 0, 0, 0, 0, 0, 0, 0, 0, 0, 1, 0, 0, 0, 0, 0], [0, 0, 0, 0, 0, 0, 0, 0, 0, 0, 0, 1, 0, 0, 0, 0], [0, 0, 0, 0, 0, 0, 0, 0, 0, 0, 0, 0, 1, 0, 0, 0], [0, 0, 0, 0, 0, 0, 0, 0, 0, 0, 0, 0, 0, 1, 0, 0], [0, 0, 0, 0, 0, 0, 0, 0, 0, 0, 0, 0, 0, 0, 1, 0], [0, 0, 0, 0, 0, 0, 0, 0, 0, 0, 0, 0, 0, 0, 0, 1]]
[[0, 0, 0, -1, 1, 0, -1, 0, 0, 0, 0, 1, 0, 0, 0, 1], [0, -2, 2, -2, 0, 1, -2, 0, 2, -3, 3, 2, 0, -1, 0, -1], [-1, -9, 11, -7, -1, 5, -5, 4, 6, -11, 13, 1, 0, -3, -2, -6], [2, 11, -14, 9, 2, -7, 6, -6, -8, 15, -17, 0, 2, 5, 2, 9], [1, -2, 2, -2, 0, 1, -1, 2, 0, -2, 3, -1, 1, 0, -2, -3], [1, 2, -4, 2, 1, -2, 1, -2, -2, 4, -5, 1, 1, 2, 0, 3], [-1, -6, 8, -5, -1, 4, -3, 4, 3, -8, 10, -1, 0, -2, -2, -6], [1, 7, -8, 6, 1, -4, 4, -3, -5, 9, -10, -1, 1, 3, 2, 5], [0, 0, 0, 0, 0, 0, -1, 0, 0, 0, 0, 0, 0, 0, 0, -1], [0, 1, 0, 2, 0, -1, 1, 0, -1, 2, -1, -2, 0, 1, 0, 0], [1, 9, -10, 7, 1, -5, 5, -4, -6, 11, -12, -1, 0, 3, 2, 6], [0, 1, 0, 1, 0, 0, 1, 0, -1, 1, 0, -1, 1, 1, 0, 0], [0, 0, 0, 1, 0, -1, 0, 0, 0, 0, -1, 0, 0, 0, 0, 0], [-1, -3, 4, -4, -1, 4, -2, 2, 3, -5, 6, 1, -1, -2, 0, -3], [-1, -4, 6, -4, -1, 3, -2, 4, 3, -6, 7, -1, -1, -2, -1, -4], [1, 6, -8, 5, 1, -4, 3, -4, -4, 8, -10, 1, 0, 2, 2, 6]]
[[1, 0, 0, 0, 0, 0, 0, 0, 0, 0, 0, 0, 0, 0, 0, 0], [0, -4, 5, -4, -1, 3, -2, 2, 3, -6, 6, 1, -1, -2, 0, -2], [-1, -1, 2, 0, 0, 1, 0, -1, 1, -1, 1, 2, 0, 0, 1, 2], [3, 3, -5, 3, 0, -3, 2, -1, -3, 5, -5, -2, 2, 2, -1, 0], [1, -1, 0, 0, 0, 0, 0, -1, 1, 0, 0, 1, 0, 0, 1, 1], [2, 3, -4, 4, 0, -3, 2, -2, -3, 5, -5, -2, 1, 2, 0, 1], [-1, 4, -4, 4, 1, -2, 2, -4, -1, 5, -6, 3, 0, 1, 3, 6], [1, 0, -1, 0, 0, -1, 0, 0, 0, 0, 0, 0, 1, 0, -1, -1], [1, 1, -2, 2, 1, -2, 1, -2, -1, 2, -3, 1, 1, 1, 1, 3], [-1, -4, 5, -4, 0, 3, -2, 3, 2, -5, 6, 0, -1, -2, -1, -3], [0, -6, 7, -8, -1, 5, -4, 6, 4, -9, 10, -1, -2, -4, -2, -7], [0, 0, 0, 0, 0, 0, 0, 0, 0, 0, 0, 1, 0, 0, 0, 0], [-1, -3, 4, -2, -1, 2, -1, 2, 2, -4, 5, -1, 0, -1, -1, -3], [0, -4, 4, -4, 0, 2, -3, 1, 3, -6, 5, 2, -1, -2, 0, -2], [-2, -6, 7, -6, -1, 5, -3, 3, 5, -9, 10, 1, -1, -3, -1, -5], [1, 1, -1, 0, 0, -1, 0, 1, -1, 1, -1, -2, 0, 0, -1, -1]]
[[1, 0, 0, 0, 0, 0, 0, 0, 0, 0, 0, 0, 0, 0, 0, 0], [0, 1, 0, 0, 0, 0, 0, 0, 0, 0, 0, 0, 0, 0, 0, 0], [0, 0, 1, 0, 0, 0, 0, 0, 0, 0, 0, 0, 0, 0, 0, 0], [0, 0, 0, 1, 0, 0, 0, 0, 0, 0, 0, 0, 0, 0, 0, 0], [0, 0, 0, 0, 1, 0, 0, 0, 0, 0, 0, 0, 0, 0, 0, 0], [0, 0, 0, 0, 0, 1, 0, 0, 0, 0, 0, 0, 0, 0, 0, 0], [0, 0, 0, 0, 0, 0, 1, 0, 0, 0, 0, 0, 0, 0, 0, 0], [0, 0, 0, 0, 0, 0, 0, 1, 0, 0, 0, 0, 0, 0, 0, 0], [0, 0, 0, 0, 0, 0, 0, 0, 1, 0, 0, 0, 0, 0, 0, 0], [0, 0, 0, 0, 0, 0, 0, 0, 0, 1, 0, 0, 0, 0, 0, 0], [0, 0, 0, 0, 0, 0, 0, 0, 0, 0, 1, 0, 0, 0, 0, 0], [0, 0, 0, 0, 0, 0, 0, 0, 0, 0, 0, 1, 0, 0, 0, 0], [0, 0, 0, 0, 0, 0, 0, 0, 0, 0, 0, 0, 1, 0, 0, 0], [0, 0, 0, 0, 0, 0, 0, 0, 0, 0, 0, 0, 0, 1, 0, 0], [0, 0, 0, 0, 0, 0, 0, 0, 0, 0, 0, 0, 0, 0, 1, 0], [0, 0, 0, 0, 0, 0, 0, 0, 0, 0, 0, 0, 0, 0, 0, 1]]
[[-1, 0, 0, 0, 0, 0, 0, 0, 0, 0, 0, 0, 0, 0, 0, 0], [-1, 1, -1, 0, 0, 0, 0, 0, 0, 0, 0, 0, 0, 0, 0, -1], [0, 0, -1, -2, 0, 0, -1, 1, 1, -2, 1, 0, -1, -1, 0, -2], [-2, -2, 4, -1, 0, 2, -1, 1, 1, -2, 3, 0, -1, -1, 0, 0], [-1, 3, -3, 2, 1, -2, 1, -1, -2, 3, -4, 0, 0, 1, 0, 2], [-1, -2, 3, -2, 0, 2, -1, 2, 1, -2, 3, 0, 0, -1, -1, -1], [0, -3, 2, -4, 0, 1, -2, 2, 2, -5, 4, 0, -1, -1, -1, -3], [-1, 0, 1, 0, 0, 1, 0, 0, 0, 0, 0, 0, -1, 0, 1, 1], [-1, 1, -1, 0, 0, 0, 0, 0, 0, 1, -1, 0, -1, 0, 0, 0], [1, 4, -5, 4, 0, -3, 2, -3, -2, 5, -6, 0, 1, 2, 1, 3], [0, 4, -4, 6, 0, -3, 3, -4, -3, 6, -6, 0, 2, 3, 1, 4], [-1, -1, 1, -2, 0, 1, -1, 0, 2, -3, 2, 1, -1, -1, 1, 0], [1, 1, -1, 0, 0, 0, 0, 0, -1, 1, -1, 0, 0, 0, 0, 0], [-1, 3, -3, 2, 0, -1, 2, -1, -1, 3, -3, 0, 0, 1, 1, 2], [1, 3, -3, 2, 0, -2, 1, -1, -2, 3, -4, 0, 0, 1, 1, 2], [0, 0, 0, 2, 0, 0, 1, -1, -1, 2, -1, 0, 1, 1, 0, 1]]
[[0, 2, -2, 2, 1, -1, 1, -2, -1, 3, -3, 1, 1, 1, 1, 3], [1, 1, -2, 2, 1, -1, 1, -2, -1, 3, -3, 1, 1, 1, 1, 3], [1, -6, 5, -6, 1, 3, -3, 2, 4, -6, 7, 1, -1, -2, 0, -1], [-2, 6, -4, 5, 0, -2, 2, -2, -3, 5, -6, 0, 0, 1, 1, 2], [0, 0, 0, 0, 1, 0, 0, 0, 0, 0, 0, 0, 0, 0, 0, 0], [-1, -1, 2, -1, -1, 2, -1, 0, 2, -3, 3, 1, 0, -1, 0, -2], [1, 1, -3, 1, 2, -2, 1, -2, -1, 3, -3, 0, 0, 1, 1, 3], [0, 7, -7, 7, 1, -5, 3, -3, -5, 9, -10, -1, 1, 3, 1, 4], [0, 2, -3, 2, 1, -1, 1, -2, -1, 3, -4, 1, 0, 1, 2, 3], [1, -1, 1, -1, 0, 0, 0, 2, -1, 0, 1, -2, 0, 1, -1, -1], [0, 7, -6, 7, 0, -4, 4, -2, -6, 9, -9, -2, 1, 3, 0, 3], [1, 4, -5, 4, 2, -4, 2, -2, -4, 7, -7, -1, 1, 3, 0, 4], [1, -2, 2, -2, -1, 1, -1, 2, 1, -3, 3, -1, 0, -1, -1, -3], [0, 2, -3, 2, 1, -1, 1, -2, -1, 4, -4, 1, 0, 1, 1, 3], [1, -1, 1, -1, 0, 0, 0, 2, 0, 0, 1, -2, 0, 0, -1, -1], [-1, 3, -2, 3, -1, -1, 1, -2, -1, 2, -3, 1, 0, 0, 1, 1]]
[[0, -2, 2, -2, -1, 1, -1, 2, 1, -3, 3, -1, -1, -1, -1, -3], [1, 2, -3, 3, 0, -2, 2, 0, -3, 4, -4, -2, 1, 2, -1, 0], [1, 3, -4, 5, 0, -3, 3, -1, -4, 6, -6, -2, 3, 3, -1, 1], [-2, -5, 7, -6, -1, 4, -4, 3, 5, -9, 9, 1, -4, -4, 0, -4], [0, 0, 0, 1, -1, 0, 0, 0, 0, 0, 0, 0, 0, 0, 0, -1], [0, 0, 0, 0, 0, -1, -1, 0, 0, -1, 0, 0, -1, 0, 0, -1], [0, -1, 1, 0, -1, 1, 0, 1, 0, 0, 1, -1, 1, 0, -1, -2], [-1, -7, 8, -7, -1, 5, -4, 3, 6, -10, 11, 1, -2, -4, -1, -5], [0, -5, 5, -4, -1, 3, -2, 3, 2, -6, 7, -1, 0, -1, -2, -5], [0, 1, -2, 1, 0, 0, 1, -2, 0, 1, -2, 2, 1, 0, 1, 2], [-1, 3, -3, 1, 0, 0, 1, -2, 0, 2, -3, 2, -2, -1, 2, 3], [0, -1, 1, 0, -1, 1, 0, 0, 1, -1, 1, 0, 0, -1, 0, -1], [1, 1, -2, 2, 1, -2, 1, -2, -1, 3, -3, 1, 2, 2, 0, 3], [1, 4, -5, 5, 0, -3, 3, -2, -4, 6, -6, -2, 1, 2, 0, 1], [1, 1, -2, 2, 1, -2, 1, -2, -1, 3, -3, 1, 2, 1, 0, 3], [-1, 0, 1, -2, 0, 1, -1, 1, 1, -2, 2, 0, -2, -1, 0, -1]]
[[1, 0, 0, 0, 0, 0, 0, 0, 0, 0, 0, 0, 0, 0, 0, 0], [0, 0, 1, -1, 0, 1, 0, 1, 0, -1, 1, 0, 0, 0, 0, 0], [0, -1, 2, -1, 0, 1, 0, 1, 0, -1, 1, 0, 0, 0, 0, 0], [0, 1, -1, 2, 0, -1, 0, -1, 0, 1, -1, 0, 0, 0, 0, 0], [0, 0, 0, 0, 1, 0, 0, 0, 0, 0, 0, 0, 0, 0, 0, 0], [0, 1, -1, 1, 0, 0, 0, -1, 0, 1, -1, 0, 0, 0, 0, 0], [0, 0, 0, 0, 0, 0, 1, 0, 0, 0, 0, 0, 0, 0, 0, 0], [0, 1, -1, 1, 0, -1, 0, 0, 0, 1, -1, 0, 0, 0, 0, 0], [0, -1, 1, -1, 0, 1, 0, 1, 1, -1, 1, 0, 0, 0, 0, 0], [0, -1, 1, -1, 0, 1, 0, 1, 0, 0, 1, 0, 0, 0, 0, 0], [0, 0, 0, 0, 0, 0, 0, 0, 0, 0, 1, 0, 0, 0, 0, 0], [0, 0, 0, 0, 0, 0, 0, 0, 0, 0, 0, 1, 0, 0, 0, 0], [0, 0, 0, 0, 0, 0, 0, 0, 0, 0, 0, 0, 1, 0, 0, 0], [0, 0, 0, 0, 0, 0, 0, 0, 0, 0, 0, 0, 0, 1, 0, 0], [0, 0, 0, 0, 0, 0, 0, 0, 0, 0, 0, 0, 0, 0, 1, 0], [0, 1, -1, 1, 0, -1, 0, -1, 0, 1, -1, 0, 0, 0, 0, 1]]
[[1, 0, 0, 0, 0, 0, 0, 0, 0, 0, 0, 0, 0, 0, 0, 0], [0, 1, 0, 0, 0, 0, 0, 0, 0, 0, 0, 0, 0, 0, 0, 0], [-1, -1, 3, -1, 0, 1, -1, 1, 1, -2, 2, 0, -1, -1, 0, -1], [3, 3, -6, 4, 0, -3, 3, -3, -3, 6, -6, 0, 3, 3, 0, 3], [1, 1, -2, 1, 1, -1, 1, -1, -1, 2, -2, 0, 1, 1, 0, 1], [1, 1, -2, 1, 0, 0, 1, -1, -1, 2, -2, 0, 1, 1, 0, 1], [-1, -1, 2, -1, 0, 1, 0, 1, 1, -2, 2, 0, -1, -1, 0, -1], [1, 1, -2, 1, 0, -1, 1, 0, -1, 2, -2, 0, 1, 1, 0, 1], [0, 0, 0, 0, 0, 0, 0, 0, 1, 0, 0, 0, 0, 0, 0, 0], [-1, -1, 2, -1, 0, 1, -1, 1, 1, -1, 2, 0, -1, -1, 0, -1], [1, 1, -2, 1, 0, -1, 1, -1, -1, 2, -1, 0, 1, 1, 0, 1], [0, 0, 0, 0, 0, 0, 0, 0, 0, 0, 0, 1, 0, 0, 0, 0], [-1, -1, 2, -1, 0, 1, -1, 1, 1, -2, 2, 0, 0, -1, 0, -1], [0, 0, 0, 0, 0, 0, 0, 0, 0, 0, 0, 0, 0, 1, 0, 0], [-1, -1, 2, -1, 0, 1, -1, 1, 1, -2, 2, 0, -1, -1, 1, -1], [1, 1, -2, 1, 0, -1, 1, -1, -1, 2, -2, 0, 1, 1, 0, 2]]
[[1, -1, 1, -1, 0, 0, -1, 1, 0, -1, 1, 0, 0, 0, -1, -1], [0, 0, 1, -1, 0, 0, -1, 1, 0, -1, 1, 0, 0, 0, -1, -1], [0, -1, 2, -1, 0, 0, -1, 1, 0, -1, 1, 0, 0, 0, -1, -1], [0, 0, 0, 1, 0, 0, 0, 0, 0, 0, 0, 0, 0, 0, 0, 0], [0, -1, 1, -1, 1, 0, -1, 1, 0, -1, 1, 0, 0, 0, -1, -1], [0, -1, 1, -1, 0, 1, -1, 1, 0, -1, 1, 0, 0, 0, -1, -1], [0, -1, 1, -1, 0, 0, 0, 1, 0, -1, 1, 0, 0, 0, -1, -1], [0, 1, -1, 1, 0, 0, 1, 0, 0, 1, -1, 0, 0, 0, 1, 1], [0, -1, 1, -1, 0, 0, -1, 1, 1, -1, 1, 0, 0, 0, -1, -1], [0, 1, -1, 1, 0, 0, 1, -1, 0, 2, -1, 0, 0, 0, 1, 1], [0, 1, -1, 1, 0, 0, 1, -1, 0, 1, 0, 0, 0, 0, 1, 1], [0, 1, -1, 1, 0, 0, 1, -1, 0, 1, -1, 1, 0, 0, 1, 1], [0, 0, 0, 0, 0, 0, 0, 0, 0, 0, 0, 0, 1, 0, 0, 0], [0, 0, 0, 0, 0, 0, 0, 0, 0, 0, 0, 0, 0, 1, 0, 0], [0, 0, 0, 0, 0, 0, 0, 0, 0, 0, 0, 0, 0, 0, 1, 0], [0, 0, 0, 0, 0, 0, 0, 0, 0, 0, 0, 0, 0, 0, 0, 1]]
[[1, 0, 0, 0, 0, 0, 0, 0, 0, 0, 0, 0, 0, 0, 0, 0], [0, 1, 0, 0, 0, 0, 0, 0, 0, 0, 0, 0, 0, 0, 0, 0], [0, 0, 1, 0, 0, 0, 0, 0, 0, 0, 0, 0, 0, 0, 0, 0], [0, 0, 0, 1, 0, 0, 0, 0, 0, 0, 0, 0, 0, 0, 0, 0], [0, 0, 0, 0, 1, 0, 0, 0, 0, 0, 0, 0, 0, 0, 0, 0], [0, 0, 0, 0, 0, 1, 0, 0, 0, 0, 0, 0, 0, 0, 0, 0], [0, 0, 0, 0, 0, 0, 1, 0, 0, 0, 0, 0, 0, 0, 0, 0], [0, 0, 0, 0, 0, 0, 0, 1, 0, 0, 0, 0, 0, 0, 0, 0], [0, 0, 0, 0, 0, 0, 0, 0, 1, 0, 0, 0, 0, 0, 0, 0], [0, 0, 0, 0, 0, 0, 0, 0, 0, 1, 0, 0, 0, 0, 0, 0], [0, 0, 0, 0, 0, 0, 0, 0, 0, 0, 1, 0, 0, 0, 0, 0], [0, 0, 0, 0, 0, 0, 0, 0, 0, 0, 0, 1, 0, 0, 0, 0], [0, 0, 0, 0, 0, 0, 0, 0, 0, 0, 0, 0, 1, 0, 0, 0], [0, 0, 0, 0, 0, 0, 0, 0, 0, 0, 0, 0, 0, 1, 0, 0], [0, 0, 0, 0, 0, 0, 0, 0, 0, 0, 0, 0, 0, 0, 1, 0], [0, 0, 0, 0, 0, 0, 0, 0, 0, 0, 0, 0, 0, 0, 0, 1]]
[[0, 2, -2, 2, 1, -1, 1, -2, -1, 3, -3, 1, 1, 1, 1, 3], [1, 1, -2, 2, 1, -1, 1, -2, -1, 3, -3, 1, 1, 1, 1, 3], [1, -6, 5, -6, 1, 3, -3, 2, 4, -6, 7, 1, -1, -2, 0, -1], [-2, 6, -4, 5, 0, -2, 2, -2, -3, 5, -6, 0, 0, 1, 1, 2], [0, 0, 0, 0, 1, 0, 0, 0, 0, 0, 0, 0, 0, 0, 0, 0], [-1, -1, 2, -1, -1, 2, -1, 0, 2, -3, 3, 1, 0, -1, 0, -2], [1, 1, -3, 1, 2, -2, 1, -2, -1, 3, -3, 0, 0, 1, 1, 3], [0, 7, -7, 7, 1, -5, 3, -3, -5, 9, -10, -1, 1, 3, 1, 4], [0, 2, -3, 2, 1, -1, 1, -2, -1, 3, -4, 1, 0, 1, 2, 3], [1, -1, 1, -1, 0, 0, 0, 2, -1, 0, 1, -2, 0, 1, -1, -1], [0, 7, -6, 7, 0, -4, 4, -2, -6, 9, -9, -2, 1, 3, 0, 3], [1, 4, -5, 4, 2, -4, 2, -2, -4, 7, -7, -1, 1, 3, 0, 4], [1, -2, 2, -2, -1, 1, -1, 2, 1, -3, 3, -1, 0, -1, -1, -3], [0, 2, -3, 2, 1, -1, 1, -2, -1, 4, -4, 1, 0, 1, 1, 3], [1, -1, 1, -1, 0, 0, 0, 2, 0, 0, 1, -2, 0, 0, -1, -1], [-1, 3, -2, 3, -1, -1, 1, -2, -1, 2, -3, 1, 0, 0, 1, 1]]
[[1, 5, -6, 6, 0, -4, 3, -3, -4, 7, -8, 0, 2, 3, 0, 3], [0, 1, -1, 1, -1, -1, 0, -1, 0, 0, -1, 1, 0, 0, 0, 0], [0, 7, -9, 5, 0, -4, 3, -5, -3, 7, -9, 2, 0, 2, 2, 5], [0, -4, 6, -2, 0, 2, -2, 4, 1, -4, 5, -2, 0, -1, -2, -4], [0, 0, -1, 1, 0, -1, 0, -1, 0, 0, -1, 1, 0, 0, 0, 0], [1, 1, -1, 3, 0, -2, 1, 0, -3, 3, -3, -2, 1, 2, -1, 0], [0, 5, -7, 3, 1, -3, 2, -4, -2, 5, -7, 3, 0, 1, 2, 5], [0, -3, 4, -2, 0, 2, -1, 2, 2, -3, 4, 0, 0, -1, 0, -1], [1, 3, -4, 4, 1, -4, 1, -3, -2, 5, -6, 1, 1, 2, 1, 4], [0, 5, -6, 4, 0, -2, 3, -3, -2, 6, -6, 0, 0, 1, 2, 3], [-1, -4, 6, -4, -1, 4, -2, 4, 3, -6, 7, -1, -1, -3, -1, -5], [0, 5, -6, 4, 0, -2, 3, -3, -2, 5, -6, 1, 0, 1, 2, 3], [0, -8, 9, -8, -1, 5, -4, 5, 5, -10, 12, -1, -1, -3, -2, -6], [0, 3, -4, 3, 0, -2, 1, -3, -1, 3, -5, 2, 0, 1, 2, 3], [-1, -4, 4, -5, -1, 4, -2, 2, 4, -6, 7, 1, -1, -2, 0, -3], [0, -4, 6, -3, 0, 2, -2, 4, 1, -4, 5, -2, 0, -1, -2, -3]]
[[1, 0, 0, 0, 0, 0, 0, 0, 0, 0, 0, 0, 0, 0, 0, 0], [0, 1, 0, 0, 0, 0, 0, 0, 0, 0, 0, 0, 0, 0, 0, 0], [0, 0, 1, 0, 0, 0, 0, 0, 0, 0, 0, 0, 0, 0, 0, 0], [0, 0, 0, 1, 0, 0, 0, 0, 0, 0, 0, 0, 0, 0, 0, 0], [0, 0, 0, 0, 1, 0, 0, 0, 0, 0, 0, 0, 0, 0, 0, 0], [0, 0, 0, 0, 0, 1, 0, 0, 0, 0, 0, 0, 0, 0, 0, 0], [0, 0, 0, 0, 0, 0, 1, 0, 0, 0, 0, 0, 0, 0, 0, 0], [0, 0, 0, 0, 0, 0, 0, 1, 0, 0, 0, 0, 0, 0, 0, 0], [0, 0, 0, 0, 0, 0, 0, 0, 1, 0, 0, 0, 0, 0, 0, 0], [0, 0, 0, 0, 0, 0, 0, 0, 0, 1, 0, 0, 0, 0, 0, 0], [0, 0, 0, 0, 0, 0, 0, 0, 0, 0, 1, 0, 0, 0, 0, 0], [0, 0, 0, 0, 0, 0, 0, 0, 0, 0, 0, 1, 0, 0, 0, 0], [0, 0, 0, 0, 0, 0, 0, 0, 0, 0, 0, 0, 1, 0, 0, 0], [0, 0, 0, 0, 0, 0, 0, 0, 0, 0, 0, 0, 0, 1, 0, 0], [0, 0, 0, 0, 0, 0, 0, 0, 0, 0, 0, 0, 0, 0, 1, 0], [0, 0, 0, 0, 0, 0, 0, 0, 0, 0, 0, 0, 0, 0, 0, 1]]
[[-1, -5, 6, -6, 0, 4, -3, 3, 4, -7, 8, 0, -2, -3, 0, -3], [-1, -4, 5, -5, 0, 4, -2, 3, 3, -6, 7, 0, -1, -2, 0, -3], [-1, -8, 10, -7, 0, 5, -4, 5, 5, -10, 11, 0, -1, -3, -1, -5], [1, 5, -7, 4, 0, -3, 3, -4, -3, 7, -7, 0, 1, 2, 1, 4], [0, 2, -2, 1, 1, -1, 1, -1, -1, 3, -3, 0, 0, 1, 1, 3], [0, 0, 0, -1, 0, 1, 0, 0, 1, 0, 1, 0, 0, -1, 0, 0], [-1, -4, 5, -3, 0, 2, -2, 2, 3, -5, 5, 0, -1, -1, 0, -2], [0, 3, -4, 2, 0, -2, 1, -2, -2, 3, -4, 0, 0, 1, 0, 1], [-1, -1, 1, -2, 0, 2, 0, 1, 1, -2, 2, 0, -1, -1, 0, -1], [0, -5, 6, -4, 0, 2, -3, 3, 2, -6, 6, 0, 0, -1, -2, -3], [1, 2, -3, 2, 0, -2, 1, -2, -2, 3, -3, 0, 1, 2, 0, 2], [-1, -6, 7, -6, 0, 3, -4, 3, 4, -8, 8, 1, -1, -2, -1, -3], [0, 6, -6, 6, 0, -3, 3, -3, -4, 7, -8, 0, 1, 2, 1, 3], [-1, -4, 5, -5, 0, 3, -2, 3, 3, -6, 7, 0, -1, -2, -1, -3], [0, 1, 0, 1, 0, -1, 0, 0, -1, 0, -1, 0, 0, 0, 0, 0], [1, 5, -7, 5, 0, -3, 3, -4, -3, 7, -7, 0, 1, 2, 1, 3]]
[[0, 0, 0, -1, 1, 0, -1, 0, 0, 0, 0, 1, 0, 0, 0, 1], [0, -2, 2, -2, 0, 1, -2, 0, 2, -3, 3, 2, 0, -1, 0, -1], [-1, -9, 11, -7, -1, 5, -5, 4, 6, -11, 13, 1, 0, -3, -2, -6], [2, 11, -14, 9, 2, -7, 6, -6, -8, 15, -17, 0, 2, 5, 2, 9], [1, -2, 2, -2, 0, 1, -1, 2, 0, -2, 3, -1, 1, 0, -2, -3], [1, 2, -4, 2, 1, -2, 1, -2, -2, 4, -5, 1, 1, 2, 0, 3], [-1, -6, 8, -5, -1, 4, -3, 4, 3, -8, 10, -1, 0, -2, -2, -6], [1, 7, -8, 6, 1, -4, 4, -3, -5, 9, -10, -1, 1, 3, 2, 5], [0, 0, 0, 0, 0, 0, -1, 0, 0, 0, 0, 0, 0, 0, 0, -1], [0, 1, 0, 2, 0, -1, 1, 0, -1, 2, -1, -2, 0, 1, 0, 0], [1, 9, -10, 7, 1, -5, 5, -4, -6, 11, -12, -1, 0, 3, 2, 6], [0, 1, 0, 1, 0, 0, 1, 0, -1, 1, 0, -1, 1, 1, 0, 0], [0, 0, 0, 1, 0, -1, 0, 0, 0, 0, -1, 0, 0, 0, 0, 0], [-1, -3, 4, -4, -1, 4, -2, 2, 3, -5, 6, 1, -1, -2, 0, -3], [-1, -4, 6, -4, -1, 3, -2, 4, 3, -6, 7, -1, -1, -2, -1, -4], [1, 6, -8, 5, 1, -4, 3, -4, -4, 8, -10, 1, 0, 2, 2, 6]]
[[1, 1, -1, 2, 0, -1, 1, -1, -1, 2, -2, 0, 1, 1, 0, 1], [0, 1, 0, 0, 0, 0, 0, 0, 0, 0, 0, 0, 0, 0, 0, 0], [0, -3, 4, -6, 0, 3, -3, 3, 3, -6, 6, 0, -3, -3, 0, -3], [0, 2, -2, 5, 0, -2, 2, -2, -2, 4, -4, 0, 2, 2, 0, 2], [0, 0, 0, 0, 1, 0, 0, 0, 0, 0, 0, 0, 0, 0, 0, 0], [0, 1, -1, 2, 0, 0, 1, -1, -1, 2, -2, 0, 1, 1, 0, 1], [0, -2, 2, -4, 0, 2, -1, 2, 2, -4, 4, 0, -2, -2, 0, -2], [0, 1, -1, 2, 0, -1, 1, 0, -1, 2, -2, 0, 1, 1, 0, 1], [0, 0, 0, 0, 0, 0, 0, 0, 1, 0, 0, 0, 0, 0, 0, 0], [0, -1, 1, -2, 0, 1, -1, 1, 1, -1, 2, 0, -1, -1, 0, -1], [0, 2, -2, 4, 0, -2, 2, -2, -2, 4, -3, 0, 2, 2, 0, 2], [0, -1, 1, -2, 0, 1, -1, 1, 1, -2, 2, 1, -1, -1, 0, -1], [0, -1, 1, -2, 0, 1, -1, 1, 1, -2, 2, 0, 0, -1, 0, -1], [0, 0, 0, 0, 0, 0, 0, 0, 0, 0, 0, 0, 0, 1, 0, 0], [0, -1, 1, -2, 0, 1, -1, 1, 1, -2, 2, 0, -1, -1, 1, -1], [0, 2, -2, 4, 0, -2, 2, -2, -2, 4, -4, 0, 2, 2, 0, 3]]

Generators of monodromy action on conics:
(157,164)(158,163)(173,180)(174,179)(185,188)(186,187)(213,216)(214,215)(229,231)(230,232)(245,248)(246,247)(261,267)(262,268)(269,280)(270,279)(273,284)(274,283)(275,282)(276,281)
(81,119)(82,120)(83,117)(84,118)(85,115)(86,116)(87,113)(88,114)(89,111)(90,112)(91,109)(92,110)(93,107)(94,108)(95,105)(96,106)(97,103)(98,104)(99,101)(100,102)
(41,44)(42,43)(77,79)(78,80)(153,156)(154,155)(181,183)(182,184)(193,206)(194,205)(195,207)(196,208)(225,249)(226,250)(227,252)(228,251)(233,255)(234,256)(235,253)(236,254)
(5,16)(6,15)(7,27)(8,28)(9,19)(10,20)(11,24)(12,23)(13,33)(14,34)(17,30)(18,29)(21,31)(22,32)(25,36)(26,35)(45,55)(46,56)(47,67)(48,68)(49,60)(50,59)(51,63)(52,64)(53,74)(54,73)(57,69)(58,70)(61,71)(62,72)(65,76)(66,75)(81,118)(82,117)(83,120)(84,119)(85,102)(86,101)(87,98)(88,97)(89,105)(90,106)(91,94)(92,93)(95,111)(96,112)(99,116)(100,115)(103,114)(104,113)(107,110)(108,109)(121,151)(122,152)(125,148)(126,147)(131,142)(132,141)(135,138)(136,137)(153,254)(154,253)(155,235)(156,236)(157,276)(158,275)(159,264)(160,263)(163,282)(164,281)(165,278)(166,277)(167,175)(168,176)(171,285)(172,286)(173,280)(174,279)(177,258)(178,257)(179,270)(180,269)(181,233)(182,234)(183,255)(184,256)(185,230)(186,229)(187,231)(188,232)(189,191)(190,192)(193,250)(194,249)(195,252)(196,251)(197,218)(198,217)(199,220)(200,219)(201,243)(202,244)(203,241)(204,242)(205,225)(206,226)(207,227)(208,228)(213,246)(214,245)(215,248)(216,247)(221,223)(222,224)(259,271)(260,272)(261,274)(262,273)(267,283)(268,284)
(5,19)(6,20)(7,23)(8,24)(9,25)(10,26)(11,13)(12,14)(15,31)(16,32)(17,33)(18,34)(21,35)(22,36)(27,29)(28,30)(41,80)(42,79)(43,77)(44,78)(45,76)(46,75)(51,70)(52,69)(53,68)(54,67)(59,61)(60,62)(81,83)(82,84)(85,93)(86,94)(87,105)(88,106)(89,103)(90,104)(91,100)(92,99)(95,113)(96,114)(97,111)(98,112)(101,110)(102,109)(107,115)(108,116)(117,119)(118,120)(121,130)(122,129)(123,142)(124,141)(125,139)(126,140)(127,135)(128,136)(131,150)(132,149)(133,147)(134,148)(137,146)(138,145)(143,152)(144,151)(153,228)(154,227)(155,252)(156,251)(157,269)(158,270)(161,259)(162,260)(163,279)(164,280)(165,177)(166,178)(167,287)(168,288)(169,271)(170,272)(173,275)(174,276)(175,265)(176,266)(179,281)(180,282)(181,249)(182,250)(183,225)(184,226)(185,247)(186,248)(187,245)(188,246)(189,239)(190,240)(191,237)(192,238)(193,255)(194,256)(195,254)(196,253)(201,204)(202,203)(205,234)(206,233)(207,236)(208,235)(209,221)(210,222)(211,223)(212,224)(213,229)(214,230)(215,232)(216,231)(217,219)(218,220)(263,285)(264,286)
(1,2)(3,4)(5,35)(6,36)(7,33)(8,34)(9,31)(10,32)(11,29)(12,30)(13,27)(14,28)(15,25)(16,26)(17,23)(18,24)(19,21)(20,22)(37,38)(39,40)(41,77)(42,78)(43,80)(44,79)(45,75)(46,76)(47,74)(48,73)(49,71)(50,72)(51,69)(52,70)(53,67)(54,68)(55,66)(56,65)(57,63)(58,64)(59,62)(60,61)(153,156)(154,155)(161,170)(162,169)(167,176)(168,175)(181,183)(182,184)(189,192)(190,191)(193,206)(194,205)(195,207)(196,208)(209,212)(210,211)(221,224)(222,223)(225,249)(226,250)(227,252)(228,251)(233,255)(234,256)(235,253)(236,254)(237,240)(238,239)(259,272)(260,271)(261,273)(262,274)(265,288)(266,287)(267,284)(268,283)
(1,3)(2,4)(5,35)(6,36)(7,33)(8,34)(9,31)(10,32)(11,29)(12,30)(13,27)(14,28)(15,25)(16,26)(17,23)(18,24)(19,21)(20,22)(37,39)(38,40)(41,77)(42,78)(43,80)(44,79)(45,75)(46,76)(47,74)(48,73)(49,71)(50,72)(51,69)(52,70)(53,67)(54,68)(55,66)(56,65)(57,63)(58,64)(59,62)(60,61)(81,118)(82,117)(83,120)(84,119)(85,115)(86,116)(87,113)(88,114)(89,111)(90,112)(91,109)(92,110)(93,107)(94,108)(95,105)(96,106)(97,103)(98,104)(99,101)(100,102)(153,156)(154,155)(159,171)(160,172)(165,178)(166,177)(181,183)(182,184)(193,206)(194,205)(195,207)(196,208)(197,200)(198,199)(201,203)(202,204)(217,220)(218,219)(225,249)(226,250)(227,252)(228,251)(233,255)(234,256)(235,253)(236,254)(241,243)(242,244)(257,278)(258,277)(261,283)(262,284)(263,286)(264,285)(267,274)(268,273)
(1,38)(2,37)(3,40)(4,39)(5,35)(6,36)(7,33)(8,34)(9,31)(10,32)(11,29)(12,30)(13,27)(14,28)(15,25)(16,26)(17,23)(18,24)(19,21)(20,22)(41,80)(42,79)(43,77)(44,78)(81,83)(82,84)(85,115)(86,116)(87,113)(88,114)(89,111)(90,112)(91,109)(92,110)(93,107)(94,108)(95,105)(96,106)(97,103)(98,104)(99,101)(100,102)(117,119)(118,120)(121,152)(122,151)(123,149)(124,150)(125,147)(126,148)(127,146)(128,145)(129,144)(130,143)(131,141)(132,142)(133,139)(134,140)(135,137)(136,138)(153,156)(154,155)(161,170)(162,169)(167,176)(168,175)(181,183)(182,184)(189,192)(190,191)(193,206)(194,205)(195,207)(196,208)(209,212)(210,211)(221,224)(222,223)(225,249)(226,250)(227,252)(228,251)(233,255)(234,256)(235,253)(236,254)(237,240)(238,239)(259,272)(260,271)(261,273)(262,274)(265,288)(266,287)(267,284)(268,283)
(1,39)(2,40)(3,37)(4,38)(5,35)(6,36)(7,33)(8,34)(9,31)(10,32)(11,29)(12,30)(13,27)(14,28)(15,25)(16,26)(17,23)(18,24)(19,21)(20,22)
