
#########################################################
# DATA FOR CRYSTALLOGRAPHIC QUARTIC SURFACE FAMILY 32.7 #
#########################################################

##################
# GROUP & FAMILY #
##################

Generators of crystallographic group:
[[0, 1, 0, 0], [1, 0, 0, 0], [0, 0, 0, 1], [0, 0, 1, 0]]
[[1, 0, 0, 0], [0, 1, 0, 0], [0, 0, -1, 0], [0, 0, 0, -1]]
[[0, 0, -1, 0], [0, 0, 0, -1], [0, 1, 0, 0], [-1, 0, 0, 0]]

Invariant polynomials:
x^4 + y^4 + z^4 + w^4
x^2*y^2 + z^2*w^2
x^2*z^2 + y^2*z^2 + x^2*w^2 + y^2*w^2

Equivalent crystallographic groups:
32.12
32.13
32.15
32.17

############
# HOMOLOGY #
############

Intersection product:
[[-2, -1, 0, 0, -1, 1, -2, -1, 0, 1, 1, -2, 0, -1, -1, 0, 0, -1, -1, 0, 1, -1], [-1, -2, 1, 1, 1, 0, -1, 0, 0, 0, 1, -1, 1, -1, 0, 0, 0, 0, 0, 1, 0, 0], [0, 1, -2, -1, -2, 1, -1, -1, 0, 1, 0, -1, -1, 0, -1, 0, 0, -1, -1, -1, 1, -1], [0, 1, -1, -4, -2, 1, 1, 0, 1, 0, 0, 1, 0, 1, 1, 1, 0, 0, 1, -3, 0, 0], [-1, 1, -2, -2, -4, 1, -2, -1, 0, 2, 0, -2, -1, -1, -2, 0, 0, -2, -2, -1, 2, -1], [1, 0, 1, 1, 1, -2, 1, 1, 0, 0, -1, 1, 0, 0, 0, 0, 0, 1, 0, 1, 0, 1], [-2, -1, -1, 1, -2, 1, -4, -1, -2, 1, 0, -3, -1, -2, -3, -1, -1, -3, -3, 1, 1, -1], [-1, 0, -1, 0, -1, 1, -1, -2, 0, 1, 1, -2, 0, -1, -1, 0, 0, -1, -1, 0, 1, -1], [0, 0, 0, 1, 0, 0, -2, 0, -2, 0, 0, -1, 0, -1, -1, -1, 0, -1, -1, 1, 0, 0], [1, 0, 1, 0, 2, 0, 1, 1, 0, -2, 1, 1, 2, 0, 2, 0, 1, 1, 2, 0, -1, 1], [1, 1, 0, 0, 0, -1, 0, 1, 0, 1, -2, 1, -1, 1, 0, 0, 0, 1, 0, 0, 0, 0], [-2, -1, -1, 1, -2, 1, -3, -2, -1, 1, 1, -4, -1, -2, -3, -1, -1, -3, -3, 1, 1, -1], [0, 1, -1, 0, -1, 0, -1, 0, 0, 2, -1, -1, -2, 0, -1, 0, 0, 0, -1, 0, 1, -1], [-1, -1, 0, 1, -1, 0, -2, -1, -1, 0, 1, -2, 0, -2, -2, -1, -1, -2, -2, 1, 0, 0], [-1, 0, -1, 1, -2, 0, -3, -1, -1, 2, 0, -3, -1, -2, -4, -1, -1, -2, -3, 1, 1, -1], [0, 0, 0, 1, 0, 0, -1, 0, -1, 0, 0, -1, 0, -1, -1, -2, 1, 0, 0, 2, 0, 0], [0, 0, 0, 0, 0, 0, -1, 0, 0, 1, 0, -1, 0, -1, -1, 1, -2, -1, -1, -1, 0, 0], [-1, 0, -1, 0, -2, 1, -3, -1, -1, 1, 1, -3, 0, -2, -2, 0, -1, -4, -3, 0, 1, -1], [-1, 0, -1, 1, -2, 0, -3, -1, -1, 2, 0, -3, -1, -2, -3, 0, -1, -3, -4, 1, 1, -1], [0, 1, -1, -3, -1, 1, 1, 0, 1, 0, 0, 1, 0, 1, 1, 2, -1, 0, 1, -4, 0, 0], [1, 0, 1, 0, 2, 0, 1, 1, 0, -1, 0, 1, 1, 0, 1, 0, 0, 1, 1, 0, -2, 1], [-1, 0, -1, 0, -1, 1, -1, -1, 0, 1, 0, -1, -1, 0, -1, 0, 0, -1, -1, 0, 1, -2]]

Basis of the generic Picard lattice:
[1, 0, 0, 0, 0, 0, 0, 0, 0, 0, 0, 0, 0, 0, 0, 0, 0, 0, 0, -2, 2, 2]
[0, 1, 0, 0, 0, 0, 0, 0, 0, 0, 0, 0, 0, 0, 0, 0, -1, 0, 0, 0, 0, -1]
[0, 0, 1, 0, 0, 0, 0, 0, 0, 0, 0, 0, 0, 0, 0, 0, 0, 0, 0, -2, 2, 2]
[0, 0, 0, 1, 0, 0, 0, 0, 0, 0, 0, 0, 0, 0, 0, 0, 1, 0, 0, -1, 0, 1]
[0, 0, 0, 0, 1, 0, 0, 0, 0, 0, 0, 0, 0, 0, 0, 0, 1, 0, 0, -2, 2, 2]
[0, 0, 0, 0, 0, 1, 0, 0, 0, 0, 0, 0, 0, 0, 0, 0, 0, 0, 0, 1, -1, -1]
[0, 0, 0, 0, 0, 0, 1, 0, 0, 0, 0, 0, 0, 0, 0, 0, -2, 0, 0, 1, 1, -2]
[0, 0, 0, 0, 0, 0, 0, 1, 0, 0, 0, 0, 0, 0, 0, 0, 0, 0, 0, -2, 2, 1]
[0, 0, 0, 0, 0, 0, 0, 0, 1, 0, 0, 0, 0, 0, 0, 0, 0, 0, 0, -2, 2, 3]
[0, 0, 0, 0, 0, 0, 0, 0, 0, 1, 0, 0, 0, 0, 0, 0, 0, 0, 0, -2, 1, 2]
[0, 0, 0, 0, 0, 0, 0, 0, 0, 0, 1, 0, 0, 0, 0, 0, 1, 0, 0, -1, 0, 2]
[0, 0, 0, 0, 0, 0, 0, 0, 0, 0, 0, 1, 0, 0, 0, 0, -2, 0, 0, 1, 1, -1]
[0, 0, 0, 0, 0, 0, 0, 0, 0, 0, 0, 0, 1, 0, 0, 0, 0, 0, 0, -3, 2, 2]
[0, 0, 0, 0, 0, 0, 0, 0, 0, 0, 0, 0, 0, 1, 0, 0, -1, 0, 0, 1, 1, 1]
[0, 0, 0, 0, 0, 0, 0, 0, 0, 0, 0, 0, 0, 0, 1, 0, 0, 0, 0, -2, 3, 3]
[0, 0, 0, 0, 0, 0, 0, 0, 0, 0, 0, 0, 0, 0, 0, 1, 0, 0, 0, -2, 2, 2]
[0, 0, 0, 0, 0, 0, 0, 0, 0, 0, 0, 0, 0, 0, 0, 0, 0, 1, 0, 0, 1, 1]
[0, 0, 0, 0, 0, 0, 0, 0, 0, 0, 0, 0, 0, 0, 0, 0, 0, 0, 1, 0, 1, 0]

Class of hyperplane section:
[1, 0, 1, 1, -2, -2, -3, -3, 1, 0, 0, 1, -3, 0, -3, 6, 3, -4, 7, 2, -4, 1]

Action of the group on homology:
[[1, 3, 0, 0, 0, -1, 3, 0, 0, -1, -2, 3, -2, 3, 1, 0, 0, 2, 1, -1, -1, 0], [0, -1, 0, 1, 0, 0, -2, 0, 0, 1, 1, -2, 1, -2, -1, 0, 0, -1, -1, 1, 1, 0], [0, 3, -1, -1, -2, 0, 2, -1, 0, 0, -2, 2, -3, 3, 0, 0, 0, 1, 0, -2, 0, -1], [0, 1, 0, -1, 0, 1, 1, 0, 0, -1, 0, 1, 0, 1, 1, 0, 0, 0, 1, -1, -1, 0], [0, -2, 0, 1, 1, 0, -2, 0, 0, 1, 1, -2, 1, -2, -1, 0, 0, -1, -1, 1, 1, 0], [0, 0, 0, 0, 0, 1, 0, 0, 0, 0, 0, 0, 0, 0, 0, 0, 0, 0, 0, 0, 0, 0], [0, -2, 1, -1, 1, 1, -1, 1, 1, 1, 1, -1, 2, -2, 0, 1, -1, -1, 0, 0, 0, 0], [0, -3, 1, -1, 1, 1, -2, 1, 1, 1, 2, -2, 3, -3, 0, 1, -1, -1, 0, 0, 0, 1], [0, 1, -1, 0, -1, 0, 1, -1, 0, -1, 0, 0, -1, 1, 0, -1, 1, 0, 0, 0, 0, 0], [0, -1, 1, 0, 1, 0, -1, 1, 0, 0, 1, 0, 2, -1, 1, 1, 0, -1, 0, 0, 0, 0], [0, -1, 0, 0, 0, 0, -1, 0, 0, 0, 1, 0, 1, -1, 0, 0, 0, 0, 0, 0, 0, 0], [0, 1, -1, 0, -1, 0, 1, -1, -1, -1, 0, 1, -1, 1, 0, -1, 1, 0, 0, 0, 0, 0], [0, -3, 1, 0, 1, 1, -3, 1, 1, 2, 2, -3, 3, -3, -1, 1, -1, -2, -1, 1, 1, 0], [0, -1, 0, 0, 0, 0, -1, 0, 0, 0, 0, 0, 1, 0, 0, 0, 0, 0, 0, 0, 0, 0], [0, -3, 1, 0, 1, 1, -3, 1, 1, 2, 2, -3, 2, -3, 0, 1, -1, -2, -1, 1, 1, 0], [0, 5, -1, 1, -1, -2, 5, -1, -2, -3, -4, 5, -4, 5, 1, -2, 2, 4, 2, 0, -2, 0], [0, 3, 0, 0, 0, -1, 3, 0, 0, -1, -2, 3, -2, 3, 1, 0, 1, 2, 1, -1, -1, 0], [0, -3, 1, 0, 1, 1, -3, 1, 1, 2, 2, -3, 2, -3, -1, 1, -1, -1, -1, 1, 1, 0], [0, 5, -1, 1, -1, -2, 4, -1, -2, -3, -3, 4, -3, 4, 1, -1, 1, 2, 1, -1, -2, 0], [0, 1, -1, 1, -1, -1, 1, -1, -1, -1, -1, 1, -1, 1, 0, -1, 1, 1, 0, 1, 0, 0], [0, -2, 0, 0, 0, 1, -3, 0, 0, 2, 1, -3, 1, -3, -2, 0, -1, -2, -2, 1, 1, 0], [0, 1, -1, 0, -1, 0, 0, 0, -1, -1, -1, 1, -1, 1, 0, -1, 1, 0, 0, 0, 0, 0]]
[[-1, 2, 0, -2, -1, 1, 2, -1, 0, -1, -1, 2, -2, 3, 1, 0, 0, 1, 1, -2, -1, -1], [0, -1, 0, 1, 0, 0, -2, 0, 0, 1, 1, -2, 1, -2, -1, 0, 0, -1, -1, 1, 1, 0], [0, 2, 1, -1, 0, 0, 2, 0, 0, -1, -1, 2, -1, 2, 1, 0, 0, 1, 1, -1, -1, 0], [0, 1, 0, 0, -1, -1, 1, 0, 0, 0, -1, 1, -1, 1, 0, 0, 0, 1, 0, 0, 0, 0], [0, -2, 0, 1, 1, 0, -2, 0, 0, 1, 1, -2, 1, -2, -1, 0, 0, -1, -1, 1, 1, 0], [0, 0, 0, 0, 0, 1, 0, 0, 0, 0, 0, 0, 0, 0, 0, 0, 0, 0, 0, 0, 0, 0], [1, -1, 0, 2, 1, 0, -2, 1, 0, 2, 0, -2, 1, -2, -1, 1, -1, -2, -2, 1, 1, 0], [1, -2, 0, 2, 1, 0, -3, 1, 0, 2, 1, -3, 2, -3, -1, 1, -1, -2, -2, 1, 1, 1], [-1, 0, 0, -1, -1, 0, 1, -1, 0, -1, 0, 1, -1, 1, 1, -1, 1, 1, 1, 0, 0, 0], [1, 0, 0, 0, 0, -1, 0, 1, 1, 1, 0, 0, 1, 0, 0, 1, 0, 0, 0, 0, 1, 0], [0, -1, 0, 1, 0, 0, -2, 0, 0, 1, 1, -2, 1, -1, -1, 0, 0, -1, -1, 1, 1, 0], [-1, 0, 0, -1, -1, 0, 1, -1, 0, -1, 0, 1, 0, 1, 0, -1, 1, 1, 1, 0, 0, 0], [1, -2, 0, 2, 1, 0, -3, 1, 0, 2, 1, -2, 2, -3, -1, 1, -1, -2, -2, 1, 1, 0], [0, -1, 0, 0, 0, 0, 0, 0, 0, 0, 1, 0, 0, 0, 0, 0, 0, 0, 0, 0, 0, 0], [1, -2, 0, 2, 1, 0, -3, 1, 1, 2, 1, -3, 2, -3, -1, 1, -1, -2, -2, 1, 1, 0], [-1, 4, 0, -3, -1, 0, 6, -1, -1, -4, -2, 5, -3, 5, 2, -2, 2, 4, 4, -1, -3, 0], [0, 3, 0, -2, -1, -1, 3, 0, 0, -1, -2, 3, -2, 3, 1, 0, 1, 2, 1, -1, -1, 0], [1, -2, 0, 3, 2, 1, -4, 1, 0, 2, 1, -3, 2, -3, -1, 1, -1, -2, -2, 1, 1, 0], [-1, 4, 0, -4, -2, -1, 6, -1, 0, -3, -2, 5, -3, 5, 2, -1, 1, 4, 4, -2, -2, 0], [-1, 0, 0, -1, 0, 1, 2, -1, 0, -2, 1, 1, 0, 1, 1, -1, 1, 1, 2, 0, -1, 0], [0, -2, 0, 2, 1, 1, -3, 0, 0, 2, 1, -3, 1, -3, -2, 0, -1, -2, -2, 1, 1, 0], [-1, 0, 0, -1, -1, 0, 1, 0, 0, -1, 0, 1, -1, 1, 0, -1, 1, 1, 1, 0, 0, 0]]
[[0, 0, 0, -2, -3, -2, 0, 0, 1, 1, 0, 0, 0, 0, 0, 1, 0, -1, -2, 0, 1, 0], [0, 0, 0, 1, 1, 1, -1, 0, 0, 0, 1, -1, 1, -1, 0, 0, 0, -1, 0, 0, 0, 0], [0, 0, 0, -1, -3, -2, 0, 0, 1, 1, 0, 0, 0, 0, 0, 0, 1, -1, -2, 1, 1, 0], [0, 0, 0, -1, -1, -1, 1, 0, 1, 1, -1, 1, -1, 1, 0, 0, 0, 1, 0, 0, 0, 0], [0, 0, 0, 2, 2, 2, -2, 0, -1, 0, 1, -2, 1, -2, -1, 0, -1, -1, 0, 0, 0, 0], [0, 0, 0, -1, 0, 0, 1, 0, 0, 0, -1, 1, -1, 1, 0, 0, 0, 0, 0, -1, 0, 0], [1, 0, 1, 0, 3, 1, 2, 1, 0, -1, -1, 2, 0, 1, 2, 0, 0, 2, 3, -1, -1, 1], [0, -1, 1, 1, 4, 2, 1, 0, 0, -1, 0, 1, 0, 1, 2, 0, 0, 2, 3, -1, -1, 0], [-1, 0, -1, -1, -2, 0, 0, -1, 0, 0, 0, 0, -1, 1, -1, 0, 0, 0, -1, -1, 0, 0], [1, 0, 1, 2, 2, 0, -1, 1, 0, 1, 0, -1, 1, -1, 0, 0, 0, 0, 0, 2, 0, 0], [0, -1, 1, 2, 2, 0, -1, 0, 0, 0, 1, -1, 1, -1, 0, 0, 0, 0, 0, 1, 0, 0], [-1, 0, -1, 0, -2, 0, -1, -1, 0, 1, 0, -1, -1, 0, -2, 0, 0, -1, -2, 0, 1, -1], [1, 1, 0, 0, 3, 2, 2, 0, 0, -1, -1, 2, -1, 2, 2, 0, 0, 2, 3, -2, -1, 0], [0, 0, 1, 1, 2, 0, 1, 0, 0, -1, 0, 1, 0, 1, 1, 0, 0, 1, 1, 0, -1, 0], [1, 0, 0, 0, 3, 2, 1, 1, 0, -1, -1, 2, -1, 2, 2, 0, 0, 2, 3, -2, -1, 0], [-1, 0, 0, -1, -5, -4, -1, 0, 0, 1, 1, -2, 2, -3, -3, 0, 0, -3, -4, 3, 1, 0], [0, 0, 0, 0, -3, -2, -2, 0, 0, 2, 1, -2, 2, -3, -2, 0, 0, -2, -3, 3, 1, 0], [1, 0, 0, 0, 3, 2, 1, 0, 0, -1, 0, 1, 0, 1, 2, 0, 0, 1, 3, -2, 0, 0], [-1, 0, 0, 0, -5, -4, -2, 0, 0, 2, 1, -3, 1, -3, -3, 0, 0, -3, -5, 4, 1, 0], [-1, 0, 0, 0, -1, -1, 0, 0, -1, -1, 0, 0, 0, 0, -1, 0, 0, -1, -1, 0, 0, 0], [0, 0, 0, 0, 2, 2, 1, 0, 0, -1, 0, 1, -1, 1, 1, 0, 0, 1, 2, -2, 0, 0], [0, 0, 0, 1, 0, -1, 0, 0, 0, 0, 0, 0, 0, 0, -1, 0, 0, 0, -1, 1, 0, 0]]

####################
# ALGEBRAIC CURVES #
####################

There are 416 conics:
[1, 0, 1, -1, 0, -2, -3, -3, 1, 0, 0, 1, -3, 0, -3, 5, 3, -4, 6, 2, -3, 1]
[0, 0, 0, 2, -2, 0, 0, 0, 0, 0, 0, 0, 0, 0, 0, 1, 0, 0, 1, 0, -1, 0]
[1, 0, 1, 1, -2, 0, -2, -2, 1, -1, -1, 1, -1, -1, -1, 3, 1, -1, 3, 1, -2, 0]
[0, 0, 0, 0, 0, -2, -1, -1, 0, 1, 1, 0, -2, 1, -2, 3, 2, -3, 4, 1, -2, 1]
[1, 0, 1, 1, -2, 0, -2, -2, 1, 0, 0, 1, -2, 0, -2, 4, 1, -2, 4, 2, -3, 1]
[0, 0, 0, 0, 0, -2, -1, -1, 0, 0, 0, 0, -1, 0, -1, 2, 2, -2, 3, 0, -1, 0]
[4, -2, 3, 2, -4, 0, -3, -4, 1, -1, -1, 1, -4, -1, -4, 8, 4, -4, 8, 2, -4, 1]
[-3, 2, -2, -1, 2, -2, 0, 1, 0, 1, 1, 0, 1, 1, 1, -2, -1, 0, -1, 0, 0, 0]
[1, 0, 1, 2, -2, 0, -2, -2, 1, 0, 0, 1, -2, 0, -2, 4, 2, -3, 5, 1, -3, 1]
[0, 0, 0, -1, 0, -2, -1, -1, 0, 0, 0, 0, -1, 0, -1, 2, 1, -1, 2, 1, -1, 0]
[1, 0, 1, 1, -2, 0, -2, -2, 1, -1, -1, 0, -1, 1, -2, 4, 1, -2, 4, 2, -2, 1]
[0, 0, 0, 0, 0, -2, -1, -1, 0, 1, 1, 1, -2, -1, -1, 2, 2, -2, 3, 0, -2, 0]
[1, 0, 1, 1, -2, 0, -2, -2, 1, 0, 0, 1, -2, 0, -2, 4, 1, -2, 5, 2, -2, 1]
[0, 0, 0, 0, 0, -2, -1, -1, 0, 0, 0, 0, -1, 0, -1, 2, 2, -2, 2, 0, -2, 0]
[1, 0, 1, 1, -2, 0, -1, -1, 0, 0, 0, 0, -1, 0, -1, 2, 1, -1, 3, 1, -2, 0]
[0, 0, 0, 0, 0, -2, -2, -2, 1, 0, 0, 1, -2, 0, -2, 4, 2, -3, 4, 1, -2, 1]
[1, 0, 0, 1, -2, 0, -1, -1, 0, 0, 0, 0, -1, 0, -1, 3, 1, -1, 3, 1, -2, 0]
[0, 0, 1, 0, 0, -2, -2, -2, 1, 0, 0, 1, -2, 0, -2, 3, 2, -3, 4, 1, -2, 1]
[1, 0, 1, 1, -2, 0, -1, -2, 0, 0, 0, 0, -1, 0, -1, 3, 1, -1, 3, 1, -2, 1]
[0, 0, 0, 0, 0, -2, -2, -1, 1, 0, 0, 1, -2, 0, -2, 3, 2, -3, 4, 1, -2, 0]
[1, 0, 0, 0, 0, -2, -2, -2, 1, 0, 0, 1, -2, 0, -2, 3, 2, -3, 4, 1, -2, 1]
[0, 0, 1, 1, -2, 0, -1, -1, 0, 0, 0, 0, -1, 0, -1, 3, 1, -1, 3, 1, -2, 0]
[1, 0, 1, 1, -2, 0, -2, -2, 0, 0, 0, 1, -2, 0, -1, 4, 1, -2, 4, 2, -2, 1]
[0, 0, 0, 0, 0, -2, -1, -1, 1, 0, 0, 0, -1, 0, -2, 2, 2, -2, 3, 0, -2, 0]
[1, 0, 1, 1, -2, 0, -1, -1, 1, -1, 0, 0, -1, 0, -2, 3, 1, -1, 3, 1, -2, 0]
[0, 0, 0, 0, 0, -2, -2, -2, 0, 1, 0, 1, -2, 0, -1, 3, 2, -3, 4, 1, -2, 1]
[2, 0, 1, 1, -2, 0, -2, -2, 1, -1, 0, 1, -2, 0, -2, 4, 1, -2, 4, 2, -2, 1]
[-1, 0, 0, 0, 0, -2, -1, -1, 0, 1, 0, 0, -1, 0, -1, 2, 2, -2, 3, 0, -2, 0]
[1, 0, 1, 1, -2, 0, -2, -1, 1, -1, 0, 1, -2, 0, -2, 4, 1, -2, 4, 2, -2, 0]
[0, 0, 0, 0, 0, -2, -1, -2, 0, 1, 0, 0, -1, 0, -1, 2, 2, -2, 3, 0, -2, 1]
[1, 0, 2, 1, -2, 0, -2, -2, 1, -1, 0, 1, -2, 0, -2, 4, 1, -2, 4, 2, -2, 1]
[0, 0, -1, 0, 0, -2, -1, -1, 0, 1, 0, 0, -1, 0, -1, 2, 2, -2, 3, 0, -2, 0]
[1, 0, 1, 1, -2, 0, -2, -2, 1, -1, 0, 1, -2, 0, -2, 5, 1, -2, 4, 2, -2, 1]
[0, 0, 0, 0, 0, -2, -1, -1, 0, 1, 0, 0, -1, 0, -1, 1, 2, -2, 3, 0, -2, 0]
[1, 0, 1, 1, -2, 0, -1, -1, 0, -1, 0, 0, -1, 0, -1, 3, 1, -1, 2, 1, -2, 0]
[0, 0, 0, 0, 0, -2, -2, -2, 1, 1, 0, 1, -2, 0, -2, 3, 2, -3, 5, 1, -2, 1]
[1, 0, 1, 1, -2, 0, -1, -1, 0, 0, 1, 1, -2, -1, -1, 3, 1, -1, 3, 1, -2, 0]
[0, 0, 0, 0, 0, -2, -2, -2, 1, 0, -1, 0, -1, 1, -2, 3, 2, -3, 4, 1, -2, 1]
[1, 0, 1, 0, -2, 0, -1, -1, 0, -1, 0, 0, -1, 0, -1, 3, 0, 0, 2, 2, -1, 0]
[0, 0, 0, 1, 0, -2, -2, -2, 1, 1, 0, 1, -2, 0, -2, 3, 3, -4, 5, 0, -3, 1]
[3, -2, 2, 1, -2, -2, -3, -4, 1, 0, -1, 1, -4, -1, -4, 7, 5, -5, 8, 1, -4, 1]
[-2, 2, -1, 0, 0, 0, 0, 1, 0, 0, 1, 0, 1, 1, 1, -1, -2, 1, -1, 1, 0, 0]
[1, 0, 1, 1, -2, 0, -1, -1, 0, -1, 0, 0, -1, 0, -1, 3, 1, -1, 3, 1, -1, 0]
[0, 0, 0, 0, 0, -2, -2, -2, 1, 1, 0, 1, -2, 0, -2, 3, 2, -3, 4, 1, -3, 1]
[1, 0, 1, 1, -2, 0, -1, -1, 0, 0, 1, 0, -2, 1, -2, 4, 1, -2, 4, 2, -2, 1]
[0, 0, 0, 0, 0, -2, -2, -2, 1, 0, -1, 1, -1, -1, -1, 2, 2, -2, 3, 0, -2, 0]
[2, 0, 2, 0, -2, 0, -3, -3, 1, -1, 0, 1, -3, 0, -3, 6, 2, -3, 6, 3, -3, 1]
[-1, 0, -1, 1, 0, -2, 0, 0, 0, 1, 0, 0, 0, 0, 0, 0, 1, -1, 1, -1, -1, 0]
[1, 1, 2, 0, -1, -1, -2, -2, 0, -1, 0, 0, -2, 0, -2, 4, 2, -2, 4, 1, -2, 0]
[0, -1, -1, 1, -1, -1, -1, -1, 1, 1, 0, 1, -1, 0, -1, 2, 1, -2, 3, 1, -2, 1]
[1, 0, 1, 0, -1, -1, -2, -2, 0, 0, 1, 1, -3, 0, -2, 5, 2, -3, 5, 2, -2, 1]
[0, 0, 0, 1, -1, -1, -1, -1, 1, 0, -1, 0, 0, 0, -1, 1, 1, -1, 2, 0, -2, 0]
[2, -1, 1, 1, -2, -1, -2, -3, 1, 0, -1, 1, -2, -1, -2, 4, 2, -3, 5, 1, -3, 0]
[-1, 1, 0, 0, 0, -1, -1, 0, 0, 0, 1, 0, -1, 1, -1, 2, 1, -1, 2, 1, -1, 1]
[2, -1, 1, 2, -2, -1, -2, -3, 1, 0, -1, 1, -2, -1, -2, 4, 3, -3, 5, 0, -3, 1]
[-1, 1, 0, -1, 0, -1, -1, 0, 0, 0, 1, 0, -1, 1, -1, 2, 0, -1, 2, 2, -1, 0]
[1, 0, 1, 0, -1, -1, -1, -1, 0, 0, 1, 0, -2, 0, -2, 3, 2, -2, 4, 1, -2, 0]
[0, 0, 0, 1, -1, -1, -2, -2, 1, 0, -1, 1, -1, 0, -1, 3, 1, -2, 3, 1, -2, 1]
[1, -1, 1, 2, -2, -1, -2, -2, 1, 0, -1, 1, -2, -1, -2, 4, 3, -3, 5, 0, -3, 0]
[0, 1, 0, -1, 0, -1, -1, -1, 0, 0, 1, 0, -1, 1, -1, 2, 0, -1, 2, 2, -1, 1]
[2, 0, 3, 0, -2, -1, -3, -3, 1, -1, 0, 1, -4, -1, -3, 6, 3, -3, 6, 2, -3, 1]
[-1, 0, -2, 1, 0, -1, 0, 0, 0, 1, 0, 0, 1, 1, 0, 0, 0, -1, 1, 0, -1, 0]
[1, 0, 1, 0, -1, -1, -1, -1, -1, 0, 1, 0, -2, 0, -2, 4, 2, -1, 3, 1, -2, 0]
[0, 0, 0, 1, -1, -1, -2, -2, 2, 0, -1, 1, -1, 0, -1, 2, 1, -3, 4, 1, -2, 1]
[1, 0, 1, 0, -1, -1, -2, -2, 1, -1, 0, 0, -2, 1, -3, 5, 2, -3, 5, 2, -2, 1]
[0, 0, 0, 1, -1, -1, -1, -1, 0, 1, 0, 1, -1, -1, 0, 1, 1, -1, 2, 0, -2, 0]
[1, 0, 1, 0, -1, -1, -3, -2, 1, -1, 0, 1, -3, 0, -3, 6, 3, -3, 5, 2, -3, 1]
[0, 0, 0, 1, -1, -1, 0, -1, 0, 1, 0, 0, 0, 0, 0, 0, 0, -1, 2, 0, -1, 0]
[1, -1, 1, 1, -2, -1, -1, -2, 0, 0, -1, 0, -1, -1, -1, 3, 2, -1, 3, 0, -2, 0]
[0, 1, 0, 0, 0, -1, -2, -1, 1, 0, 1, 1, -2, 1, -2, 3, 1, -3, 4, 2, -2, 1]
[2, 0, 3, 1, -2, -1, -3, -3, 1, -1, 0, 1, -4, 0, -4, 7, 3, -4, 7, 2, -3, 1]
[-1, 0, -2, 0, 0, -1, 0, 0, 0, 1, 0, 0, 1, 0, 1, -1, 0, 0, 0, 0, -1, 0]
[2, 0, 2, 1, -2, -1, -2, -2, 1, -1, 0, 0, -3, 0, -3, 5, 3, -3, 5, 1, -3, 1]
[-1, 0, -1, 0, 0, -1, -1, -1, 0, 1, 0, 1, 0, 0, 0, 1, 0, -1, 2, 1, -1, 0]
[3, -1, 2, 0, -2, -1, -3, -3, 1, -1, 0, 1, -4, 0, -4, 7, 3, -4, 7, 3, -3, 1]
[-2, 1, -1, 1, 0, -1, 0, 0, 0, 1, 0, 0, 1, 0, 1, -1, 0, 0, 0, -1, -1, 0]
[2, 0, 2, 0, -1, -1, -3, -3, 1, -1, 0, 1, -3, 0, -4, 6, 3, -3, 6, 2, -3, 1]
[-1, 0, -1, 1, -1, -1, 0, 0, 0, 1, 0, 0, 0, 0, 1, 0, 0, -1, 1, 0, -1, 0]
[1, 0, 1, 0, -1, -1, -2, -2, 1, 0, 1, 1, -3, 0, -3, 5, 2, -3, 5, 2, -3, 1]
[0, 0, 0, 1, -1, -1, -1, -1, 0, 0, -1, 0, 0, 0, 0, 1, 1, -1, 2, 0, -1, 0]
[1, 0, 1, 0, -1, -1, -2, -2, 0, 0, 0, 0, -2, 1, -2, 4, 2, -3, 5, 2, -2, 1]
[0, 0, 0, 1, -1, -1, -1, -1, 1, 0, 0, 1, -1, -1, -1, 2, 1, -1, 2, 0, -2, 0]
[1, 0, 2, 1, -2, -1, -2, -2, 0, 0, 0, 0, -3, 0, -2, 5, 3, -3, 5, 1, -3, 1]
[0, 0, -1, 0, 0, -1, -1, -1, 1, 0, 0, 1, 0, 0, -1, 1, 0, -1, 2, 1, -1, 0]
[2, -1, 1, 1, -2, -1, -2, -2, 1, -1, -1, 1, -2, -1, -2, 4, 2, -2, 4, 1, -2, 0]
[-1, 1, 0, 0, 0, -1, -1, -1, 0, 1, 1, 0, -1, 1, -1, 2, 1, -2, 3, 1, -2, 1]
[1, 0, 2, 0, -1, -1, -3, -3, 0, 0, 0, 1, -3, 0, -3, 6, 3, -3, 6, 2, -3, 1]
[0, 0, -1, 1, -1, -1, 0, 0, 1, 0, 0, 0, 0, 0, 0, 0, 0, -1, 1, 0, -1, 0]
[2, 0, 2, 0, -2, -1, -3, -3, 1, -1, -1, 0, -3, 0, -3, 6, 3, -3, 6, 2, -3, 1]
[-1, 0, -1, 1, 0, -1, 0, 0, 0, 1, 1, 1, 0, 0, 0, 0, 0, -1, 1, 0, -1, 0]
[1, 0, 1, 0, -1, -1, -2, -2, 0, 0, 0, 0, -2, 0, -2, 4, 3, -2, 4, 1, -3, 1]
[0, 0, 0, 1, -1, -1, -1, -1, 1, 0, 0, 1, -1, 0, -1, 2, 0, -2, 3, 1, -1, 0]
[2, 0, 2, 1, -2, -1, -3, -3, 1, 0, 0, 1, -4, -1, -3, 6, 4, -4, 7, 1, -4, 1]
[-1, 0, -1, 0, 0, -1, 0, 0, 0, 0, 0, 0, 1, 1, 0, 0, -1, 0, 0, 1, 0, 0]
[4, -1, 4, 1, -3, -1, -4, -5, 1, -1, -1, 1, -5, -1, -5, 9, 5, -5, 10, 2, -4, 1]
[-3, 1, -3, 0, 1, -1, 1, 2, 0, 1, 1, 0, 2, 1, 2, -3, -2, 1, -3, 0, 0, 0]
[2, -1, 2, 0, -2, -1, -2, -3, 0, 0, 0, 0, -3, 0, -3, 6, 3, -3, 6, 2, -3, 1]
[-1, 1, -1, 1, 0, -1, -1, 0, 1, 0, 0, 1, 0, 0, 0, 0, 0, -1, 1, 0, -1, 0]
[2, 0, 2, 1, -2, -1, -2, -3, 0, 0, 0, 0, -3, 0, -3, 6, 3, -3, 6, 1, -3, 1]
[-1, 0, -1, 0, 0, -1, -1, 0, 1, 0, 0, 1, 0, 0, 0, 0, 0, -1, 1, 1, -1, 0]
[2, 0, 3, 1, -2, -1, -2, -3, 0, 0, 0, 0, -3, 0, -3, 5, 3, -3, 6, 1, -3, 1]
[-1, 0, -2, 0, 0, -1, -1, 0, 1, 0, 0, 1, 0, 0, 0, 1, 0, -1, 1, 1, -1, 0]
[2, -1, 1, 1, -2, -1, -2, -2, 0, 0, 0, 0, -3, 0, -3, 6, 4, -3, 6, 1, -3, 1]
[-1, 1, 0, 0, 0, -1, -1, -1, 1, 0, 0, 1, 0, 0, 0, 0, -1, -1, 1, 1, -1, 0]
[2, 0, 2, 1, -2, -1, -2, -2, 0, 0, 0, 0, -3, 0, -3, 5, 3, -3, 6, 1, -3, 0]
[-1, 0, -1, 0, 0, -1, -1, -1, 1, 0, 0, 1, 0, 0, 0, 1, 0, -1, 1, 1, -1, 1]
[2, 0, 2, 1, -2, -1, -3, -3, 1, 0, 0, 1, -4, 0, -3, 6, 3, -4, 7, 2, -3, 2]
[-1, 0, -1, 0, 0, -1, 0, 0, 0, 0, 0, 0, 1, 0, 0, 0, 0, 0, 0, 0, -1, -1]
[2, 0, 1, 0, -1, -1, -3, -3, 0, 0, 0, 1, -3, 0, -3, 6, 3, -3, 6, 2, -3, 1]
[-1, 0, 0, 1, -1, -1, 0, 0, 1, 0, 0, 0, 0, 0, 0, 0, 0, -1, 1, 0, -1, 0]
[1, 0, 1, 0, -1, -1, -2, -2, 0, 1, 1, 1, -3, 0, -2, 4, 2, -3, 5, 2, -3, 1]
[0, 0, 0, 1, -1, -1, -1, -1, 1, -1, -1, 0, 0, 0, -1, 2, 1, -1, 2, 0, -1, 0]
[1, 0, 2, 1, -2, -1, -2, -2, 1, 0, 0, 0, -3, 0, -3, 5, 3, -3, 6, 1, -3, 1]
[0, 0, -1, 0, 0, -1, -1, -1, 0, 0, 0, 1, 0, 0, 0, 1, 0, -1, 1, 1, -1, 0]
[1, 0, 1, 0, -1, -1, -2, -2, 0, 0, 0, 0, -2, 0, -3, 5, 3, -2, 5, 1, -3, 0]
[0, 0, 0, 1, -1, -1, -1, -1, 1, 0, 0, 1, -1, 0, 0, 1, 0, -2, 2, 1, -1, 1]
[1, 0, 1, 0, -1, -1, -3, -3, 1, 0, 0, 1, -3, 0, -3, 6, 3, -3, 6, 2, -3, 2]
[0, 0, 0, 1, -1, -1, 0, 0, 0, 0, 0, 0, 0, 0, 0, 0, 0, -1, 1, 0, -1, -1]
[1, 1, 2, 0, -1, -1, -3, -3, 1, 0, 0, 1, -3, 0, -3, 5, 2, -3, 6, 2, -3, 1]
[0, -1, -1, 1, -1, -1, 0, 0, 0, 0, 0, 0, 0, 0, 0, 1, 1, -1, 1, 0, -1, 0]
[1, 0, 1, 0, -1, -1, -3, -2, 1, 0, 0, 1, -3, 0, -3, 5, 3, -3, 6, 2, -3, 1]
[0, 0, 0, 1, -1, -1, 0, -1, 0, 0, 0, 0, 0, 0, 0, 1, 0, -1, 1, 0, -1, 0]
[2, -1, 2, 1, -2, -1, -2, -3, 1, -1, -1, 1, -2, -1, -2, 4, 2, -3, 5, 1, -2, 0]
[-1, 1, -1, 0, 0, -1, -1, 0, 0, 1, 1, 0, -1, 1, -1, 2, 1, -1, 2, 1, -2, 1]
[1, 0, 1, 0, -1, -1, -2, -2, 0, 0, 0, 0, -2, 1, -3, 5, 2, -2, 5, 2, -2, 1]
[0, 0, 0, 1, -1, -1, -1, -1, 1, 0, 0, 1, -1, -1, 0, 1, 1, -2, 2, 0, -2, 0]
[1, 0, 1, 1, -1, -1, -2, -2, 0, 1, 1, 1, -3, 0, -3, 5, 3, -3, 6, 1, -3, 1]
[0, 0, 0, 0, -1, -1, -1, -1, 1, -1, -1, 0, 0, 0, 0, 1, 0, -1, 1, 1, -1, 0]
[2, 0, 3, 1, -2, -1, -4, -4, 2, -1, -1, 1, -4, 0, -4, 7, 4, -5, 8, 2, -4, 2]
[-1, 0, -2, 0, 0, -1, 1, 1, -1, 1, 1, 0, 1, 0, 1, -1, -1, 1, -1, 0, 0, -1]
[1, 0, 1, 1, -1, -1, -2, -2, 0, 0, 0, 0, -2, 1, -3, 5, 3, -3, 5, 1, -3, 1]
[0, 0, 0, 0, -1, -1, -1, -1, 1, 0, 0, 1, -1, -1, 0, 1, 0, -1, 2, 1, -1, 0]
[2, -1, 2, 1, -2, -1, -3, -3, 1, 0, 0, 1, -4, 0, -4, 7, 4, -5, 8, 2, -4, 1]
[-1, 1, -1, 0, 0, -1, 0, 0, 0, 0, 0, 0, 1, 0, 1, -1, -1, 1, -1, 0, 0, 0]
[1, 0, 1, 0, -1, -1, -3, -3, 1, 0, 0, 1, -3, 1, -3, 6, 2, -4, 6, 3, -3, 2]
[0, 0, 0, 1, -1, -1, 0, 0, 0, 0, 0, 0, 0, -1, 0, 0, 1, 0, 1, -1, -1, -1]
[3, -1, 2, 1, -2, -1, -3, -4, 1, 0, 0, 1, -4, 0, -4, 7, 4, -5, 8, 2, -4, 2]
[-2, 1, -1, 0, 0, -1, 0, 1, 0, 0, 0, 0, 1, 0, 1, -1, -1, 1, -1, 0, 0, -1]
[4, -1, 4, 1, -3, -1, -4, -5, 1, -1, -1, 1, -5, -1, -5, 9, 5, -5, 9, 2, -5, 1]
[-3, 1, -3, 0, 1, -1, 1, 2, 0, 1, 1, 0, 2, 1, 2, -3, -2, 1, -2, 0, 1, 0]
[1, 0, 1, 0, -1, -1, -2, -2, 1, 0, 0, 0, -2, 1, -3, 4, 2, -3, 5, 2, -3, 1]
[0, 0, 0, 1, -1, -1, -1, -1, 0, 0, 0, 1, -1, -1, 0, 2, 1, -1, 2, 0, -1, 0]
[2, -1, 2, 1, -2, -1, -3, -3, 1, 0, 0, 1, -4, 0, -4, 7, 4, -4, 7, 2, -4, 2]
[-1, 1, -1, 0, 0, -1, 0, 0, 0, 0, 0, 0, 1, 0, 1, -1, -1, 0, 0, 0, 0, -1]
[3, -1, 3, 2, -3, -1, -3, -4, 1, 0, -1, 1, -4, -1, -4, 7, 4, -4, 8, 1, -4, 1]
[-2, 1, -2, -1, 1, -1, 0, 1, 0, 0, 1, 0, 1, 1, 1, -1, -1, 0, -1, 1, 0, 0]
[1, 0, 0, 1, -1, -1, -2, -2, 1, 1, 0, 1, -2, 0, -2, 3, 2, -3, 5, 1, -3, 1]
[0, 0, 1, 0, -1, -1, -1, -1, 0, -1, 0, 0, -1, 0, -1, 3, 1, -1, 2, 1, -1, 0]
[2, -1, 1, 1, -2, -1, -3, -3, 1, 0, -1, 1, -3, -1, -3, 6, 4, -3, 6, 1, -4, 1]
[-1, 1, 0, 0, 0, -1, 0, 0, 0, 0, 1, 0, 0, 1, 0, 0, -1, -1, 1, 1, 0, 0]
[2, -1, 1, 1, -2, -1, -2, -3, 1, 0, -1, 0, -2, 0, -3, 5, 3, -3, 6, 1, -3, 1]
[-1, 1, 0, 0, 0, -1, -1, 0, 0, 0, 1, 1, -1, 0, 0, 1, 0, -1, 1, 1, -1, 0]
[1, 0, 0, 0, -1, -1, -1, -1, 0, -1, 0, 0, -1, 0, -1, 3, 1, -1, 2, 1, -1, 0]
[0, 0, 1, 1, -1, -1, -2, -2, 1, 1, 0, 1, -2, 0, -2, 3, 2, -3, 5, 1, -3, 1]
[1, 0, 1, 0, -1, -1, -1, -1, 0, -1, 0, 0, -1, 0, -1, 2, 1, -1, 2, 1, -1, 0]
[0, 0, 0, 1, -1, -1, -2, -2, 1, 1, 0, 1, -2, 0, -2, 4, 2, -3, 5, 1, -3, 1]
[2, 0, 2, 1, -2, -1, -2, -2, 1, -1, 0, 1, -3, -1, -2, 4, 2, -3, 5, 1, -2, 0]
[-1, 0, -1, 0, 0, -1, -1, -1, 0, 1, 0, 0, 0, 1, -1, 2, 1, -1, 2, 1, -2, 1]
[1, 0, 1, 1, -1, -1, -3, -3, 1, 0, -1, 1, -2, 0, -3, 5, 3, -3, 6, 1, -3, 1]
[0, 0, 0, 0, -1, -1, 0, 0, 0, 0, 1, 0, -1, 0, 0, 1, 0, -1, 1, 1, -1, 0]
[1, -1, 0, 1, -1, -1, -2, -2, 0, 1, 0, 1, -2, 0, -2, 4, 3, -3, 5, 1, -3, 1]
[0, 1, 1, 0, -1, -1, -1, -1, 1, -1, 0, 0, -1, 0, -1, 2, 0, -1, 2, 1, -1, 0]
[1, 0, 1, 1, -1, -1, -2, -3, 0, 1, 0, 1, -2, 0, -2, 4, 2, -3, 5, 1, -3, 1]
[0, 0, 0, 0, -1, -1, -1, 0, 1, -1, 0, 0, -1, 0, -1, 2, 1, -1, 2, 1, -1, 0]
[2, -1, 2, 1, -2, -1, -3, -4, 1, 0, -1, 1, -4, -1, -3, 7, 4, -4, 7, 2, -4, 1]
[-1, 1, -1, 0, 0, -1, 0, 1, 0, 0, 1, 0, 1, 1, 0, -1, -1, 0, 0, 0, 0, 0]
[1, -1, 1, 1, -2, -1, -2, -2, 0, 1, 0, 1, -2, 0, -2, 4, 2, -3, 5, 1, -3, 1]
[0, 1, 0, 0, 0, -1, -1, -1, 1, -1, 0, 0, -1, 0, -1, 2, 1, -1, 2, 1, -1, 0]
[1, 0, 1, 0, -1, -1, -2, -2, 1, -1, 0, 1, -2, -1, -2, 4, 2, -2, 4, 1, -2, 0]
[0, 0, 0, 1, -1, -1, -1, -1, 0, 1, 0, 0, -1, 1, -1, 2, 1, -2, 3, 1, -2, 1]
[2, -1, 1, 1, -2, -1, -3, -3, 1, 0, -1, 1, -3, 0, -3, 6, 3, -4, 7, 2, -3, 1]
[-1, 1, 0, 0, 0, -1, 0, 0, 0, 0, 1, 0, 0, 0, 0, 0, 0, 0, 0, 0, -1, 0]
[2, -1, 2, 1, -2, -1, -3, -4, 1, 0, -1, 1, -3, 0, -3, 6, 3, -4, 7, 2, -3, 2]
[-1, 1, -1, 0, 0, -1, 0, 1, 0, 0, 1, 0, 0, 0, 0, 0, 0, 0, 0, 0, -1, -1]
[1, 0, 1, 0, -1, -1, -1, -1, 0, -1, 0, 0, -1, 0, -2, 3, 1, -1, 3, 1, -1, -1]
[0, 0, 0, 1, -1, -1, -2, -2, 1, 1, 0, 1, -2, 0, -1, 3, 2, -3, 4, 1, -3, 2]
[1, 0, 1, 0, -1, -1, -3, -3, 1, 0, -1, 1, -2, 0, -2, 4, 2, -3, 5, 2, -3, 1]
[0, 0, 0, 1, -1, -1, 0, 0, 0, 0, 1, 0, -1, 0, -1, 2, 1, -1, 2, 0, -1, 0]
[1, -1, 1, 2, -2, -1, -1, -2, 0, 1, 0, 0, -2, 0, -2, 4, 3, -3, 5, 0, -3, 1]
[0, 1, 0, -1, 0, -1, -2, -1, 1, -1, 0, 1, -1, 0, -1, 2, 0, -1, 2, 2, -1, 0]
[2, -1, 2, 1, -2, -1, -2, -3, 0, 0, -1, 0, -2, 0, -3, 5, 3, -3, 6, 1, -3, 0]
[-1, 1, -1, 0, 0, -1, -1, 0, 1, 0, 1, 1, -1, 0, 0, 1, 0, -1, 1, 1, -1, 1]
[1, 0, 1, 0, -1, -1, -2, -2, 1, -1, 0, 1, -2, 0, -2, 4, 1, -2, 4, 2, -1, 1]
[0, 0, 0, 1, -1, -1, -1, -1, 0, 1, 0, 0, -1, 0, -1, 2, 2, -2, 3, 0, -3, 0]
[2, -1, 2, 1, -2, -1, -3, -4, 1, 0, -1, 1, -3, -1, -3, 6, 4, -4, 7, 1, -4, 1]
[-1, 1, -1, 0, 0, -1, 0, 1, 0, 0, 1, 0, 0, 1, 0, 0, -1, 0, 0, 1, 0, 0]
[1, 0, 1, 1, -1, -1, -2, -3, 1, 0, -1, 0, -2, 0, -2, 4, 3, -3, 5, 1, -3, 1]
[0, 0, 0, 0, -1, -1, -1, 0, 0, 0, 1, 1, -1, 0, -1, 2, 0, -1, 2, 1, -1, 0]
[1, 0, 1, 0, -1, -1, -2, -2, 1, -1, 0, 1, -3, -1, -2, 5, 2, -2, 4, 2, -2, 0]
[0, 0, 0, 1, -1, -1, -1, -1, 0, 1, 0, 0, 0, 1, -1, 1, 1, -2, 3, 0, -2, 1]
[1, 0, 1, 2, -2, -1, -2, -2, 1, 0, -1, 0, -2, 0, -2, 4, 3, -3, 5, 0, -3, 1]
[0, 0, 0, -1, 0, -1, -1, -1, 0, 0, 1, 1, -1, 0, -1, 2, 0, -1, 2, 2, -1, 0]
[1, -1, 1, 1, -2, -1, -2, -2, 1, 0, -1, 0, -2, 0, -2, 4, 3, -3, 5, 1, -3, 1]
[0, 1, 0, 0, 0, -1, -1, -1, 0, 0, 1, 1, -1, 0, -1, 2, 0, -1, 2, 1, -1, 0]
[1, 0, 2, 1, -2, -1, -2, -3, 1, 0, -1, 0, -2, 0, -2, 4, 2, -3, 5, 1, -3, 1]
[0, 0, -1, 0, 0, -1, -1, 0, 0, 0, 1, 1, -1, 0, -1, 2, 1, -1, 2, 1, -1, 0]
[3, -1, 3, 2, -3, -1, -3, -4, 1, 0, -1, 1, -4, -1, -3, 6, 4, -5, 8, 1, -4, 1]
[-2, 1, -2, -1, 1, -1, 0, 1, 0, 0, 1, 0, 1, 1, 0, 0, -1, 1, -1, 1, 0, 0]
[2, -1, 1, 1, -2, -1, -2, -3, 0, 0, -1, 0, -2, 0, -2, 5, 3, -3, 5, 1, -3, 1]
[-1, 1, 0, 0, 0, -1, -1, 0, 1, 0, 1, 1, -1, 0, -1, 1, 0, -1, 2, 1, -1, 0]
[1, 0, 1, 1, -1, -1, -2, -2, 1, -1, 0, 1, -2, 0, -2, 4, 2, -3, 4, 1, -2, 1]
[0, 0, 0, 0, -1, -1, -1, -1, 0, 1, 0, 0, -1, 0, -1, 2, 1, -1, 3, 1, -2, 0]
[1, 0, 1, 0, -1, -1, -2, -2, 1, -1, 0, 1, -2, 0, -2, 4, 1, -3, 4, 2, -2, 0]
[0, 0, 0, 1, -1, -1, -1, -1, 0, 1, 0, 0, -1, 0, -1, 2, 2, -1, 3, 0, -2, 1]
[2, -1, 1, 1, -2, -1, -2, -3, 0, 1, 0, 1, -3, -1, -2, 5, 3, -3, 6, 1, -3, 1]
[-1, 1, 0, 0, 0, -1, -1, 0, 1, -1, 0, 0, 0, 1, -1, 1, 0, -1, 1, 1, -1, 0]
[2, 0, 2, 1, -2, -1, -2, -3, 0, 0, -1, 0, -2, -1, -2, 4, 3, -2, 5, 0, -3, 0]
[-1, 0, -1, 0, 0, -1, -1, 0, 1, 0, 1, 1, -1, 1, -1, 2, 0, -2, 2, 2, -1, 1]
[1, 0, 1, 0, -1, -1, -2, -2, 2, -1, 0, 1, -2, 0, -2, 3, 1, -3, 4, 2, -2, 1]
[0, 0, 0, 1, -1, -1, -1, -1, -1, 1, 0, 0, -1, 0, -1, 3, 2, -1, 3, 0, -2, 0]
[1, 0, 2, 1, -2, -1, -3, -3, 1, 0, -1, 1, -3, -1, -2, 5, 3, -3, 6, 1, -3, 1]
[0, 0, -1, 0, 0, -1, 0, 0, 0, 0, 1, 0, 0, 1, -1, 1, 0, -1, 1, 1, -1, 0]
[2, -1, 2, 1, -2, -1, -2, -2, 1, -1, 0, 1, -3, -1, -3, 5, 3, -3, 5, 1, -3, 0]
[-1, 1, -1, 0, 0, -1, -1, -1, 0, 1, 0, 0, 0, 1, 0, 1, 0, -1, 2, 1, -1, 1]
[1, 0, 1, 0, -1, -1, -2, -2, 1, -1, 0, 1, -2, 0, -2, 4, 1, -2, 3, 2, -2, 1]
[0, 0, 0, 1, -1, -1, -1, -1, 0, 1, 0, 0, -1, 0, -1, 2, 2, -2, 4, 0, -2, 0]
[3, -1, 2, 1, -2, -1, -3, -4, 2, -1, -1, 1, -4, -1, -4, 7, 4, -4, 7, 2, -4, 1]
[-2, 1, -1, 0, 0, -1, 0, 1, -1, 1, 1, 0, 1, 1, 1, -1, -1, 0, 0, 0, 0, 0]
[2, -1, 1, 1, -2, -1, -2, -2, 1, 0, 0, 1, -2, 0, -3, 4, 2, -3, 5, 1, -3, 1]
[-1, 1, 0, 0, 0, -1, -1, -1, 0, 0, 0, 0, -1, 0, 0, 2, 1, -1, 2, 1, -1, 0]
[1, 0, 2, 1, -2, -1, -1, -2, 0, 0, 0, 0, -2, -1, -1, 3, 2, -2, 4, 0, -2, 0]
[0, 0, -1, 0, 0, -1, -2, -1, 1, 0, 0, 1, -1, 1, -2, 3, 1, -2, 3, 2, -2, 1]
[1, 0, 1, 1, -1, -1, -3, -3, 2, 0, 0, 2, -3, 0, -3, 5, 2, -4, 6, 2, -3, 2]
[0, 0, 0, 0, -1, -1, 0, 0, -1, 0, 0, -1, 0, 0, 0, 1, 1, 0, 1, 0, -1, -1]
[1, 0, 1, 1, -1, -1, -2, -2, 1, 0, 0, 1, -2, 0, -3, 4, 2, -3, 5, 1, -3, 0]
[0, 0, 0, 0, -1, -1, -1, -1, 0, 0, 0, 0, -1, 0, 0, 2, 1, -1, 2, 1, -1, 1]
[1, -1, 0, 1, -1, -1, -2, -2, 1, 0, 0, 1, -2, 0, -3, 5, 3, -3, 5, 1, -3, 1]
[0, 1, 1, 0, -1, -1, -1, -1, 0, 0, 0, 0, -1, 0, 0, 1, 0, -1, 2, 1, -1, 0]
[1, 0, 1, 0, -1, -1, -2, -2, 0, 0, 0, 1, -2, -1, -1, 3, 2, -2, 4, 1, -2, 0]
[0, 0, 0, 1, -1, -1, -1, -1, 1, 0, 0, 0, -1, 1, -2, 3, 1, -2, 3, 1, -2, 1]
[2, -1, 2, 1, -2, -1, -3, -3, 2, -1, -1, 1, -3, 0, -4, 6, 3, -4, 7, 2, -3, 1]
[-1, 1, -1, 0, 0, -1, 0, 0, -1, 1, 1, 0, 0, 0, 1, 0, 0, 0, 0, 0, -1, 0]
[1, 0, 1, 0, -1, -1, -1, -2, -1, 0, 0, 0, -1, 0, -1, 3, 1, -1, 3, 1, -1, 0]
[0, 0, 0, 1, -1, -1, -2, -1, 2, 0, 0, 1, -2, 0, -2, 3, 2, -3, 4, 1, -3, 1]
[1, 0, 1, 0, -1, -1, -3, -3, 2, -1, -1, 1, -2, 0, -3, 5, 2, -3, 5, 2, -3, 1]
[0, 0, 0, 1, -1, -1, 0, 0, -1, 1, 1, 0, -1, 0, 0, 1, 1, -1, 2, 0, -1, 0]
[2, -1, 1, 2, -2, -1, -2, -2, 1, 0, 0, 1, -3, 0, -3, 5, 3, -4, 6, 1, -3, 1]
[-1, 1, 0, -1, 0, -1, -1, -1, 0, 0, 0, 0, 0, 0, 0, 1, 0, 0, 1, 1, -1, 0]
[2, -1, 2, 1, -2, -1, -2, -3, 1, 0, 0, 1, -3, 0, -3, 5, 2, -4, 6, 2, -3, 1]
[-1, 1, -1, 0, 0, -1, -1, 0, 0, 0, 0, 0, 0, 0, 0, 1, 1, 0, 1, 0, -1, 0]
[3, -1, 2, 1, -2, -1, -3, -4, 1, -1, -1, 1, -3, 0, -4, 7, 3, -4, 7, 2, -3, 1]
[-2, 1, -1, 0, 0, -1, 0, 1, 0, 1, 1, 0, 0, 0, 1, -1, 0, 0, 0, 0, -1, 0]
[1, 0, 1, 1, -1, -1, -2, -2, 1, 0, 0, 1, -2, 0, -2, 3, 2, -3, 4, 1, -3, 1]
[0, 0, 0, 0, -1, -1, -1, -1, 0, 0, 0, 0, -1, 0, -1, 3, 1, -1, 3, 1, -1, 0]
[1, 0, 0, 1, -1, -1, -2, -2, 1, 0, 0, 1, -2, 0, -2, 4, 2, -3, 4, 1, -3, 1]
[0, 0, 1, 0, -1, -1, -1, -1, 0, 0, 0, 0, -1, 0, -1, 2, 1, -1, 3, 1, -1, 0]
[1, -1, 0, 0, -1, -1, -2, -2, 1, 0, 0, 1, -2, 0, -2, 4, 2, -3, 4, 2, -3, 1]
[0, 1, 1, 1, -1, -1, -1, -1, 0, 0, 0, 0, -1, 0, -1, 2, 1, -1, 3, 0, -1, 0]
[3, -1, 2, 1, -2, -1, -4, -4, 2, -1, -1, 2, -4, -1, -4, 7, 4, -5, 8, 2, -4, 1]
[-2, 1, -1, 0, 0, -1, 1, 1, -1, 1, 1, -1, 1, 1, 1, -1, -1, 1, -1, 0, 0, 0]
[2, 0, 2, 1, -2, -1, -3, -3, 2, -1, -1, 1, -3, 0, -3, 5, 2, -4, 6, 2, -3, 1]
[-1, 0, -1, 0, 0, -1, 0, 0, -1, 1, 1, 0, 0, 0, 0, 1, 1, 0, 1, 0, -1, 0]
[2, -1, 1, 1, -2, -1, -3, -3, 2, -1, -1, 1, -3, 0, -3, 6, 3, -4, 6, 2, -3, 2]
[-1, 1, 0, 0, 0, -1, 0, 0, -1, 1, 1, 0, 0, 0, 0, 0, 0, 0, 1, 0, -1, -1]
[2, -1, 1, 1, -2, -1, -2, -2, 1, -1, -1, 0, -2, 0, -3, 5, 3, -3, 5, 1, -3, 0]
[-1, 1, 0, 0, 0, -1, -1, -1, 0, 1, 1, 1, -1, 0, 0, 1, 0, -1, 2, 1, -1, 1]
[3, -1, 3, 2, -3, -1, -3, -4, 2, -1, -1, 1, -4, -1, -4, 7, 4, -5, 8, 1, -4, 1]
[-2, 1, -2, -1, 1, -1, 0, 1, -1, 1, 1, 0, 1, 1, 1, -1, -1, 1, -1, 1, 0, 0]
[2, -1, 2, 1, -2, -1, -2, -3, 1, -1, -1, 0, -2, 0, -3, 5, 3, -3, 5, 1, -3, 1]
[-1, 1, -1, 0, 0, -1, -1, 0, 0, 1, 1, 1, -1, 0, 0, 1, 0, -1, 2, 1, -1, 0]
[1, 0, 0, 0, -1, -1, -1, -1, 0, 0, 0, 0, -1, 0, -1, 2, 1, -1, 3, 1, -1, 0]
[0, 0, 1, 1, -1, -1, -2, -2, 1, 0, 0, 1, -2, 0, -2, 4, 2, -3, 4, 1, -3, 1]
[1, 0, 1, 1, -2, -1, -1, -1, 0, 0, 0, 0, -2, -1, -1, 3, 2, -1, 3, 0, -2, 0]
[0, 0, 0, 0, 0, -1, -2, -2, 1, 0, 0, 1, -1, 1, -2, 3, 1, -3, 4, 2, -2, 1]
[1, 0, 1, 1, -1, -1, -3, -3, 2, -1, -1, 1, -3, 0, -3, 6, 3, -4, 6, 2, -3, 1]
[0, 0, 0, 0, -1, -1, 0, 0, -1, 1, 1, 0, 0, 0, 0, 0, 0, 0, 1, 0, -1, 0]
[1, 0, 1, 0, -1, -1, -1, -2, 0, 0, 0, 0, -2, -1, -1, 3, 2, -1, 3, 1, -2, 0]
[0, 0, 0, 1, -1, -1, -2, -1, 1, 0, 0, 1, -1, 1, -2, 3, 1, -3, 4, 1, -2, 1]
[2, -1, 2, 1, -2, -1, -3, -3, 1, -1, -1, 1, -3, 0, -3, 6, 3, -4, 6, 2, -3, 1]
[-1, 1, -1, 0, 0, -1, 0, 0, 0, 1, 1, 0, 0, 0, 0, 0, 0, 0, 1, 0, -1, 0]
[1, 0, 1, 0, -1, -1, -2, -2, 0, 0, 0, 1, -2, -1, -2, 4, 2, -1, 4, 1, -2, 0]
[0, 0, 0, 1, -1, -1, -1, -1, 1, 0, 0, 0, -1, 1, -1, 2, 1, -3, 3, 1, -2, 1]
[1, 0, 2, 1, -2, -1, -2, -2, 1, -1, -1, 0, -2, 0, -2, 4, 2, -3, 5, 1, -2, 0]
[0, 0, -1, 0, 0, -1, -1, -1, 0, 1, 1, 1, -1, 0, -1, 2, 1, -1, 2, 1, -2, 1]
[1, 0, 1, 0, -1, -1, -2, -2, 1, 0, 0, 1, -2, 0, -2, 3, 1, -2, 4, 2, -2, 1]
[0, 0, 0, 1, -1, -1, -1, -1, 0, 0, 0, 0, -1, 0, -1, 3, 2, -2, 3, 0, -2, 0]
[1, 0, 0, 0, -1, -1, -2, -2, 1, 0, 0, 1, -2, 0, -2, 4, 1, -2, 4, 2, -2, 1]
[0, 0, 1, 1, -1, -1, -1, -1, 0, 0, 0, 0, -1, 0, -1, 2, 2, -2, 3, 0, -2, 0]
[1, 0, 1, 0, -1, -1, -3, -3, 1, -1, -1, 1, -2, 0, -2, 5, 2, -3, 5, 2, -2, 1]
[0, 0, 0, 1, -1, -1, 0, 0, 0, 1, 1, 0, -1, 0, -1, 1, 1, -1, 2, 0, -2, 0]
[2, -1, 1, 1, -2, -1, -2, -2, 1, 0, 0, 1, -3, -1, -3, 5, 3, -3, 6, 1, -3, 0]
[-1, 1, 0, 0, 0, -1, -1, -1, 0, 0, 0, 0, 0, 1, 0, 1, 0, -1, 1, 1, -1, 1]
[1, 0, 0, 1, -1, -1, -1, -1, 0, 0, 0, 0, -1, 0, -2, 3, 2, -1, 3, 0, -2, 0]
[0, 0, 1, 0, -1, -1, -2, -2, 1, 0, 0, 1, -2, 0, -1, 3, 1, -3, 4, 2, -2, 1]
[1, -1, 0, 0, -1, -1, -1, -1, 0, 0, 0, 0, -1, 0, -2, 3, 2, -1, 3, 1, -2, 0]
[0, 1, 1, 1, -1, -1, -2, -2, 1, 0, 0, 1, -2, 0, -1, 3, 1, -3, 4, 1, -2, 1]
[2, -1, 2, 1, -2, -1, -2, -3, 1, 0, 0, 1, -3, -1, -3, 5, 3, -3, 6, 1, -3, 1]
[-1, 1, -1, 0, 0, -1, -1, 0, 0, 0, 0, 0, 0, 1, 0, 1, 0, -1, 1, 1, -1, 0]
[1, 0, 1, 0, -1, -1, -1, -2, 0, 0, 0, 0, -1, 0, -2, 3, 1, -1, 3, 1, -2, 0]
[0, 0, 0, 1, -1, -1, -2, -1, 1, 0, 0, 1, -2, 0, -1, 3, 2, -3, 4, 1, -2, 1]
[1, 0, 1, 0, -1, -1, -2, -2, 1, 0, 0, 1, -2, -1, -2, 3, 2, -2, 4, 1, -3, 0]
[0, 0, 0, 1, -1, -1, -1, -1, 0, 0, 0, 0, -1, 1, -1, 3, 1, -2, 3, 1, -1, 1]
[1, 0, 1, 1, -1, -1, -2, -2, 0, 0, 0, 1, -2, 0, -2, 4, 2, -3, 5, 1, -2, 0]
[0, 0, 0, 0, -1, -1, -1, -1, 1, 0, 0, 0, -1, 0, -1, 2, 1, -1, 2, 1, -2, 1]
[2, 0, 2, 1, -2, -1, -3, -3, 2, -1, -1, 1, -3, -1, -3, 5, 3, -3, 6, 1, -3, 1]
[-1, 0, -1, 0, 0, -1, 0, 0, -1, 1, 1, 0, 0, 1, 0, 1, 0, -1, 1, 1, -1, 0]
[3, -1, 2, 1, -2, -1, -2, -3, 0, 0, 0, 1, -3, -1, -3, 5, 3, -3, 6, 1, -3, 0]
[-2, 1, -1, 0, 0, -1, -1, 0, 1, 0, 0, 0, 0, 1, 0, 1, 0, -1, 1, 1, -1, 1]
[2, -1, 1, 1, -2, -1, -1, -2, 0, 0, 0, 0, -2, 0, -2, 4, 2, -2, 4, 1, -2, 1]
[-1, 1, 0, 0, 0, -1, -2, -1, 1, 0, 0, 1, -1, 0, -1, 2, 1, -2, 3, 1, -2, 0]
[2, -1, 1, 1, -2, -1, -2, -2, 1, 0, 0, 1, -3, -1, -2, 4, 3, -3, 5, 1, -3, 1]
[-1, 1, 0, 0, 0, -1, -1, -1, 0, 0, 0, 0, 0, 1, -1, 2, 0, -1, 2, 1, -1, 0]
[1, 0, 0, 0, -1, -1, -1, -1, 0, 0, 0, 0, -1, 0, -1, 2, 1, -1, 2, 1, -2, 0]
[0, 0, 1, 1, -1, -1, -2, -2, 1, 0, 0, 1, -2, 0, -2, 4, 2, -3, 5, 1, -2, 1]
[2, 0, 2, 1, -2, -1, -2, -3, 1, 0, 0, 1, -3, -1, -2, 4, 2, -3, 5, 1, -3, 1]
[-1, 0, -1, 0, 0, -1, -1, 0, 0, 0, 0, 0, 0, 1, -1, 2, 1, -1, 2, 1, -1, 0]
[3, -1, 2, 0, -2, -1, -3, -4, 1, -1, -1, 1, -3, -1, -3, 6, 3, -3, 6, 2, -3, 1]
[-2, 1, -1, 1, 0, -1, 0, 1, 0, 1, 1, 0, 0, 1, 0, 0, 0, -1, 1, 0, -1, 0]
[2, -1, 1, 1, -2, -1, -1, -2, 0, 0, 0, 0, -2, -1, -2, 4, 3, -2, 4, 0, -3, 0]
[-1, 1, 0, 0, 0, -1, -2, -1, 1, 0, 0, 1, -1, 1, -1, 2, 0, -2, 3, 2, -1, 1]
[3, -1, 3, 1, -3, -1, -2, -3, 1, -1, -1, 0, -3, -1, -3, 5, 3, -3, 6, 1, -3, 0]
[-2, 1, -2, 0, 1, -1, -1, 0, 0, 1, 1, 1, 0, 1, 0, 1, 0, -1, 1, 1, -1, 1]
[2, 0, 2, 1, -2, -1, -2, -3, 1, -1, -1, 0, -2, 0, -2, 4, 2, -3, 5, 1, -2, 1]
[-1, 0, -1, 0, 0, -1, -1, 0, 0, 1, 1, 1, -1, 0, -1, 2, 1, -1, 2, 1, -2, 0]
[1, 0, 1, 1, -2, -1, -1, -1, 0, 0, 0, 0, -1, 0, -1, 2, 1, -2, 3, 0, -2, 0]
[0, 0, 0, 0, 0, -1, -2, -2, 1, 0, 0, 1, -2, 0, -2, 4, 2, -2, 4, 2, -2, 1]
[2, 0, 2, 1, -2, -1, -2, -3, 1, -1, -1, 0, -3, -1, -2, 5, 3, -3, 5, 1, -3, 0]
[-1, 0, -1, 0, 0, -1, -1, 0, 0, 1, 1, 1, 0, 1, -1, 1, 0, -1, 2, 1, -1, 1]
[1, 0, 1, 0, -1, -1, -1, -2, 0, 0, 0, 0, -1, 0, -1, 2, 1, -2, 3, 1, -2, 0]
[0, 0, 0, 1, -1, -1, -2, -1, 1, 0, 0, 1, -2, 0, -2, 4, 2, -2, 4, 1, -2, 1]
[1, 0, 0, 1, -1, -1, -1, -1, 0, 0, 0, 0, -1, 0, -1, 2, 2, -2, 3, 0, -2, 0]
[0, 0, 1, 0, -1, -1, -2, -2, 1, 0, 0, 1, -2, 0, -2, 4, 1, -2, 4, 2, -2, 1]
[3, -1, 3, 2, -3, -1, -2, -3, 0, -1, -1, 0, -3, -1, -3, 6, 4, -3, 6, 0, -3, 0]
[-2, 1, -2, -1, 1, -1, -1, 0, 1, 1, 1, 1, 0, 1, 0, 0, -1, -1, 1, 2, -1, 1]
[2, -1, 1, 1, -2, -1, -1, -2, 0, 0, 0, 0, -2, 0, -2, 4, 2, -3, 5, 1, -2, 0]
[-1, 1, 0, 0, 0, -1, -2, -1, 1, 0, 0, 1, -1, 0, -1, 2, 1, -1, 2, 1, -2, 1]
[2, 0, 2, 1, -2, -1, -3, -3, 1, -1, -1, 1, -3, -1, -2, 5, 3, -3, 5, 1, -3, 1]
[-1, 0, -1, 0, 0, -1, 0, 0, 0, 1, 1, 0, 0, 1, -1, 1, 0, -1, 2, 1, -1, 0]
[1, 0, 0, 0, -1, -1, -2, -2, 1, 0, 0, 1, -2, 0, -1, 3, 1, -3, 4, 2, -2, 1]
[0, 0, 1, 1, -1, -1, -1, -1, 0, 0, 0, 0, -1, 0, -2, 3, 2, -1, 3, 0, -2, 0]
[3, -1, 3, 1, -3, -1, -3, -4, 1, -1, -1, 1, -4, -1, -3, 7, 3, -4, 7, 2, -3, 1]
[-2, 1, -2, 0, 1, -1, 0, 1, 0, 1, 1, 0, 1, 1, 0, -1, 0, 0, 0, 0, -1, 0]
[2, -1, 1, 1, -2, -1, -2, -2, 0, 0, 0, 1, -2, 0, -2, 4, 2, -3, 5, 1, -2, 1]
[-1, 1, 0, 0, 0, -1, -1, -1, 1, 0, 0, 0, -1, 0, -1, 2, 1, -1, 2, 1, -2, 0]
[3, -1, 2, 1, -2, -1, -3, -4, 1, -1, -1, 1, -4, -1, -3, 7, 4, -4, 7, 2, -3, 1]
[-2, 1, -1, 0, 0, -1, 0, 1, 0, 1, 1, 0, 1, 1, 0, -1, -1, 0, 0, 0, -1, 0]
[2, -1, 2, 1, -2, -1, -2, -3, 0, 0, 0, 1, -3, -1, -2, 5, 3, -3, 5, 1, -3, 1]
[-1, 1, -1, 0, 0, -1, -1, 0, 1, 0, 0, 0, 0, 1, -1, 1, 0, -1, 2, 1, -1, 0]
[2, -1, 1, 1, -2, -1, -2, -2, 0, 0, 0, 1, -3, -1, -2, 5, 3, -3, 5, 1, -3, 0]
[-1, 1, 0, 0, 0, -1, -1, -1, 1, 0, 0, 0, 0, 1, -1, 1, 0, -1, 2, 1, -1, 1]
[1, 0, 1, 0, -1, -1, -2, -2, 1, -1, -1, 0, -1, 0, -2, 3, 2, -2, 4, 1, -2, 0]
[0, 0, 0, 1, -1, -1, -1, -1, 0, 1, 1, 1, -2, 0, -1, 3, 1, -2, 3, 1, -2, 1]
[2, -1, 2, 1, -2, -1, -3, -3, 1, 0, 0, 2, -4, -1, -3, 6, 3, -4, 7, 2, -3, 1]
[-1, 1, -1, 0, 0, -1, 0, 0, 0, 0, 0, -1, 1, 1, 0, 0, 0, 0, 0, 0, -1, 0]
[1, 0, 1, 0, -1, -1, -2, -2, 0, 0, 0, 1, -2, 0, -2, 4, 1, -2, 4, 2, -2, 0]
[0, 0, 0, 1, -1, -1, -1, -1, 1, 0, 0, 0, -1, 0, -1, 2, 2, -2, 3, 0, -2, 1]
[1, 0, 2, 1, -2, -1, -2, -2, 1, -1, -1, 0, -2, -1, -2, 4, 3, -2, 4, 0, -3, 0]
[0, 0, -1, 0, 0, -1, -1, -1, 0, 1, 1, 1, -1, 1, -1, 2, 0, -2, 3, 2, -1, 1]
[1, 0, 1, 1, -1, -1, -2, -2, 0, 0, 0, 1, -2, 0, -2, 4, 2, -2, 4, 1, -2, 1]
[0, 0, 0, 0, -1, -1, -1, -1, 1, 0, 0, 0, -1, 0, -1, 2, 1, -2, 3, 1, -2, 0]
[1, -1, 0, 0, -1, -1, -2, -2, 0, 0, 0, 1, -2, 0, -2, 5, 2, -2, 4, 2, -2, 1]
[0, 1, 1, 1, -1, -1, -1, -1, 1, 0, 0, 0, -1, 0, -1, 1, 1, -2, 3, 0, -2, 0]
[1, 0, 1, 0, -1, -1, -3, -3, 1, 0, 0, 2, -3, -1, -2, 5, 2, -3, 5, 2, -3, 1]
[0, 0, 0, 1, -1, -1, 0, 0, 0, 0, 0, -1, 0, 1, -1, 1, 1, -1, 2, 0, -1, 0]
[1, -1, 1, 1, -2, -1, -1, -1, 0, 0, 0, 0, -1, 0, -2, 3, 2, -2, 4, 0, -2, 0]
[0, 1, 0, 0, 0, -1, -2, -2, 1, 0, 0, 1, -2, 0, -1, 3, 1, -2, 3, 2, -2, 1]
[2, -1, 2, 1, -2, -1, -2, -3, 1, -1, -1, 0, -3, -1, -3, 6, 4, -3, 6, 1, -3, 0]
[-1, 1, -1, 0, 0, -1, -1, 0, 0, 1, 1, 1, 0, 1, 0, 0, -1, -1, 1, 1, -1, 1]
[1, 0, 1, 1, -1, -1, -1, -2, 0, 0, 0, 0, -1, 0, -2, 3, 2, -2, 4, 0, -2, 0]
[0, 0, 0, 0, -1, -1, -2, -1, 1, 0, 0, 1, -2, 0, -1, 3, 1, -2, 3, 2, -2, 1]
[2, -1, 2, 1, -2, -1, -2, -3, 0, 0, 0, 1, -3, -1, -3, 6, 3, -3, 6, 1, -3, 0]
[-1, 1, -1, 0, 0, -1, -1, 0, 1, 0, 0, 0, 0, 1, 0, 0, 0, -1, 1, 1, -1, 1]
[1, 0, 1, 1, -1, -1, -1, -2, 0, 0, 0, 0, -2, 0, -2, 4, 2, -2, 4, 1, -2, 0]
[0, 0, 0, 0, -1, -1, -2, -1, 1, 0, 0, 1, -1, 0, -1, 2, 1, -2, 3, 1, -2, 1]
[1, 0, 1, 0, -1, -1, -3, -3, 2, -1, -1, 1, -3, -1, -2, 5, 3, -3, 5, 2, -3, 1]
[0, 0, 0, 1, -1, -1, 0, 0, -1, 1, 1, 0, 0, 1, -1, 1, 0, -1, 2, 0, -1, 0]
[1, -1, 1, 1, -2, -1, -1, -1, 0, 0, 0, 0, -2, 0, -2, 4, 2, -2, 4, 1, -2, 0]
[0, 1, 0, 0, 0, -1, -2, -2, 1, 0, 0, 1, -1, 0, -1, 2, 1, -2, 3, 1, -2, 1]
[1, 0, 2, 1, -2, -1, -2, -2, 1, -1, -1, 0, -2, 0, -2, 4, 2, -2, 4, 1, -2, 1]
[0, 0, -1, 0, 0, -1, -1, -1, 0, 1, 1, 1, -1, 0, -1, 2, 1, -2, 3, 1, -2, 0]
[1, 0, 1, 1, -1, -1, -2, -2, 0, 0, 0, 1, -2, -1, -2, 4, 3, -2, 4, 0, -3, 0]
[0, 0, 0, 0, -1, -1, -1, -1, 1, 0, 0, 0, -1, 1, -1, 2, 0, -2, 3, 2, -1, 1]
[1, 0, 1, 1, -1, -1, -2, -2, 1, 0, 0, 1, -3, -1, -2, 4, 3, -3, 5, 1, -3, 0]
[0, 0, 0, 0, -1, -1, -1, -1, 0, 0, 0, 0, 0, 1, -1, 2, 0, -1, 2, 1, -1, 1]
[1, 0, 2, 1, -2, -1, -2, -2, 1, 0, 0, 1, -2, 0, -2, 3, 1, -3, 5, 1, -2, 1]
[0, 0, -1, 0, 0, -1, -1, -1, 0, 0, 0, 0, -1, 0, -1, 3, 2, -1, 2, 1, -2, 0]
[1, 0, 1, 1, -1, -1, -2, -3, 1, 0, 0, 1, -3, -1, -2, 5, 3, -3, 5, 1, -3, 1]
[0, 0, 0, 0, -1, -1, -1, 0, 0, 0, 0, 0, 0, 1, -1, 1, 0, -1, 2, 1, -1, 0]
[2, 0, 2, 0, -1, -1, -3, -4, 1, -1, -1, 1, -3, -1, -3, 6, 3, -3, 6, 2, -3, 0]
[-1, 0, -1, 1, -1, -1, 0, 1, 0, 1, 1, 0, 0, 1, 0, 0, 0, -1, 1, 0, -1, 1]
[1, 0, 1, 0, -1, -1, -2, -3, 1, -1, -1, 0, -2, 0, -2, 5, 2, -2, 4, 2, -2, 1]
[0, 0, 0, 1, -1, -1, -1, 0, 0, 1, 1, 1, -1, 0, -1, 1, 1, -2, 3, 0, -2, 0]
[2, 0, 3, 1, -2, -1, -3, -4, 2, -1, -1, 1, -4, -1, -3, 6, 3, -4, 7, 2, -3, 1]
[-1, 0, -2, 0, 0, -1, 0, 1, -1, 1, 1, 0, 1, 1, 0, 0, 0, 0, 0, 0, -1, 0]
[2, 0, 3, 1, -2, -1, -3, -4, 1, -1, -1, 1, -3, -1, -3, 6, 3, -3, 6, 1, -3, 1]
[-1, 0, -2, 0, 0, -1, 0, 1, 0, 1, 1, 0, 0, 1, 0, 0, 0, -1, 1, 1, -1, 0]
[1, 0, 1, 0, -1, -1, -2, -3, 1, 0, 0, 1, -2, 0, -2, 4, 1, -3, 5, 2, -2, 1]
[0, 0, 0, 1, -1, -1, -1, 0, 0, 0, 0, 0, -1, 0, -1, 2, 2, -1, 2, 0, -2, 0]
[1, 0, 1, 0, -1, -1, -2, -2, 1, -1, -1, 0, -2, 0, -2, 4, 2, -2, 4, 2, -2, 0]
[0, 0, 0, 1, -1, -1, -1, -1, 0, 1, 1, 1, -1, 0, -1, 2, 1, -2, 3, 0, -2, 1]
[1, 0, 1, 0, -1, -1, -2, -2, 0, 0, 0, 1, -1, 0, -2, 3, 1, -2, 4, 1, -2, 0]
[0, 0, 0, 1, -1, -1, -1, -1, 1, 0, 0, 0, -2, 0, -1, 3, 2, -2, 3, 1, -2, 1]
[1, 0, 2, 1, -2, -1, -2, -2, 1, 0, 0, 1, -3, -1, -2, 4, 2, -3, 5, 1, -3, 0]
[0, 0, -1, 0, 0, -1, -1, -1, 0, 0, 0, 0, 0, 1, -1, 2, 1, -1, 2, 1, -1, 1]
[1, 0, 1, 0, -1, -1, -2, -2, 0, -1, -1, 0, -1, 0, -2, 4, 2, -1, 3, 1, -2, 0]
[0, 0, 0, 1, -1, -1, -1, -1, 1, 1, 1, 1, -2, 0, -1, 2, 1, -3, 4, 1, -2, 1]
[2, -1, 2, 1, -2, -1, -3, -3, 1, -1, -1, 1, -3, -1, -3, 6, 4, -3, 6, 1, -3, 1]
[-1, 1, -1, 0, 0, -1, 0, 0, 0, 1, 1, 0, 0, 1, 0, 0, -1, -1, 1, 1, -1, 0]
[1, 0, 1, 0, -1, -1, -2, -2, 1, 0, 0, 1, -2, 0, -2, 3, 1, -3, 5, 2, -2, 0]
[0, 0, 0, 1, -1, -1, -1, -1, 0, 0, 0, 0, -1, 0, -1, 3, 2, -1, 2, 0, -2, 1]
[1, 0, 2, 2, -2, -1, -2, -2, 1, 0, 0, 1, -3, -1, -2, 4, 3, -3, 5, 0, -3, 1]
[0, 0, -1, -1, 0, -1, -1, -1, 0, 0, 0, 0, 0, 1, -1, 2, 0, -1, 2, 2, -1, 0]
[1, -1, 1, 1, -2, -1, -2, -2, 1, 0, 0, 1, -3, -1, -2, 5, 3, -3, 5, 1, -3, 1]
[0, 1, 0, 0, 0, -1, -1, -1, 0, 0, 0, 0, 0, 1, -1, 1, 0, -1, 2, 1, -1, 0]
[1, -1, 0, 0, -1, -1, -2, -2, 1, 0, 0, 1, -2, 0, -2, 4, 2, -3, 5, 2, -2, 1]
[0, 1, 1, 1, -1, -1, -1, -1, 0, 0, 0, 0, -1, 0, -1, 2, 1, -1, 2, 0, -2, 0]
[2, -1, 2, 0, -2, -1, -3, -3, 1, -1, -1, 1, -3, -1, -3, 6, 3, -3, 6, 2, -3, 0]
[-1, 1, -1, 1, 0, -1, 0, 0, 0, 1, 1, 0, 0, 1, 0, 0, 0, -1, 1, 0, -1, 1]
[1, 0, 0, 1, -1, -1, -2, -2, 1, 0, 0, 1, -2, 0, -2, 4, 2, -3, 5, 1, -2, 1]
[0, 0, 1, 0, -1, -1, -1, -1, 0, 0, 0, 0, -1, 0, -1, 2, 1, -1, 2, 1, -2, 0]
[1, 0, 1, 1, -1, -1, -2, -2, 1, 0, 0, 1, -2, 0, -2, 3, 2, -3, 5, 1, -2, 1]
[0, 0, 0, 0, -1, -1, -1, -1, 0, 0, 0, 0, -1, 0, -1, 3, 1, -1, 2, 1, -2, 0]
[2, 0, 2, 1, -2, -1, -3, -3, 1, -1, -1, 1, -3, -1, -3, 6, 3, -3, 6, 1, -3, 0]
[-1, 0, -1, 0, 0, -1, 0, 0, 0, 1, 1, 0, 0, 1, 0, 0, 0, -1, 1, 1, -1, 1]
[2, 0, 3, 1, -2, -1, -3, -3, 1, -1, -1, 1, -3, -1, -3, 5, 3, -3, 6, 1, -3, 0]
[-1, 0, -2, 0, 0, -1, 0, 0, 0, 1, 1, 0, 0, 1, 0, 1, 0, -1, 1, 1, -1, 1]

################
# DISCRIMINANT #
################

The discriminant has 7 components of degree 1, and 1 component of degree 2:
2*Z[0] + Z[1]
2*Z[0] + Z[1] + 2*Z[2]
2*Z[0] + Z[1] - 2*Z[2]
2*Z[0] + Z[2]
2*Z[0] - Z[1]
2*Z[0] - Z[2]
2*Z[0]^2 + Z[0]*Z[1] - Z[2]^2
Z[0]

#############
# MONODROMY #
#############

Generators of the monodromy group on the second homology group:
[[-1, 0, 0, 0, 0, 0, 2, -1, 1, -1, 0, 2, -1, 3, 2, 0, 1, 2, 1, 0, -1, -1], [0, -1, 0, 1, 0, 0, -2, 0, 0, 1, 1, -2, 1, -2, -1, 0, 0, -1, -1, 1, 1, 0], [0, 0, -1, 0, 0, 0, 2, -1, 1, -1, 0, 2, -1, 3, 2, 0, 1, 2, 1, 0, -1, -1], [0, 0, 0, -1, 0, 0, 1, 0, 0, -1, 0, 1, 0, 1, 1, 0, 0, 1, 1, 0, -1, 0], [0, 0, 0, 0, -1, 0, -2, 0, 0, 2, 0, -2, 0, -2, -2, 0, 0, -2, -2, 0, 2, 0], [0, 0, 0, 0, 0, 1, 0, 0, 0, 0, 0, 0, 0, 0, 0, 0, 0, 0, 0, 0, 0, 0], [1, 0, 1, -1, 1, 1, -1, 2, 0, 1, -1, 0, 1, -1, 0, 1, -1, -1, 0, -1, 0, 1], [1, 0, 1, -1, 0, 1, -2, 1, 0, 2, 0, -1, 2, -2, -1, 1, -1, -2, -1, -1, 1, 1], [-1, 0, -1, 0, -1, 0, 1, -2, -1, -1, 0, 1, -2, 2, 0, -1, 1, 1, 0, 0, 0, -1], [1, 0, 1, 0, 1, -1, -1, 2, 0, 0, 0, -1, 2, -2, 0, 1, -1, -1, 0, 0, 0, 1], [0, 0, 0, 0, -1, 0, -2, 0, 0, 1, 0, -1, 1, -1, -1, 0, 0, -1, -1, 0, 1, 0], [-1, 0, -1, 0, -1, 0, 0, -1, -1, -1, 0, -1, -1, 0, -1, -1, 0, 0, 0, 0, 0, 0], [1, 0, 1, -1, 0, 1, -2, 2, 0, 2, 0, -1, 1, -2, -1, 1, -1, -2, -1, -1, 1, 1], [0, 0, 0, -1, -1, 0, 0, 0, 0, 0, 0, 1, 0, 0, 0, 0, 0, 0, 0, -1, 0, 0], [1, 0, 1, -1, 0, 1, -1, 1, 1, 2, 0, 0, 1, 0, -1, 1, 0, -1, -1, -1, 1, 0], [-1, 0, -1, 3, 2, -2, 3, -1, -1, -4, 0, 0, -1, 0, 2, -2, 0, 3, 3, 3, -3, 0], [0, 0, 0, 2, 2, -2, 1, 0, 0, -1, 0, -1, 0, -1, 1, 0, -1, 1, 1, 2, -1, 0], [1, 0, 1, 0, 0, 2, -3, 1, 1, 3, 1, -2, 2, -2, -1, 1, 0, -3, -2, 0, 2, 0], [-1, 0, -1, 2, 1, -3, 3, -1, -1, -4, 0, 1, -1, 1, 2, -1, 0, 3, 2, 2, -3, 0], [-1, 0, -1, 1, 0, 0, 1, -1, -1, -2, 0, 0, -1, 0, 0, -1, 0, 1, 1, 0, -1, 0], [0, 0, 0, -1, -1, 2, -2, 0, 0, 2, 0, -1, 0, -1, -2, 0, 0, -2, -2, -1, 1, 0], [-1, 0, -1, 0, -1, 0, 0, -1, -1, -1, 0, 0, -1, 0, -1, -1, 0, 0, 0, 0, 0, -1]]
[[1, -2, 0, 0, 1, 0, 1, 0, 1, -1, 1, 1, 1, 1, 2, 0, 1, 1, 1, 1, -1, 0], [0, 1, 0, 0, 0, 0, 0, 0, 0, 0, 0, 0, 0, 0, 0, 0, 0, 0, 0, 0, 0, 0], [0, -3, 1, 0, 2, 0, 2, 0, 1, -2, 1, 2, 1, 2, 3, 0, 1, 2, 2, 1, -2, 0], [0, -1, 0, 1, 1, 0, 1, 0, 0, -1, 0, 1, 0, 1, 1, 0, 0, 1, 1, 0, -1, 0], [0, 2, 0, 0, -1, 0, -2, 0, 0, 2, 0, -2, 0, -2, -2, 0, 0, -2, -2, 0, 2, 0], [0, 0, 0, 0, 0, 1, 0, 0, 0, 0, 0, 0, 0, 0, 0, 0, 0, 0, 0, 0, 0, 0], [0, 2, 0, 0, -2, 0, -1, 0, 0, 2, 0, -1, 0, -1, -2, 0, 1, -1, -2, 0, 2, 0], [0, 3, 0, 1, -3, 0, -4, 0, 0, 4, 1, -3, 1, -3, -4, 0, 1, -3, -4, 1, 4, -1], [0, -1, 0, 0, 2, 0, 2, 0, 0, -2, -1, 2, -1, 2, 1, 0, -1, 2, 2, -1, -2, 0], [0, 1, 0, 0, -1, 0, -1, 0, 0, 2, 0, -1, 0, -1, -1, 0, 0, -1, -1, 0, 1, 0], [0, 1, 0, 0, -1, 0, -1, 0, 0, 1, 1, -1, 0, -1, -1, 0, 0, -1, -1, 0, 1, 0], [0, -1, 0, -1, 2, 0, 3, 1, -1, -3, -2, 3, -2, 2, 2, 0, -2, 2, 3, -2, -3, 1], [0, 3, 0, 0, -3, 0, -3, 0, 0, 3, 0, -2, 1, -2, -3, 0, 1, -2, -3, 0, 3, 0], [0, 1, 0, 0, -1, 0, -1, 0, 0, 1, 0, -1, 0, 0, -1, 0, 0, -1, -1, 0, 1, 0], [0, 3, 0, 1, -3, 0, -4, -1, 0, 4, 1, -2, 1, -2, -3, 0, 2, -2, -4, 1, 4, -1], [0, -5, 0, -1, 5, 0, 6, 1, 0, -6, -1, 3, -1, 3, 6, 1, -3, 3, 6, -1, -6, 1], [0, -3, 0, 0, 3, 0, 3, 0, 0, -3, 0, 1, 0, 1, 3, 0, -1, 1, 3, 0, -3, 0], [0, 3, 0, 1, -4, 0, -5, -1, 1, 5, 2, -4, 2, -4, -4, 0, 2, -3, -5, 2, 5, -1], [0, -5, 0, -1, 5, 0, 6, 1, 0, -6, -1, 4, -1, 4, 6, 0, -2, 4, 7, -1, -6, 1], [0, -1, 0, -1, 2, 0, 3, 1, -1, -3, -2, 2, -2, 2, 2, 0, -2, 2, 3, -1, -3, 1], [0, 2, 0, 0, -2, 0, -2, 0, 0, 2, 0, -1, 0, -1, -2, 0, 1, -1, -2, 0, 3, 0], [0, -1, 0, 0, 2, 0, 2, 0, -1, -2, -1, 1, -1, 1, 1, 0, -2, 1, 2, -1, -2, 1]]
[[0, -1, 0, -3, 1, 1, 4, 2, 0, -4, -3, 7, -4, 8, 4, 0, 0, 4, 4, -4, -4, -1], [0, 0, 0, 0, 0, 0, 0, -1, 0, 0, 1, -1, 1, -1, 0, 0, 0, 0, 0, 0, 0, 1], [0, -2, 1, -4, 2, 0, 7, 2, 0, -6, -4, 10, -5, 11, 6, 0, 0, 7, 6, -5, -6, 0], [1, 0, 0, 0, 1, -1, 3, 1, 0, -2, -2, 4, -2, 4, 2, 0, 0, 3, 2, -1, -2, 0], [0, 1, 0, 2, -1, 0, -5, -1, 0, 4, 3, -7, 4, -8, -4, 0, 0, -5, -4, 3, 4, 1], [0, 0, 0, 0, 0, 1, 0, 0, 0, 0, 0, 0, 0, 0, 0, 0, 0, 0, 0, 0, 0, 0], [0, 2, 0, 5, -2, 0, -8, -1, 0, 7, 4, -10, 6, -11, -6, 0, 2, -7, -7, 7, 7, 0], [0, 2, 0, 7, -2, 0, -11, -2, 0, 9, 6, -14, 8, -15, -8, 0, 2, -9, -9, 9, 9, 0], [0, -2, 0, -3, 2, 0, 6, 0, 0, -5, -3, 7, -4, 8, 4, 0, -2, 5, 5, -5, -5, 0], [1, 2, 0, 2, -1, -1, -3, 0, 1, 4, 2, -4, 3, -5, -2, 1, 1, -3, -3, 3, 4, 0], [0, 0, 0, 1, 0, 0, -1, -1, 0, 1, 1, -2, 0, -1, 0, 0, 0, -1, -1, 1, 1, 0], [0, -2, 0, -4, 2, 0, 8, 0, 0, -6, -4, 9, -6, 10, 6, 0, -2, 6, 6, -6, -6, 0], [0, 2, 0, 5, -2, 0, -8, -2, 1, 7, 5, -11, 7, -12, -6, 0, 2, -7, -7, 7, 7, 0], [0, 0, 0, 0, 0, 0, 1, -1, 1, 0, 1, -1, 0, 0, 0, 0, 0, 0, 0, 0, 0, 0], [0, 2, 0, 6, -2, 0, -10, -2, 0, 8, 6, -12, 8, -14, -7, 0, 2, -8, -8, 8, 8, 0], [0, -2, 0, -8, 2, 0, 12, 4, -1, -10, -8, 16, -10, 17, 8, 0, -3, 10, 10, -10, -11, 0], [1, 0, 0, -4, 1, -1, 6, 3, -1, -5, -5, 9, -5, 9, 4, 0, -1, 5, 5, -5, -5, 0], [-1, 2, 0, 6, -3, 1, -12, -2, 0, 9, 6, -14, 8, -15, -8, 0, 2, -9, -9, 8, 9, 0], [1, -2, 0, -8, 3, -1, 14, 4, 0, -11, -8, 18, -10, 19, 10, 0, -2, 12, 12, -10, -11, 0], [-1, -2, 0, -4, 1, 1, 6, 0, 0, -5, -2, 6, -4, 7, 4, 0, -2, 4, 5, -5, -5, 0], [-1, 0, 0, 3, -1, 1, -5, -2, 0, 4, 3, -7, 3, -7, -4, -1, 1, -4, -4, 4, 4, 0], [0, -1, 0, -3, 2, 0, 7, 0, 0, -5, -3, 7, -5, 8, 4, 0, -2, 5, 5, -5, -5, 0]]
[[1, 0, 0, 0, 0, 0, 0, 0, 0, 0, 0, 0, 0, 0, 0, 0, 0, 0, 0, 0, 0, 0], [0, 1, 0, 0, 0, 0, 0, 0, 0, 0, 0, 0, 0, 0, 0, 0, 0, 0, 0, 0, 0, 0], [0, 0, 1, 0, 0, 0, 0, 0, 0, 0, 0, 0, 0, 0, 0, 0, 0, 0, 0, 0, 0, 0], [0, 0, 0, 1, 0, 0, 0, 0, 0, 0, 0, 0, 0, 0, 0, 0, 0, 0, 0, 0, 0, 0], [0, 0, 0, 0, 1, 0, 0, 0, 0, 0, 0, 0, 0, 0, 0, 0, 0, 0, 0, 0, 0, 0], [0, 0, 0, 0, 0, 1, 0, 0, 0, 0, 0, 0, 0, 0, 0, 0, 0, 0, 0, 0, 0, 0], [0, 0, 0, 0, 0, 0, 1, 0, 0, 0, 0, 0, 0, 0, 0, 0, 0, 0, 0, 0, 0, 0], [0, 0, 0, 0, 0, 0, 0, 1, 0, 0, 0, 0, 0, 0, 0, 0, 0, 0, 0, 0, 0, 0], [0, 0, 0, 0, 0, 0, 0, 0, 1, 0, 0, 0, 0, 0, 0, 0, 0, 0, 0, 0, 0, 0], [0, 0, 0, 0, 0, 0, 0, 0, 0, 1, 0, 0, 0, 0, 0, 0, 0, 0, 0, 0, 0, 0], [0, 0, 0, 0, 0, 0, 0, 0, 0, 0, 1, 0, 0, 0, 0, 0, 0, 0, 0, 0, 0, 0], [0, 0, 0, 0, 0, 0, 0, 0, 0, 0, 0, 1, 0, 0, 0, 0, 0, 0, 0, 0, 0, 0], [0, 0, 0, 0, 0, 0, 0, 0, 0, 0, 0, 0, 1, 0, 0, 0, 0, 0, 0, 0, 0, 0], [0, 0, 0, 0, 0, 0, 0, 0, 0, 0, 0, 0, 0, 1, 0, 0, 0, 0, 0, 0, 0, 0], [0, 0, 0, 0, 0, 0, 0, 0, 0, 0, 0, 0, 0, 0, 1, 0, 0, 0, 0, 0, 0, 0], [0, 0, 0, 0, 0, 0, 0, 0, 0, 0, 0, 0, 0, 0, 0, 1, 0, 0, 0, 0, 0, 0], [0, 0, 0, 0, 0, 0, 0, 0, 0, 0, 0, 0, 0, 0, 0, 0, 1, 0, 0, 0, 0, 0], [0, 0, 0, 0, 0, 0, 0, 0, 0, 0, 0, 0, 0, 0, 0, 0, 0, 1, 0, 0, 0, 0], [0, 0, 0, 0, 0, 0, 0, 0, 0, 0, 0, 0, 0, 0, 0, 0, 0, 0, 1, 0, 0, 0], [0, 0, 0, 0, 0, 0, 0, 0, 0, 0, 0, 0, 0, 0, 0, 0, 0, 0, 0, 1, 0, 0], [0, 0, 0, 0, 0, 0, 0, 0, 0, 0, 0, 0, 0, 0, 0, 0, 0, 0, 0, 0, 1, 0], [0, 0, 0, 0, 0, 0, 0, 0, 0, 0, 0, 0, 0, 0, 0, 0, 0, 0, 0, 0, 0, 1]]
[[2, 0, 2, -2, 2, -1, 4, 2, 3, -1, -3, 7, -3, 9, 6, 2, 0, 4, 3, -4, -3, -3], [2, -1, 2, -2, 2, -1, 4, 0, 3, -1, 0, 4, 0, 6, 6, 2, 0, 4, 3, -3, -3, 0], [3, 0, 3, -4, 2, -2, 7, 2, 5, -1, -4, 10, -4, 13, 9, 3, 0, 7, 5, -6, -4, -3], [1, 1, 0, 0, 0, -1, 1, 1, 0, 0, -1, 1, -1, 1, 0, 0, 0, 0, 0, 0, 0, 0], [0, -1, 0, 1, 1, 1, -1, -1, 0, 0, 2, -2, 2, -2, 0, 0, 0, 0, 0, 1, 0, 1], [-2, 1, -2, 1, -2, 1, -3, -1, -3, 1, 0, -4, 0, -6, -6, -2, 0, -4, -3, 2, 3, 1], [-7, 3, -7, 7, -7, 4, -14, -4, -11, 4, 4, -19, 4, -25, -21, -7, 0, -15, -11, 11, 11, 4], [-5, 1, -5, 5, -5, 3, -11, -3, -8, 3, 4, -15, 4, -19, -15, -5, 0, -11, -8, 8, 8, 4], [4, -2, 4, -4, 4, -2, 8, 2, 7, -2, -2, 10, -2, 14, 12, 4, 0, 8, 6, -6, -6, -2], [-1, 1, -1, 3, -1, 0, -4, 0, -3, 1, 2, -5, 3, -8, -5, -1, 0, -4, -3, 4, 3, 2], [3, -2, 3, -2, 3, -2, 5, 1, 4, -1, -1, 7, -1, 10, 9, 3, 0, 6, 4, -4, -4, -1], [4, -2, 4, -4, 4, -2, 8, 2, 6, -2, -2, 11, -2, 14, 12, 4, 0, 8, 6, -6, -6, -2], [-4, 1, -4, 3, -4, 3, -8, -3, -6, 2, 4, -12, 4, -15, -12, -4, 0, -9, -6, 6, 6, 3], [1, -1, 1, -1, 1, -1, 3, 0, 2, -1, 0, 3, 0, 4, 3, 1, 0, 3, 2, -2, -2, 0], [-4, 1, -4, 3, -4, 3, -8, -3, -6, 2, 4, -12, 3, -15, -11, -4, 0, -9, -6, 6, 6, 3], [2, 1, 2, -1, 2, -3, 5, 3, 3, -1, -5, 9, -4, 9, 5, 2, 0, 6, 3, -3, -4, -3], [3, 1, 2, -1, 2, -2, 4, 3, 3, -1, -3, 7, -2, 8, 6, 2, 1, 5, 3, -2, -3, -2], [-4, 0, -3, 2, -3, 3, -7, -3, -5, 2, 3, -10, 2, -11, -9, -3, 0, -7, -5, 4, 5, 2], [5, 0, 5, -2, 5, -5, 9, 5, 6, -3, -5, 14, -3, 15, 12, 4, 0, 10, 7, -5, -7, -3], [0, -1, 1, -1, 1, -1, 3, 0, 2, -1, -1, 4, -1, 4, 3, 1, 0, 3, 2, -2, -2, -1], [-2, -1, -1, 1, -1, 2, -3, -2, -2, 1, 2, -5, 1, -5, -4, -2, 0, -3, -2, 2, 2, 1], [3, -1, 3, -3, 3, -2, 7, 2, 5, -2, -2, 9, -2, 11, 9, 3, 0, 7, 5, -5, -5, -1]]
[[1, 0, 0, 0, 0, 0, 0, 0, 0, 0, 0, 0, 0, 0, 0, 0, 0, 0, 0, 0, 0, 0], [0, 1, 0, 0, 0, 0, 0, 0, 0, 0, 0, 0, 0, 0, 0, 0, 0, 0, 0, 0, 0, 0], [0, 0, 1, 0, 0, 0, 0, 0, 0, 0, 0, 0, 0, 0, 0, 0, 0, 0, 0, 0, 0, 0], [0, 0, 0, 1, 0, 0, 0, 0, 0, 0, 0, 0, 0, 0, 0, 0, 0, 0, 0, 0, 0, 0], [0, 0, 0, 0, 1, 0, 0, 0, 0, 0, 0, 0, 0, 0, 0, 0, 0, 0, 0, 0, 0, 0], [0, 0, 0, 0, 0, 1, 0, 0, 0, 0, 0, 0, 0, 0, 0, 0, 0, 0, 0, 0, 0, 0], [0, 0, 0, 0, 0, 0, 1, 0, 0, 0, 0, 0, 0, 0, 0, 0, 0, 0, 0, 0, 0, 0], [0, 0, 0, 0, 0, 0, 0, 1, 0, 0, 0, 0, 0, 0, 0, 0, 0, 0, 0, 0, 0, 0], [0, 0, 0, 0, 0, 0, 0, 0, 1, 0, 0, 0, 0, 0, 0, 0, 0, 0, 0, 0, 0, 0], [0, 0, 0, 0, 0, 0, 0, 0, 0, 1, 0, 0, 0, 0, 0, 0, 0, 0, 0, 0, 0, 0], [0, 0, 0, 0, 0, 0, 0, 0, 0, 0, 1, 0, 0, 0, 0, 0, 0, 0, 0, 0, 0, 0], [0, 0, 0, 0, 0, 0, 0, 0, 0, 0, 0, 1, 0, 0, 0, 0, 0, 0, 0, 0, 0, 0], [0, 0, 0, 0, 0, 0, 0, 0, 0, 0, 0, 0, 1, 0, 0, 0, 0, 0, 0, 0, 0, 0], [0, 0, 0, 0, 0, 0, 0, 0, 0, 0, 0, 0, 0, 1, 0, 0, 0, 0, 0, 0, 0, 0], [0, 0, 0, 0, 0, 0, 0, 0, 0, 0, 0, 0, 0, 0, 1, 0, 0, 0, 0, 0, 0, 0], [0, 0, 0, 0, 0, 0, 0, 0, 0, 0, 0, 0, 0, 0, 0, 1, 0, 0, 0, 0, 0, 0], [0, 0, 0, 0, 0, 0, 0, 0, 0, 0, 0, 0, 0, 0, 0, 0, 1, 0, 0, 0, 0, 0], [0, 0, 0, 0, 0, 0, 0, 0, 0, 0, 0, 0, 0, 0, 0, 0, 0, 1, 0, 0, 0, 0], [0, 0, 0, 0, 0, 0, 0, 0, 0, 0, 0, 0, 0, 0, 0, 0, 0, 0, 1, 0, 0, 0], [0, 0, 0, 0, 0, 0, 0, 0, 0, 0, 0, 0, 0, 0, 0, 0, 0, 0, 0, 1, 0, 0], [0, 0, 0, 0, 0, 0, 0, 0, 0, 0, 0, 0, 0, 0, 0, 0, 0, 0, 0, 0, 1, 0], [0, 0, 0, 0, 0, 0, 0, 0, 0, 0, 0, 0, 0, 0, 0, 0, 0, 0, 0, 0, 0, 1]]
[[2, -1, 1, 1, 1, -1, 0, 0, 2, 1, 1, 0, 2, 0, 2, 1, 0, 0, 0, 1, 0, -1], [4, 0, 4, -1, 4, -2, 3, 3, 5, 1, 0, 4, 2, 6, 8, 4, 0, 4, 3, -2, -3, -1], [2, -1, 2, 0, 1, -1, 1, 0, 4, 2, 1, 1, 2, 2, 4, 2, 0, 1, 1, 0, 0, -2], [-1, 0, -1, 1, -1, 1, -1, -1, -1, 0, 1, -2, 0, -2, -2, -1, 0, -2, -1, 1, 1, 0], [2, 0, 2, -1, 3, -1, 2, 2, 2, 0, -1, 3, 0, 4, 4, 2, 0, 3, 2, -2, -2, 0], [-4, 1, -4, 1, -4, 3, -3, -3, -5, -1, 0, -4, -2, -6, -8, -4, 0, -4, -3, 2, 3, 1], [-9, 3, -9, 1, -9, 5, -5, -6, -12, -3, -1, -8, -6, -12, -18, -9, 0, -8, -6, 3, 6, 3], [-5, 2, -5, 0, -5, 3, -3, -2, -7, -2, -1, -4, -4, -6, -10, -5, 0, -4, -3, 1, 3, 2], [4, -1, 4, -1, 4, -2, 3, 3, 6, 1, 0, 4, 2, 6, 8, 4, 0, 4, 3, -2, -3, -1], [-1, 0, 0, 1, 0, 0, -1, 0, -2, 0, 0, -1, 0, -2, -2, -1, 0, -1, -1, 1, 0, 1], [5, -1, 5, -1, 5, -3, 4, 4, 6, 1, 0, 6, 2, 8, 10, 5, 0, 6, 4, -3, -4, -1], [4, -1, 4, -1, 4, -2, 3, 3, 5, 1, 0, 5, 2, 6, 8, 4, 0, 4, 3, -2, -3, -1], [-4, 2, -4, -1, -4, 3, -2, -2, -6, -2, -1, -3, -3, -4, -8, -4, 0, -3, -2, 0, 2, 2], [1, 0, 1, 0, 1, -1, 1, 1, 1, 0, -1, 2, 0, 3, 2, 1, 0, 2, 1, -1, -1, 0], [-4, 2, -4, -1, -4, 3, -2, -2, -6, -2, -1, -3, -4, -4, -7, -4, 0, -3, -2, 0, 2, 2], [1, -2, 1, 3, 1, -2, -1, -1, 3, 2, 2, -1, 4, -2, 2, 2, 0, -1, -1, 3, 1, -2], [3, -2, 3, 1, 3, -2, 1, 1, 5, 2, 2, 1, 4, 2, 6, 3, 1, 1, 1, 1, -1, -2], [-2, 1, -2, -1, -2, 2, -1, -1, -3, -1, 0, -2, -2, -2, -4, -2, 0, -1, -1, 0, 1, 1], [4, -3, 5, 3, 5, -4, 1, 2, 6, 2, 2, 2, 6, 2, 8, 4, 0, 2, 2, 2, -2, -2], [0, 0, 0, 1, 0, -1, 0, 0, 0, 0, -1, 1, 0, 0, 0, 0, 0, 1, 0, 1, 0, 0], [-1, 1, -1, -1, -1, 1, 0, 0, -2, -1, -1, 0, -2, 0, -2, -1, 0, 0, 0, -1, 1, 1], [3, -1, 3, 0, 3, -2, 2, 2, 4, 1, 0, 3, 2, 4, 6, 3, 0, 3, 2, -1, -2, 0]]
[[0, -1, 0, -3, 0, 0, 3, -1, 0, -3, 0, 3, -1, 4, 3, 0, 0, 4, 3, -3, -3, 2], [0, 0, 0, 1, 0, 0, -2, 1, 0, 1, 0, -1, 0, -1, -1, 0, 0, -1, -1, 1, 1, -1], [0, -2, 1, -2, 2, 0, 3, 0, 0, -4, 0, 4, -1, 5, 4, 0, 0, 5, 4, -3, -4, 2], [-1, -1, 0, 0, 0, 0, 1, -1, 0, -1, 0, 1, -1, 2, 1, 0, 0, 2, 1, -1, -1, 0], [0, 1, 0, 1, -1, 0, -3, 1, 0, 3, 0, -3, 1, -4, -3, 0, 0, -4, -3, 2, 3, -1], [0, 0, 0, 0, 0, 1, 0, 0, 0, 0, 0, 0, 0, 0, 0, 0, 0, 0, 0, 0, 0, 0], [1, 1, 0, 2, 0, 0, -1, 1, 1, 3, 0, -2, 1, -3, -2, 1, 0, -3, -3, 2, 2, -1], [1, 2, 0, 3, 0, 0, -2, 1, 1, 4, 0, -3, 1, -4, -3, 1, 0, -4, -4, 3, 3, -2], [-1, -1, 0, -1, 0, 0, 1, -1, -1, -2, 0, 2, -1, 2, 1, -1, 0, 2, 2, -1, -1, 0], [0, 0, 0, 1, 0, 0, -1, 0, 1, 2, 0, -2, 0, -1, -1, 0, 0, -1, -1, 1, 1, -1], [0, 0, 0, 1, 0, 0, -1, 0, 1, 1, 1, -2, 0, -1, -1, 0, 0, -1, -1, 1, 1, -1], [-1, -1, 0, -1, 0, 0, 1, -1, 0, -2, 0, 1, -1, 2, 1, -1, 0, 2, 2, -1, -1, 0], [1, 1, 0, 3, 0, 0, -3, 1, 1, 4, 0, -3, 1, -4, -2, 1, 0, -4, -4, 3, 3, -2], [0, 0, 0, 1, 0, 0, -1, 0, 0, 1, 0, -1, -1, 0, 0, 0, 0, -1, -1, 1, 1, -1], [1, 1, 0, 3, 0, 0, -3, 1, 1, 4, 0, -3, 2, -4, -3, 1, 0, -4, -4, 3, 3, -2], [-1, -1, 0, -5, 0, 0, 5, -1, -2, -7, 0, 5, -1, 6, 5, -1, 0, 6, 7, -5, -5, 4], [-1, -1, 0, -3, 0, 0, 2, -1, -1, -3, 0, 2, -1, 3, 2, 0, -1, 3, 3, -4, -3, 2], [2, 2, 0, 3, 0, 0, -3, 2, 1, 4, 0, -3, 2, -5, -3, 1, 0, -4, -4, 3, 3, -1], [-2, -2, 0, -5, 0, 0, 5, -2, -1, -6, 0, 5, -2, 7, 5, -1, 0, 7, 7, -5, -5, 3], [0, 0, 0, -1, 0, 0, 1, 0, -1, -2, 0, 1, 0, 1, 1, -1, 0, 1, 2, 0, -1, 1], [1, 1, 0, 2, 0, 0, -2, 1, 1, 3, 0, -2, 1, -3, -2, 1, 0, -3, -3, 2, 3, -1], [-1, -1, 0, 0, 0, 0, 0, -1, -1, -1, 0, 0, -1, 1, 0, -1, 0, 1, 1, 0, 0, 0]]
[[1, 0, 0, 0, 0, 0, 0, 0, 0, 0, 0, 0, 0, 0, 0, 0, 0, 0, 0, 0, 0, 0], [0, 1, 0, 0, 0, 0, 0, 0, 0, 0, 0, 0, 0, 0, 0, 0, 0, 0, 0, 0, 0, 0], [0, 0, 1, 0, 0, 0, 0, 0, 0, 0, 0, 0, 0, 0, 0, 0, 0, 0, 0, 0, 0, 0], [0, 0, 0, 1, 0, 0, 0, 0, 0, 0, 0, 0, 0, 0, 0, 0, 0, 0, 0, 0, 0, 0], [0, 0, 0, 0, 1, 0, 0, 0, 0, 0, 0, 0, 0, 0, 0, 0, 0, 0, 0, 0, 0, 0], [0, 0, 0, 0, 0, 1, 0, 0, 0, 0, 0, 0, 0, 0, 0, 0, 0, 0, 0, 0, 0, 0], [0, 0, 0, 0, 0, 0, 1, 0, 0, 0, 0, 0, 0, 0, 0, 0, 0, 0, 0, 0, 0, 0], [0, 0, 0, 0, 0, 0, 0, 1, 0, 0, 0, 0, 0, 0, 0, 0, 0, 0, 0, 0, 0, 0], [0, 0, 0, 0, 0, 0, 0, 0, 1, 0, 0, 0, 0, 0, 0, 0, 0, 0, 0, 0, 0, 0], [0, 0, 0, 0, 0, 0, 0, 0, 0, 1, 0, 0, 0, 0, 0, 0, 0, 0, 0, 0, 0, 0], [0, 0, 0, 0, 0, 0, 0, 0, 0, 0, 1, 0, 0, 0, 0, 0, 0, 0, 0, 0, 0, 0], [0, 0, 0, 0, 0, 0, 0, 0, 0, 0, 0, 1, 0, 0, 0, 0, 0, 0, 0, 0, 0, 0], [0, 0, 0, 0, 0, 0, 0, 0, 0, 0, 0, 0, 1, 0, 0, 0, 0, 0, 0, 0, 0, 0], [0, 0, 0, 0, 0, 0, 0, 0, 0, 0, 0, 0, 0, 1, 0, 0, 0, 0, 0, 0, 0, 0], [0, 0, 0, 0, 0, 0, 0, 0, 0, 0, 0, 0, 0, 0, 1, 0, 0, 0, 0, 0, 0, 0], [0, 0, 0, 0, 0, 0, 0, 0, 0, 0, 0, 0, 0, 0, 0, 1, 0, 0, 0, 0, 0, 0], [0, 0, 0, 0, 0, 0, 0, 0, 0, 0, 0, 0, 0, 0, 0, 0, 1, 0, 0, 0, 0, 0], [0, 0, 0, 0, 0, 0, 0, 0, 0, 0, 0, 0, 0, 0, 0, 0, 0, 1, 0, 0, 0, 0], [0, 0, 0, 0, 0, 0, 0, 0, 0, 0, 0, 0, 0, 0, 0, 0, 0, 0, 1, 0, 0, 0], [0, 0, 0, 0, 0, 0, 0, 0, 0, 0, 0, 0, 0, 0, 0, 0, 0, 0, 0, 1, 0, 0], [0, 0, 0, 0, 0, 0, 0, 0, 0, 0, 0, 0, 0, 0, 0, 0, 0, 0, 0, 0, 1, 0], [0, 0, 0, 0, 0, 0, 0, 0, 0, 0, 0, 0, 0, 0, 0, 0, 0, 0, 0, 0, 0, 1]]
[[2, -1, 1, 1, 2, -1, 0, 2, 1, 0, 0, 1, 2, 0, 2, 1, 1, 2, 1, 1, -1, 1], [-4, 4, -4, -1, -6, 2, 1, -3, -5, -1, -2, 0, -2, -4, -8, -4, 2, -4, -3, 2, 3, 1], [0, 0, 0, 0, 0, 0, 1, 1, 0, 0, -1, 2, 1, 0, 0, 0, 2, 2, 1, 1, 0, 1], [1, -1, 1, 1, 2, 0, 0, 1, 1, 0, 1, 0, 1, 1, 2, 1, 0, 1, 1, 0, -1, 0], [-2, 2, -2, -1, -3, 1, 0, -2, -2, 0, -1, -1, -2, -2, -4, -2, 0, -3, -2, 0, 2, 0], [4, -3, 4, 1, 6, -1, -1, 3, 5, 1, 2, 0, 2, 4, 8, 4, -2, 4, 3, -2, -3, -1], [5, -4, 5, 0, 7, -2, 0, 3, 7, 1, 3, 0, 1, 7, 11, 5, -3, 5, 4, -4, -4, -2], [3, -2, 3, 0, 4, -1, -1, 2, 4, 1, 2, -1, 0, 4, 6, 3, -3, 2, 2, -3, -2, -2], [0, 0, 0, 1, 1, 0, 0, 0, 0, 0, 0, 0, 1, -1, -1, 0, 0, 0, 0, 1, 0, 0], [-3, 2, -2, 0, -4, 1, 0, -2, -4, 0, -1, -1, -1, -4, -6, -3, 1, -4, -3, 2, 2, 1], [-3, 3, -3, 0, -5, 1, 0, -2, -4, 0, -1, -1, -1, -5, -7, -3, 1, -4, -3, 2, 3, 1], [-2, 2, -2, 0, -3, 1, 0, -1, -3, 0, -1, 0, 0, -4, -5, -2, 1, -3, -2, 2, 2, 1], [2, -1, 2, -1, 2, 0, -1, 1, 3, 1, 2, -2, 1, 2, 4, 2, -2, 0, 1, -2, -1, -1], [1, 0, 1, 1, 1, -1, -1, 1, 1, 1, 0, -1, 1, 0, 1, 1, -1, 0, 0, 0, 0, 0], [4, -3, 4, 0, 6, -1, -1, 2, 5, 1, 3, -1, 1, 5, 9, 4, -3, 3, 3, -3, -3, -2], [-5, 3, -5, 0, -7, 1, 2, -3, -6, -2, -4, 3, -2, -4, -9, -4, 4, -2, -3, 3, 3, 2], [-7, 5, -7, -1, -10, 3, 2, -5, -9, -2, -4, 1, -3, -7, -14, -7, 5, -6, -5, 4, 5, 2], [2, -1, 2, -1, 2, 0, -1, 1, 3, 1, 2, -2, 0, 2, 4, 2, -2, 1, 1, -2, -1, -1], [-6, 3, -5, 1, -7, 1, 2, -3, -8, -3, -4, 3, -1, -6, -11, -6, 5, -3, -3, 5, 3, 3], [0, 0, 0, 1, 0, -1, 0, 0, 0, 0, -1, 1, 0, 0, 0, 0, 0, 1, 0, 1, 0, 0], [3, -2, 3, 0, 4, -1, -1, 2, 4, 1, 2, -1, 1, 3, 6, 3, -2, 2, 2, -2, -1, -1], [-1, 1, -1, 1, -1, 0, 0, -1, -2, 0, -1, 0, 0, -2, -3, -1, 0, -1, -1, 1, 1, 1]]
[[0, 1, 0, -2, -1, -1, 3, -2, 0, -1, -1, 2, -1, 2, 1, 0, 0, 2, 1, -2, -1, 1], [2, -1, 2, 3, 4, -1, -4, 4, 1, 2, 1, -4, 3, -4, 1, 2, -2, -1, 0, 2, 0, 0], [1, 1, 1, -1, 1, -1, 2, 0, 1, 0, -1, 1, 0, 1, 2, 1, -1, 2, 2, -2, -1, 1], [-1, 0, 0, -1, -1, 0, 1, -1, 0, 0, 0, 0, -1, 1, 0, 0, 0, 0, 0, -1, 0, 0], [0, -1, 0, 2, 1, 1, -3, 1, 0, 1, 1, -2, 1, -2, -1, 0, 0, -1, -1, 2, 1, -1], [-2, 1, -2, -3, -4, 1, 3, -3, -1, -1, -2, 4, -4, 4, -2, -2, 2, 0, -1, -2, 1, -1], [-2, 1, -3, -2, -5, 2, 2, -3, -1, 0, -1, 3, -4, 3, -4, -2, 2, -2, -3, -1, 2, -2], [-2, 1, -3, -2, -5, 2, 1, -2, -1, 0, -1, 3, -4, 3, -4, -2, 2, -2, -3, -1, 2, -2], [-1, 0, 0, -1, -1, 0, 1, -1, 0, -1, 0, 1, -1, 1, 1, -1, 1, 1, 1, 0, 0, 0], [2, -2, 3, 4, 5, -1, -4, 4, 1, 2, 2, -5, 5, -5, 1, 2, -2, -1, 0, 3, -1, 1], [1, -1, 1, 2, 2, -1, -2, 2, 1, 1, 1, -2, 2, -2, 0, 1, -1, 0, 0, 1, 0, 0], [1, -1, 2, 1, 3, -1, -1, 2, 1, 0, 1, -2, 3, -2, 2, 1, -1, 1, 2, 1, -1, 1], [-1, 0, -2, -1, -3, 2, -1, -1, -1, 1, 0, 1, -2, 1, -3, -1, 1, -3, -3, 0, 2, -2], [-1, 0, -1, 0, -2, 0, 0, -1, -1, 0, -1, 2, -2, 2, -1, -1, 1, 0, -1, 0, 1, -1], [-3, 1, -4, -3, -7, 3, 1, -4, -1, 0, -1, 3, -5, 4, -5, -3, 3, -3, -4, -1, 3, -3], [5, -1, 6, 4, 11, -5, 0, 6, 2, -1, 1, -4, 8, -5, 9, 5, -4, 5, 7, 1, -5, 5], [5, -2, 6, 5, 11, -3, -4, 7, 3, 2, 3, -8, 9, -8, 7, 6, -5, 2, 4, 2, -4, 4], [-1, 1, -3, -2, -4, 2, 1, -2, -1, 0, -1, 3, -4, 3, -4, -2, 2, -2, -3, -1, 2, -2], [4, -2, 7, 5, 11, -5, -2, 6, 2, 0, 2, -6, 9, -7, 8, 5, -5, 4, 6, 2, -5, 5], [1, 0, 1, 1, 2, -2, 1, 1, 0, -1, -1, 1, 1, 0, 2, 0, 0, 2, 2, 1, -1, 1], [-2, 1, -3, -2, -5, 2, 1, -3, -1, 0, -1, 3, -4, 3, -4, -2, 2, -2, -3, -1, 3, -2], [0, -1, 1, 1, 1, -1, -1, 1, 0, 0, 0, -1, 1, -1, 1, 0, 0, 1, 1, 1, 0, 1]]
[[-1, 0, 0, 0, 0, 0, 2, -1, 1, -1, 0, 2, -1, 3, 2, 0, 1, 2, 1, 0, -1, -1], [0, -1, 0, 1, 0, 0, -2, 0, 0, 1, 1, -2, 1, -2, -1, 0, 0, -1, -1, 1, 1, 0], [0, 0, -1, 0, 0, 0, 2, -1, 1, -1, 0, 2, -1, 3, 2, 0, 1, 2, 1, 0, -1, -1], [0, 0, 0, -1, 0, 0, 1, 0, 0, -1, 0, 1, 0, 1, 1, 0, 0, 1, 1, 0, -1, 0], [0, 0, 0, 0, -1, 0, -2, 0, 0, 2, 0, -2, 0, -2, -2, 0, 0, -2, -2, 0, 2, 0], [0, 0, 0, 0, 0, 1, 0, 0, 0, 0, 0, 0, 0, 0, 0, 0, 0, 0, 0, 0, 0, 0], [1, 0, 1, -1, 1, 1, -1, 2, 0, 1, -1, 0, 1, -1, 0, 1, -1, -1, 0, -1, 0, 1], [1, 0, 1, -1, 0, 1, -2, 1, 0, 2, 0, -1, 2, -2, -1, 1, -1, -2, -1, -1, 1, 1], [-1, 0, -1, 0, -1, 0, 1, -2, -1, -1, 0, 1, -2, 2, 0, -1, 1, 1, 0, 0, 0, -1], [1, 0, 1, 0, 1, -1, -1, 2, 0, 0, 0, -1, 2, -2, 0, 1, -1, -1, 0, 0, 0, 1], [0, 0, 0, 0, -1, 0, -2, 0, 0, 1, 0, -1, 1, -1, -1, 0, 0, -1, -1, 0, 1, 0], [-1, 0, -1, 0, -1, 0, 0, -1, -1, -1, 0, -1, -1, 0, -1, -1, 0, 0, 0, 0, 0, 0], [1, 0, 1, -1, 0, 1, -2, 2, 0, 2, 0, -1, 1, -2, -1, 1, -1, -2, -1, -1, 1, 1], [0, 0, 0, -1, -1, 0, 0, 0, 0, 0, 0, 1, 0, 0, 0, 0, 0, 0, 0, -1, 0, 0], [1, 0, 1, -1, 0, 1, -1, 1, 1, 2, 0, 0, 1, 0, -1, 1, 0, -1, -1, -1, 1, 0], [-1, 0, -1, 3, 2, -2, 3, -1, -1, -4, 0, 0, -1, 0, 2, -2, 0, 3, 3, 3, -3, 0], [0, 0, 0, 2, 2, -2, 1, 0, 0, -1, 0, -1, 0, -1, 1, 0, -1, 1, 1, 2, -1, 0], [1, 0, 1, 0, 0, 2, -3, 1, 1, 3, 1, -2, 2, -2, -1, 1, 0, -3, -2, 0, 2, 0], [-1, 0, -1, 2, 1, -3, 3, -1, -1, -4, 0, 1, -1, 1, 2, -1, 0, 3, 2, 2, -3, 0], [-1, 0, -1, 1, 0, 0, 1, -1, -1, -2, 0, 0, -1, 0, 0, -1, 0, 1, 1, 0, -1, 0], [0, 0, 0, -1, -1, 2, -2, 0, 0, 2, 0, -1, 0, -1, -2, 0, 0, -2, -2, -1, 1, 0], [-1, 0, -1, 0, -1, 0, 0, -1, -1, -1, 0, 0, -1, 0, -1, -1, 0, 0, 0, 0, 0, -1]]
[[1, 0, 0, 0, 0, 0, 0, 0, 0, 0, 0, 0, 0, 0, 0, 0, 0, 0, 0, 0, 0, 0], [0, 1, 0, 0, 0, 0, 0, 0, 0, 0, 0, 0, 0, 0, 0, 0, 0, 0, 0, 0, 0, 0], [0, 0, 1, 0, 0, 0, 0, 0, 0, 0, 0, 0, 0, 0, 0, 0, 0, 0, 0, 0, 0, 0], [0, 0, 0, 1, 0, 0, 0, 0, 0, 0, 0, 0, 0, 0, 0, 0, 0, 0, 0, 0, 0, 0], [0, 0, 0, 0, 1, 0, 0, 0, 0, 0, 0, 0, 0, 0, 0, 0, 0, 0, 0, 0, 0, 0], [0, 0, 0, 0, 0, 1, 0, 0, 0, 0, 0, 0, 0, 0, 0, 0, 0, 0, 0, 0, 0, 0], [0, 0, 0, 0, 0, 0, 1, 0, 0, 0, 0, 0, 0, 0, 0, 0, 0, 0, 0, 0, 0, 0], [0, 0, 0, 0, 0, 0, 0, 1, 0, 0, 0, 0, 0, 0, 0, 0, 0, 0, 0, 0, 0, 0], [0, 0, 0, 0, 0, 0, 0, 0, 1, 0, 0, 0, 0, 0, 0, 0, 0, 0, 0, 0, 0, 0], [0, 0, 0, 0, 0, 0, 0, 0, 0, 1, 0, 0, 0, 0, 0, 0, 0, 0, 0, 0, 0, 0], [0, 0, 0, 0, 0, 0, 0, 0, 0, 0, 1, 0, 0, 0, 0, 0, 0, 0, 0, 0, 0, 0], [0, 0, 0, 0, 0, 0, 0, 0, 0, 0, 0, 1, 0, 0, 0, 0, 0, 0, 0, 0, 0, 0], [0, 0, 0, 0, 0, 0, 0, 0, 0, 0, 0, 0, 1, 0, 0, 0, 0, 0, 0, 0, 0, 0], [0, 0, 0, 0, 0, 0, 0, 0, 0, 0, 0, 0, 0, 1, 0, 0, 0, 0, 0, 0, 0, 0], [0, 0, 0, 0, 0, 0, 0, 0, 0, 0, 0, 0, 0, 0, 1, 0, 0, 0, 0, 0, 0, 0], [0, 0, 0, 0, 0, 0, 0, 0, 0, 0, 0, 0, 0, 0, 0, 1, 0, 0, 0, 0, 0, 0], [0, 0, 0, 0, 0, 0, 0, 0, 0, 0, 0, 0, 0, 0, 0, 0, 1, 0, 0, 0, 0, 0], [0, 0, 0, 0, 0, 0, 0, 0, 0, 0, 0, 0, 0, 0, 0, 0, 0, 1, 0, 0, 0, 0], [0, 0, 0, 0, 0, 0, 0, 0, 0, 0, 0, 0, 0, 0, 0, 0, 0, 0, 1, 0, 0, 0], [0, 0, 0, 0, 0, 0, 0, 0, 0, 0, 0, 0, 0, 0, 0, 0, 0, 0, 0, 1, 0, 0], [0, 0, 0, 0, 0, 0, 0, 0, 0, 0, 0, 0, 0, 0, 0, 0, 0, 0, 0, 0, 1, 0], [0, 0, 0, 0, 0, 0, 0, 0, 0, 0, 0, 0, 0, 0, 0, 0, 0, 0, 0, 0, 0, 1]]
[[1, 0, 0, 0, 0, 0, 0, 0, 0, 0, 0, 0, 0, 0, 0, 0, 0, 0, 0, 0, 0, 0], [0, 1, 0, 0, 0, 0, 0, 0, 0, 0, 0, 0, 0, 0, 0, 0, 0, 0, 0, 0, 0, 0], [0, 0, 1, 0, 0, 0, 0, 0, 0, 0, 0, 0, 0, 0, 0, 0, 0, 0, 0, 0, 0, 0], [0, 0, 0, 1, 0, 0, 0, 0, 0, 0, 0, 0, 0, 0, 0, 0, 0, 0, 0, 0, 0, 0], [0, 0, 0, 0, 1, 0, 0, 0, 0, 0, 0, 0, 0, 0, 0, 0, 0, 0, 0, 0, 0, 0], [0, 0, 0, 0, 0, 1, 0, 0, 0, 0, 0, 0, 0, 0, 0, 0, 0, 0, 0, 0, 0, 0], [0, 0, 0, 0, 0, 0, 1, 0, 0, 0, 0, 0, 0, 0, 0, 0, 0, 0, 0, 0, 0, 0], [0, 0, 0, 0, 0, 0, 0, 1, 0, 0, 0, 0, 0, 0, 0, 0, 0, 0, 0, 0, 0, 0], [0, 0, 0, 0, 0, 0, 0, 0, 1, 0, 0, 0, 0, 0, 0, 0, 0, 0, 0, 0, 0, 0], [0, 0, 0, 0, 0, 0, 0, 0, 0, 1, 0, 0, 0, 0, 0, 0, 0, 0, 0, 0, 0, 0], [0, 0, 0, 0, 0, 0, 0, 0, 0, 0, 1, 0, 0, 0, 0, 0, 0, 0, 0, 0, 0, 0], [0, 0, 0, 0, 0, 0, 0, 0, 0, 0, 0, 1, 0, 0, 0, 0, 0, 0, 0, 0, 0, 0], [0, 0, 0, 0, 0, 0, 0, 0, 0, 0, 0, 0, 1, 0, 0, 0, 0, 0, 0, 0, 0, 0], [0, 0, 0, 0, 0, 0, 0, 0, 0, 0, 0, 0, 0, 1, 0, 0, 0, 0, 0, 0, 0, 0], [0, 0, 0, 0, 0, 0, 0, 0, 0, 0, 0, 0, 0, 0, 1, 0, 0, 0, 0, 0, 0, 0], [0, 0, 0, 0, 0, 0, 0, 0, 0, 0, 0, 0, 0, 0, 0, 1, 0, 0, 0, 0, 0, 0], [0, 0, 0, 0, 0, 0, 0, 0, 0, 0, 0, 0, 0, 0, 0, 0, 1, 0, 0, 0, 0, 0], [0, 0, 0, 0, 0, 0, 0, 0, 0, 0, 0, 0, 0, 0, 0, 0, 0, 1, 0, 0, 0, 0], [0, 0, 0, 0, 0, 0, 0, 0, 0, 0, 0, 0, 0, 0, 0, 0, 0, 0, 1, 0, 0, 0], [0, 0, 0, 0, 0, 0, 0, 0, 0, 0, 0, 0, 0, 0, 0, 0, 0, 0, 0, 1, 0, 0], [0, 0, 0, 0, 0, 0, 0, 0, 0, 0, 0, 0, 0, 0, 0, 0, 0, 0, 0, 0, 1, 0], [0, 0, 0, 0, 0, 0, 0, 0, 0, 0, 0, 0, 0, 0, 0, 0, 0, 0, 0, 0, 0, 1]]

#################
# GALOIS GROUPS #
#################

Generators of the monodromy group on the generic Picard lattice:
[[-1, 0, 0, 0, 1, 2, 1, 0, 0, 0, -1, 0, -1, 0, 0, 0, 0], [0, -1, 0, 0, 0, 0, 0, 0, 0, 0, 0, 0, 0, 0, 0, 0, 0], [0, 0, -1, 0, 1, 2, 1, 0, 0, 0, -1, 0, -1, 0, 0, 0, 0], [0, 0, 0, -1, 0, 1, 0, 0, 0, 0, 0, 0, 0, 0, 0, 0, 0], [0, 0, 0, 0, -1, -2, 0, 0, 0, 0, 0, 0, 0, 0, 0, 0, 0], [0, 0, 0, 0, 0, 1, 0, 0, 0, 0, 0, 0, 0, 0, 0, 0, 0], [0, 0, 0, 0, -1, -1, -2, 0, 0, 0, 1, 0, 1, 0, 0, 0, 0], [0, 0, 0, 0, -2, -2, -2, -1, 0, 0, 2, 0, 2, 0, 0, 0, 0], [0, 0, 0, 0, 1, 1, 1, 0, -1, 0, -1, 0, -1, 0, 0, 0, 0], [0, 0, 0, 0, -1, -2, -1, 0, 0, -1, 1, 0, 1, 0, 0, 0, 0], [0, 0, 0, 0, -1, -1, -1, 0, 0, 0, 0, 0, 1, 0, 0, 0, 0], [0, 0, 0, 0, 0, 0, 0, 0, 0, 0, 0, -1, 0, 0, 0, 0, 0], [0, 0, 0, 0, -2, -2, -2, 0, 0, 0, 2, 0, 1, 0, 0, 0, 0], [0, 0, 0, 0, -1, -1, -1, 0, 0, 0, 1, 0, 1, -1, 0, 0, 0], [0, 0, 0, 0, -1, -1, -1, 0, 0, 0, 1, 0, 1, 0, -1, 0, 0], [0, 0, 0, 0, -1, 0, -1, 0, 0, 0, 1, 0, 1, 0, 0, -1, 0], [0, 0, 0, 0, 2, 2, 2, 0, 0, 0, -2, 0, -2, 0, 0, 0, -1]]
[[1, -3, 0, 0, 2, 2, -1, 0, 1, 0, 1, -1, 0, 0, 1, 0, 0], [0, 1, 0, 0, 0, 0, 0, 0, 0, 0, 0, 0, 0, 0, 0, 0, 0], [0, -4, 1, 0, 3, 3, -1, 0, 1, 0, 1, -1, 0, 0, 1, 0, 0], [0, -1, 0, 1, 1, 1, 0, 0, 0, 0, 0, 0, 0, 0, 0, 0, 0], [0, 2, 0, 0, -1, -2, 0, 0, 0, 0, 0, 0, 0, 0, 0, 0, 0], [0, 0, 0, 0, 0, 1, 0, 0, 0, 0, 0, 0, 0, 0, 0, 0, 0], [0, 1, 0, 1, -1, -2, -1, 0, 0, 0, 1, -1, 0, 0, 0, 1, 0], [0, 3, 0, 0, -2, -2, 1, 1, -1, 0, -1, 1, 0, 0, -1, 0, 0], [0, 0, 0, 0, 1, 1, 1, 0, 0, 0, -1, 1, 0, 0, -1, 0, 0], [0, 1, 0, 0, -1, -1, 0, 0, 0, 1, 0, 0, 0, 0, 0, 0, 0], [0, 1, 0, 0, -1, -1, 0, 0, 0, 0, 1, 0, 0, 0, 0, 0, 0], [0, 0, 0, 0, 0, 0, 0, 0, 0, 0, 0, 1, 0, 0, 0, 0, 0], [0, 2, 0, 1, -2, -3, -2, 0, 0, 0, 1, -1, 1, 0, 0, 1, 0], [0, 1, 0, 0, -1, -1, 0, 0, 0, 0, 0, 0, 0, 1, 0, 0, 0], [0, 2, 0, 1, -1, -2, -1, 0, -1, 0, 0, 0, 0, 0, 0, 1, 0], [0, 2, 0, 0, -2, -2, 0, 0, 0, 0, 0, 0, 0, 0, 0, 1, 0], [0, -4, 0, -1, 3, 4, 1, 0, 1, 0, 0, 0, 0, 0, 1, -1, 1]]
[[0, 0, 0, 0, 1, 2, -2, 3, -1, 0, -1, 0, 0, -1, -1, -1, 0], [0, -1, 0, 1, 0, -1, -2, -2, 1, 0, 3, -2, 1, 0, 1, 1, 0], [0, -2, 1, 1, 2, 1, -4, 2, 0, 0, 1, -1, 0, 0, 0, 1, 0], [1, 0, 0, 1, 1, 0, 0, 1, 0, 0, -1, 1, -1, 1, 0, 1, 0], [0, 0, 0, 0, -1, -2, 0, -2, 1, 0, 2, -1, 1, 0, 1, 0, 0], [0, 0, 0, 0, 0, 1, 0, 0, 0, 0, 0, 0, 0, 0, 0, 0, 0], [0, 0, 0, 0, 0, 0, 2, -1, 0, 0, -1, 0, -1, 1, 1, 0, 0], [0, 0, 0, 0, 0, 0, 3, -2, 0, 0, -1, 0, -1, 1, 1, 0, 0], [0, 0, 0, 0, 0, 0, 0, 0, 0, 0, 0, 1, 1, 0, -1, 0, 0], [0, 1, -1, 0, -1, -2, 2, -1, 0, -1, 0, 1, -1, 1, 1, 1, 1], [0, 0, 0, 0, 0, 0, 1, -1, 0, 0, 0, 0, -1, 1, 1, 0, 0], [0, 0, 0, 0, 0, 0, 0, 0, 0, 0, 0, 1, 0, 0, 0, 0, 0], [0, 0, 0, 0, 0, 0, 2, -2, 1, 0, 0, -1, 0, 0, 1, 0, 0], [0, 0, 0, 0, 0, 0, 1, -1, 1, 0, 1, -1, 0, 0, 0, 0, 0], [0, 0, 0, 0, 0, 0, 2, -2, 0, 0, 0, 0, 0, 0, 1, 0, 0], [-1, 0, 0, 0, -1, 0, 1, -2, 0, 0, 0, -1, 0, 0, 1, 0, 0], [1, 0, 0, 0, 1, 0, -3, 4, 0, 0, 0, 1, 0, 0, -1, 1, 1]]
[[1, 0, 0, 0, 0, 0, 0, 0, 0, 0, 0, 0, 0, 0, 0, 0, 0], [0, 1, 0, 0, 0, 0, 0, 0, 0, 0, 0, 0, 0, 0, 0, 0, 0], [0, 0, 1, 0, 0, 0, 0, 0, 0, 0, 0, 0, 0, 0, 0, 0, 0], [0, 0, 0, 1, 0, 0, 0, 0, 0, 0, 0, 0, 0, 0, 0, 0, 0], [0, 0, 0, 0, 1, 0, 0, 0, 0, 0, 0, 0, 0, 0, 0, 0, 0], [0, 0, 0, 0, 0, 1, 0, 0, 0, 0, 0, 0, 0, 0, 0, 0, 0], [0, 0, 0, 0, 0, 0, 1, 0, 0, 0, 0, 0, 0, 0, 0, 0, 0], [0, 0, 0, 0, 0, 0, 0, 1, 0, 0, 0, 0, 0, 0, 0, 0, 0], [0, 0, 0, 0, 0, 0, 0, 0, 1, 0, 0, 0, 0, 0, 0, 0, 0], [0, 0, 0, 0, 0, 0, 0, 0, 0, 1, 0, 0, 0, 0, 0, 0, 0], [0, 0, 0, 0, 0, 0, 0, 0, 0, 0, 1, 0, 0, 0, 0, 0, 0], [0, 0, 0, 0, 0, 0, 0, 0, 0, 0, 0, 1, 0, 0, 0, 0, 0], [0, 0, 0, 0, 0, 0, 0, 0, 0, 0, 0, 0, 1, 0, 0, 0, 0], [0, 0, 0, 0, 0, 0, 0, 0, 0, 0, 0, 0, 0, 1, 0, 0, 0], [0, 0, 0, 0, 0, 0, 0, 0, 0, 0, 0, 0, 0, 0, 1, 0, 0], [0, 0, 0, 0, 0, 0, 0, 0, 0, 0, 0, 0, 0, 0, 0, 1, 0], [0, 0, 0, 0, 0, 0, 0, 0, 0, 0, 0, 0, 0, 0, 0, 0, 1]]
[[0, 3, 0, -1, 0, 1, 3, 3, -2, 0, -5, 3, -1, -1, -2, -2, 0], [0, -1, 0, 1, 0, -1, -2, -2, 1, 0, 3, -2, 1, 0, 1, 1, 0], [0, 3, 0, -1, -1, -1, 3, 2, -1, 0, -4, 3, -1, 0, -1, 0, 1], [1, 1, 0, 0, 0, -1, 1, 1, 0, 0, -1, 1, -1, 1, 0, 0, 0], [0, -2, 0, 1, 1, 1, -2, -2, 1, 0, 3, -2, 1, 0, 1, 1, 0], [0, 0, 0, 0, 0, -1, 0, 0, 0, 0, 0, 0, 0, 0, 0, 0, 0], [0, -1, 0, 0, 0, 0, 0, -1, 0, 0, 1, -1, 0, 1, 1, 0, 0], [0, -3, 0, 1, 0, -1, -3, -2, 1, 0, 4, -3, 1, 1, 2, 1, 0], [0, 0, 0, 0, 0, 0, 0, 0, 1, 0, 0, 0, 0, 0, 0, 0, 0], [0, -1, 0, 1, 0, -1, -1, -1, 0, -1, 2, 0, 0, 1, 1, 1, 0], [0, -1, 0, 1, 0, -1, -1, -1, 0, 0, 1, 0, 0, 1, 1, 1, 0], [0, 0, 0, 0, 0, 0, 0, 0, 0, 0, 0, 1, 0, 0, 0, 0, 0], [0, -2, 0, 0, 0, 0, -2, -2, 1, 0, 4, -3, 2, 0, 1, 0, 0], [0, -1, 0, 1, 0, -1, -1, -1, 1, 0, 2, -1, 1, 0, 0, 1, 0], [0, -2, 0, 0, 0, 0, -2, -2, 1, 0, 4, -3, 1, 0, 2, 0, 0], [-1, -2, 0, 0, 0, 0, -2, -2, 0, 0, 3, -3, 1, 0, 1, 0, 0], [1, 3, 1, 0, 1, 0, 3, 4, -1, 0, -6, 5, -2, 0, -2, 0, 0]]
[[1, 0, 0, 0, 0, 0, 0, 0, 0, 0, 0, 0, 0, 0, 0, 0, 0], [0, 1, 0, 0, 0, 0, 0, 0, 0, 0, 0, 0, 0, 0, 0, 0, 0], [0, 0, 1, 0, 0, 0, 0, 0, 0, 0, 0, 0, 0, 0, 0, 0, 0], [0, 0, 0, 1, 0, 0, 0, 0, 0, 0, 0, 0, 0, 0, 0, 0, 0], [0, 0, 0, 0, 1, 0, 0, 0, 0, 0, 0, 0, 0, 0, 0, 0, 0], [0, 0, 0, 0, 0, 1, 0, 0, 0, 0, 0, 0, 0, 0, 0, 0, 0], [0, 0, 0, 0, 0, 0, 1, 0, 0, 0, 0, 0, 0, 0, 0, 0, 0], [0, 0, 0, 0, 0, 0, 0, 1, 0, 0, 0, 0, 0, 0, 0, 0, 0], [0, 0, 0, 0, 0, 0, 0, 0, 1, 0, 0, 0, 0, 0, 0, 0, 0], [0, 0, 0, 0, 0, 0, 0, 0, 0, 1, 0, 0, 0, 0, 0, 0, 0], [0, 0, 0, 0, 0, 0, 0, 0, 0, 0, 1, 0, 0, 0, 0, 0, 0], [0, 0, 0, 0, 0, 0, 0, 0, 0, 0, 0, 1, 0, 0, 0, 0, 0], [0, 0, 0, 0, 0, 0, 0, 0, 0, 0, 0, 0, 1, 0, 0, 0, 0], [0, 0, 0, 0, 0, 0, 0, 0, 0, 0, 0, 0, 0, 1, 0, 0, 0], [0, 0, 0, 0, 0, 0, 0, 0, 0, 0, 0, 0, 0, 0, 1, 0, 0], [0, 0, 0, 0, 0, 0, 0, 0, 0, 0, 0, 0, 0, 0, 0, 1, 0], [0, 0, 0, 0, 0, 0, 0, 0, 0, 0, 0, 0, 0, 0, 0, 0, 1]]
[[1, 0, 0, -1, 0, 1, 3, 0, 0, 0, -2, 2, 0, 0, 0, -1, 0], [0, 1, 0, 0, 0, 0, 0, 0, 0, 0, 0, 0, 0, 0, 0, 0, 0], [0, 1, 0, -2, -1, 1, 5, 0, 0, 0, -3, 3, 0, 0, 0, -1, 1], [0, 0, 0, 0, 0, 1, 1, 0, 0, 0, 0, 0, 0, 0, 0, -1, 0], [0, 0, 0, 1, 1, -1, -2, 0, 0, 0, 1, -1, 0, 0, 0, 1, 0], [0, 0, 0, 0, 0, 1, 0, 0, 0, 0, 0, 0, 0, 0, 0, 0, 0], [0, 0, 0, 1, 0, -1, -2, 0, 0, 0, 2, -2, 0, 0, 0, 1, 0], [0, 0, 0, 1, 0, -1, -3, 1, 0, 0, 2, -2, 0, 0, 0, 1, 0], [0, 0, 0, 0, 0, 0, 0, 0, 1, 0, 0, 0, 0, 0, 0, 0, 0], [0, -1, 1, 1, 1, 0, -2, 0, 0, 1, 1, -1, 0, 0, 0, 0, -1], [0, 0, 0, 1, 0, -1, -1, 0, 0, 0, 1, 0, 0, 0, 0, 1, 0], [0, 0, 0, 0, 0, 0, 0, 0, 0, 0, 0, 1, 0, 0, 0, 0, 0], [0, 0, 0, 1, 0, -1, -4, 0, 0, 0, 3, -3, 1, 0, 0, 1, 0], [0, 0, 0, 1, 0, -1, -1, 0, 0, 0, 0, 0, 0, 1, 0, 1, 0], [0, 0, 0, 1, 0, -1, -4, 0, 0, 0, 3, -3, 0, 0, 1, 1, 0], [0, 0, 0, 0, 0, 0, -2, 0, 0, 0, 2, -2, 0, 0, 0, 1, 0], [0, -1, 1, -1, 1, 2, 5, 0, 0, 0, -4, 4, 0, 0, 0, -2, 0]]
[[0, -3, 0, 2, 0, -2, -7, -3, 2, 0, 7, -5, 2, 0, 2, 3, 0], [0, 1, 0, -1, 0, 1, 2, 2, -1, 0, -3, 2, -1, 0, -1, -1, 0], [0, -4, 1, 3, 2, -1, -8, -2, 2, 0, 7, -5, 2, 0, 2, 3, 0], [-1, -1, 0, 1, 0, 0, -1, -1, 0, 0, 1, -1, 0, 0, 0, 1, 0], [0, 2, 0, -2, -1, 0, 4, 2, -1, 0, -4, 3, -1, 0, -1, -2, 0], [0, 0, 0, 0, 0, 1, 0, 0, 0, 0, 0, 0, 0, 0, 0, 0, 0], [0, 2, -1, -1, -1, 1, 5, 1, -1, 0, -4, 3, -2, 0, -2, -2, -1], [0, 4, -1, -2, -1, 2, 8, 2, -2, 0, -7, 5, -3, 0, -3, -3, -1], [0, -1, 1, 0, 1, 0, -1, 0, 0, 0, 1, 0, 1, 0, 1, 1, 1], [0, 1, 0, -1, 0, 1, 3, 1, 0, 1, -3, 1, -1, 0, -1, -1, 0], [0, 1, 0, -1, 0, 1, 3, 1, 0, 0, -2, 1, -1, 0, -1, -1, 0], [0, -1, 1, 0, 1, 0, -1, 0, 1, 0, 1, -1, 1, 0, 1, 1, 1], [0, 3, -1, -2, -1, 2, 7, 2, -2, 0, -7, 5, -3, 0, -2, -3, -1], [0, 1, 0, -1, 0, 1, 3, 1, -1, 0, -3, 2, -2, 1, 0, -1, 0], [0, 3, -1, -2, -1, 2, 7, 2, -2, 0, -7, 5, -2, 0, -3, -3, -1], [1, 3, -1, -1, -1, 1, 5, 2, -1, 0, -5, 4, -2, 0, -2, -2, -1], [-1, -5, 1, 3, 1, -3, -11, -4, 3, 0, 11, -8, 4, 0, 4, 5, 2]]
[[1, 0, 0, 0, 0, 0, 0, 0, 0, 0, 0, 0, 0, 0, 0, 0, 0], [0, 1, 0, 0, 0, 0, 0, 0, 0, 0, 0, 0, 0, 0, 0, 0, 0], [0, 0, 1, 0, 0, 0, 0, 0, 0, 0, 0, 0, 0, 0, 0, 0, 0], [0, 0, 0, 1, 0, 0, 0, 0, 0, 0, 0, 0, 0, 0, 0, 0, 0], [0, 0, 0, 0, 1, 0, 0, 0, 0, 0, 0, 0, 0, 0, 0, 0, 0], [0, 0, 0, 0, 0, 1, 0, 0, 0, 0, 0, 0, 0, 0, 0, 0, 0], [0, 0, 0, 0, 0, 0, 1, 0, 0, 0, 0, 0, 0, 0, 0, 0, 0], [0, 0, 0, 0, 0, 0, 0, 1, 0, 0, 0, 0, 0, 0, 0, 0, 0], [0, 0, 0, 0, 0, 0, 0, 0, 1, 0, 0, 0, 0, 0, 0, 0, 0], [0, 0, 0, 0, 0, 0, 0, 0, 0, 1, 0, 0, 0, 0, 0, 0, 0], [0, 0, 0, 0, 0, 0, 0, 0, 0, 0, 1, 0, 0, 0, 0, 0, 0], [0, 0, 0, 0, 0, 0, 0, 0, 0, 0, 0, 1, 0, 0, 0, 0, 0], [0, 0, 0, 0, 0, 0, 0, 0, 0, 0, 0, 0, 1, 0, 0, 0, 0], [0, 0, 0, 0, 0, 0, 0, 0, 0, 0, 0, 0, 0, 1, 0, 0, 0], [0, 0, 0, 0, 0, 0, 0, 0, 0, 0, 0, 0, 0, 0, 1, 0, 0], [0, 0, 0, 0, 0, 0, 0, 0, 0, 0, 0, 0, 0, 0, 0, 1, 0], [0, 0, 0, 0, 0, 0, 0, 0, 0, 0, 0, 0, 0, 0, 0, 0, 1]]
[[1, -3, 0, 2, 2, 0, -4, 0, 1, 0, 2, -2, 0, 0, 1, 2, 0], [0, 1, 0, 0, 0, 0, 0, 0, 0, 0, 0, 0, 0, 0, 0, 0, 0], [0, -3, 0, 2, 2, 0, -4, 0, 1, 0, 2, -2, 0, 0, 1, 3, 1], [0, -1, 0, 1, 1, 1, -1, 0, 0, 0, 1, -1, 0, 0, 0, 0, 0], [0, 2, 0, -1, -1, -1, 2, 0, 0, 0, -1, 1, 0, 0, 0, -1, 0], [0, 0, 0, 0, 0, 1, 0, 0, 0, 0, 0, 0, 0, 0, 0, 0, 0], [0, 1, 0, -1, -1, 0, 2, 0, 0, 0, 0, 0, 0, 0, 0, -1, 0], [0, 3, 0, -2, -2, 0, 4, 1, -1, 0, -2, 2, 0, 0, -1, -2, 0], [0, 0, 0, 0, 1, 1, 1, 0, 0, 0, -1, 1, 0, 0, -1, 0, 0], [0, 0, 1, 0, 0, 0, 0, 0, 0, 1, 0, 0, 0, 0, 0, -1, -1], [0, 1, 0, 0, -1, -1, 1, 0, 0, 0, 0, 1, 0, 0, 0, 0, 0], [0, 0, 0, 0, 0, 0, 0, 0, 0, 0, 0, 1, 0, 0, 0, 0, 0], [0, 2, 0, -2, -2, 0, 2, 0, 0, 0, 0, 0, 1, 0, 0, -2, 0], [0, 1, 0, 0, -1, -1, 1, 0, 0, 0, -1, 1, 0, 1, 0, 0, 0], [0, 2, 0, -2, -1, 1, 3, 0, -1, 0, -1, 1, 0, 0, 0, -2, 0], [0, 2, 0, -2, -2, 0, 2, 0, 0, 0, 0, 0, 0, 0, 0, -1, 0], [0, -5, 1, 4, 4, 0, -6, 0, 1, 0, 2, -2, 0, 0, 1, 3, 0]]
[[0, 0, 0, 1, -1, -3, -2, -3, 1, 0, 3, -2, 1, 0, 1, 2, 0], [0, 1, 0, -1, 0, 1, 2, 2, -1, 0, -3, 2, -1, 0, -1, -1, 0], [0, 1, 0, 1, -1, -3, -1, -2, 1, 0, 2, -1, 1, 0, 1, 2, 1], [-1, 0, 0, 0, -1, -1, 0, -1, 0, 0, 1, -1, 0, 0, 0, 0, 0], [0, 0, 0, -1, 1, 3, 2, 2, -1, 0, -3, 2, -1, 0, -1, -1, 0], [0, 0, 0, 0, 0, -1, 0, 0, 0, 0, 0, 0, 0, 0, 0, 0, 0], [0, 1, -1, -1, -1, 1, 3, 1, -1, 0, -2, 2, -1, 0, -2, -2, -1], [0, 1, -1, -1, -1, 1, 2, 2, -1, 0, -2, 2, -1, 0, -2, -2, -1], [0, -1, 1, 0, 1, 0, -1, 0, 1, 0, 1, -1, 0, 0, 2, 1, 1], [0, -1, 1, 0, 1, 2, 0, 1, 0, 1, -1, 0, 0, 0, -1, -1, -1], [0, 0, 0, 0, 0, 0, 1, 1, 0, 0, -1, 1, 0, 0, -1, 0, 0], [0, -1, 1, 0, 1, 0, -1, 0, 1, 0, 1, -1, 1, 0, 1, 1, 1], [0, 1, -1, -2, -1, 2, 3, 2, -2, 0, -3, 3, -1, 0, -2, -3, -1], [0, 0, 0, 0, 0, 0, 1, 1, -1, 0, -2, 2, -1, 1, 0, 0, 0], [0, 1, -1, -2, -1, 2, 3, 2, -1, 0, -3, 2, -1, 0, -2, -3, -1], [1, 1, -1, -1, 0, 1, 2, 2, -1, 0, -2, 2, -1, 0, -2, -2, -1], [-1, -2, 2, 3, 1, -3, -5, -4, 2, 0, 5, -4, 2, 0, 3, 4, 1]]
[[-1, 0, 0, 0, 1, 2, 1, 0, 0, 0, -1, 0, -1, 0, 0, 0, 0], [0, -1, 0, 0, 0, 0, 0, 0, 0, 0, 0, 0, 0, 0, 0, 0, 0], [0, 0, -1, 0, 1, 2, 1, 0, 0, 0, -1, 0, -1, 0, 0, 0, 0], [0, 0, 0, -1, 0, 1, 0, 0, 0, 0, 0, 0, 0, 0, 0, 0, 0], [0, 0, 0, 0, -1, -2, 0, 0, 0, 0, 0, 0, 0, 0, 0, 0, 0], [0, 0, 0, 0, 0, 1, 0, 0, 0, 0, 0, 0, 0, 0, 0, 0, 0], [0, 0, 0, 0, -1, -1, -2, 0, 0, 0, 1, 0, 1, 0, 0, 0, 0], [0, 0, 0, 0, -2, -2, -2, -1, 0, 0, 2, 0, 2, 0, 0, 0, 0], [0, 0, 0, 0, 1, 1, 1, 0, -1, 0, -1, 0, -1, 0, 0, 0, 0], [0, 0, 0, 0, -1, -2, -1, 0, 0, -1, 1, 0, 1, 0, 0, 0, 0], [0, 0, 0, 0, -1, -1, -1, 0, 0, 0, 0, 0, 1, 0, 0, 0, 0], [0, 0, 0, 0, 0, 0, 0, 0, 0, 0, 0, -1, 0, 0, 0, 0, 0], [0, 0, 0, 0, -2, -2, -2, 0, 0, 0, 2, 0, 1, 0, 0, 0, 0], [0, 0, 0, 0, -1, -1, -1, 0, 0, 0, 1, 0, 1, -1, 0, 0, 0], [0, 0, 0, 0, -1, -1, -1, 0, 0, 0, 1, 0, 1, 0, -1, 0, 0], [0, 0, 0, 0, -1, 0, -1, 0, 0, 0, 1, 0, 1, 0, 0, -1, 0], [0, 0, 0, 0, 2, 2, 2, 0, 0, 0, -2, 0, -2, 0, 0, 0, -1]]
[[1, 0, 0, 0, 0, 0, 0, 0, 0, 0, 0, 0, 0, 0, 0, 0, 0], [0, 1, 0, 0, 0, 0, 0, 0, 0, 0, 0, 0, 0, 0, 0, 0, 0], [0, 0, 1, 0, 0, 0, 0, 0, 0, 0, 0, 0, 0, 0, 0, 0, 0], [0, 0, 0, 1, 0, 0, 0, 0, 0, 0, 0, 0, 0, 0, 0, 0, 0], [0, 0, 0, 0, 1, 0, 0, 0, 0, 0, 0, 0, 0, 0, 0, 0, 0], [0, 0, 0, 0, 0, 1, 0, 0, 0, 0, 0, 0, 0, 0, 0, 0, 0], [0, 0, 0, 0, 0, 0, 1, 0, 0, 0, 0, 0, 0, 0, 0, 0, 0], [0, 0, 0, 0, 0, 0, 0, 1, 0, 0, 0, 0, 0, 0, 0, 0, 0], [0, 0, 0, 0, 0, 0, 0, 0, 1, 0, 0, 0, 0, 0, 0, 0, 0], [0, 0, 0, 0, 0, 0, 0, 0, 0, 1, 0, 0, 0, 0, 0, 0, 0], [0, 0, 0, 0, 0, 0, 0, 0, 0, 0, 1, 0, 0, 0, 0, 0, 0], [0, 0, 0, 0, 0, 0, 0, 0, 0, 0, 0, 1, 0, 0, 0, 0, 0], [0, 0, 0, 0, 0, 0, 0, 0, 0, 0, 0, 0, 1, 0, 0, 0, 0], [0, 0, 0, 0, 0, 0, 0, 0, 0, 0, 0, 0, 0, 1, 0, 0, 0], [0, 0, 0, 0, 0, 0, 0, 0, 0, 0, 0, 0, 0, 0, 1, 0, 0], [0, 0, 0, 0, 0, 0, 0, 0, 0, 0, 0, 0, 0, 0, 0, 1, 0], [0, 0, 0, 0, 0, 0, 0, 0, 0, 0, 0, 0, 0, 0, 0, 0, 1]]
[[1, 0, 0, 0, 0, 0, 0, 0, 0, 0, 0, 0, 0, 0, 0, 0, 0], [0, 1, 0, 0, 0, 0, 0, 0, 0, 0, 0, 0, 0, 0, 0, 0, 0], [0, 0, 1, 0, 0, 0, 0, 0, 0, 0, 0, 0, 0, 0, 0, 0, 0], [0, 0, 0, 1, 0, 0, 0, 0, 0, 0, 0, 0, 0, 0, 0, 0, 0], [0, 0, 0, 0, 1, 0, 0, 0, 0, 0, 0, 0, 0, 0, 0, 0, 0], [0, 0, 0, 0, 0, 1, 0, 0, 0, 0, 0, 0, 0, 0, 0, 0, 0], [0, 0, 0, 0, 0, 0, 1, 0, 0, 0, 0, 0, 0, 0, 0, 0, 0], [0, 0, 0, 0, 0, 0, 0, 1, 0, 0, 0, 0, 0, 0, 0, 0, 0], [0, 0, 0, 0, 0, 0, 0, 0, 1, 0, 0, 0, 0, 0, 0, 0, 0], [0, 0, 0, 0, 0, 0, 0, 0, 0, 1, 0, 0, 0, 0, 0, 0, 0], [0, 0, 0, 0, 0, 0, 0, 0, 0, 0, 1, 0, 0, 0, 0, 0, 0], [0, 0, 0, 0, 0, 0, 0, 0, 0, 0, 0, 1, 0, 0, 0, 0, 0], [0, 0, 0, 0, 0, 0, 0, 0, 0, 0, 0, 0, 1, 0, 0, 0, 0], [0, 0, 0, 0, 0, 0, 0, 0, 0, 0, 0, 0, 0, 1, 0, 0, 0], [0, 0, 0, 0, 0, 0, 0, 0, 0, 0, 0, 0, 0, 0, 1, 0, 0], [0, 0, 0, 0, 0, 0, 0, 0, 0, 0, 0, 0, 0, 0, 0, 1, 0], [0, 0, 0, 0, 0, 0, 0, 0, 0, 0, 0, 0, 0, 0, 0, 0, 1]]

Generators of monodromy action on conics:
(49,146)(50,145)(53,149)(54,150)(61,192)(62,191)(63,160)(64,159)(67,203)(68,204)(71,208)(72,207)(73,212)(74,211)(77,209)(78,210)(83,296)(84,295)(87,284)(88,283)(89,402)(90,401)(91,319)(92,320)(93,370)(94,369)(95,405)(96,406)(99,416)(100,415)(101,414)(102,413)(103,325)(104,326)(105,386)(106,385)(107,348)(108,347)(109,329)(110,330)(113,328)(114,327)(115,350)(116,349)(117,387)(118,388)(119,324)(120,323)(121,399)(122,400)(123,397)(124,398)(125,372)(126,371)(127,396)(128,395)(129,264)(130,263)(131,272)(132,271)(139,247)(140,248)(143,239)(144,240)(157,196)(158,195)(161,197)(162,198)(163,176)(164,175)(181,193)(182,194)(221,252)(222,251)(225,234)(226,233)(227,257)(228,258)(241,253)(242,254)(273,306)(274,305)(285,311)(286,312)(289,294)(290,293)(297,301)(298,302)(313,394)(314,393)(315,384)(316,383)(317,376)(318,375)(331,351)(332,352)(345,360)(346,359)(361,403)(362,404)(363,392)(364,391)(365,379)(366,380)
(5,15)(6,16)(7,19)(8,20)(9,22)(10,21)(11,23)(12,24)(25,37)(26,38)(27,39)(28,40)(29,42)(30,41)(33,43)(34,44)(49,67)(50,68)(51,65)(52,66)(53,72)(54,71)(55,69)(56,70)(57,79)(58,80)(59,76)(60,75)(61,77)(62,78)(63,73)(64,74)(81,135)(82,136)(83,131)(84,132)(85,134)(86,133)(87,129)(88,130)(89,109)(90,110)(91,139)(92,140)(93,115)(94,116)(95,117)(96,118)(97,137)(98,138)(99,103)(100,104)(101,143)(102,144)(105,124)(106,123)(107,125)(108,126)(111,141)(112,142)(113,127)(114,128)(119,121)(120,122)(145,204)(146,203)(147,202)(148,201)(149,207)(150,208)(151,205)(152,206)(155,215)(156,216)(157,198)(158,197)(159,211)(160,212)(161,195)(162,196)(163,193)(164,194)(165,190)(166,189)(167,187)(168,188)(171,214)(172,213)(175,182)(176,181)(191,210)(192,209)(217,266)(218,265)(219,267)(220,268)(221,227)(222,228)(223,246)(224,245)(225,242)(226,241)(229,235)(230,236)(231,256)(232,255)(233,253)(234,254)(237,250)(238,249)(239,414)(240,413)(243,410)(244,409)(247,319)(248,320)(251,258)(252,257)(259,337)(260,338)(261,277)(262,278)(263,283)(264,284)(269,282)(270,281)(271,295)(272,296)(273,312)(274,311)(285,305)(286,306)(289,301)(290,302)(293,298)(294,297)(313,351)(314,352)(315,376)(316,375)(317,384)(318,383)(321,412)(322,411)(323,400)(324,399)(325,416)(326,415)(327,395)(328,396)(329,402)(330,401)(331,394)(332,393)(333,381)(334,382)(335,374)(336,373)(339,344)(340,343)(341,353)(342,354)(345,362)(346,361)(347,371)(348,372)(349,369)(350,370)(355,377)(356,378)(357,390)(358,389)(359,403)(360,404)(363,380)(364,379)(365,391)(366,392)(367,408)(368,407)(385,397)(386,398)(387,405)(388,406)
(5,33)(6,34)(7,29)(8,30)(9,27)(10,28)(11,25)(12,26)(15,43)(16,44)(19,42)(20,41)(21,40)(22,39)(23,37)(24,38)(49,91)(50,92)(51,111)(52,112)(53,102)(54,101)(55,98)(56,97)(57,81)(58,82)(59,85)(60,86)(61,87)(62,88)(63,83)(64,84)(65,141)(66,142)(67,139)(68,140)(69,138)(70,137)(71,143)(72,144)(73,131)(74,132)(75,133)(76,134)(77,129)(78,130)(79,135)(80,136)(89,115)(90,116)(93,109)(94,110)(95,121)(96,122)(99,124)(100,123)(103,105)(104,106)(107,127)(108,128)(113,125)(114,126)(117,119)(118,120)(145,320)(146,319)(147,409)(148,410)(149,413)(150,414)(151,338)(152,337)(153,184)(154,183)(155,278)(156,277)(157,161)(158,162)(159,295)(160,296)(163,182)(164,181)(165,188)(166,187)(167,189)(168,190)(169,177)(170,178)(171,281)(172,282)(173,200)(174,199)(175,193)(176,194)(179,186)(180,185)(191,283)(192,284)(195,198)(196,197)(201,243)(202,244)(203,247)(204,248)(205,260)(206,259)(207,240)(208,239)(209,264)(210,263)(211,271)(212,272)(213,269)(214,270)(215,262)(216,261)(217,268)(218,267)(219,265)(220,266)(221,258)(222,257)(225,253)(226,254)(227,251)(228,252)(233,242)(234,241)(273,285)(274,286)(275,304)(276,303)(279,291)(280,292)(287,310)(288,309)(289,298)(290,297)(293,301)(294,302)(299,308)(300,307)(305,312)(306,311)(313,332)(314,331)(315,376)(316,375)(317,384)(318,383)(323,388)(324,387)(325,386)(326,385)(327,371)(328,372)(329,370)(330,369)(333,373)(334,374)(335,382)(336,381)(345,403)(346,404)(347,395)(348,396)(349,401)(350,402)(351,393)(352,394)(355,389)(356,390)(357,378)(358,377)(359,362)(360,361)(363,380)(364,379)(365,391)(366,392)(397,415)(398,416)(399,405)(400,406)
(1,3)(2,4)(5,16)(6,15)(7,20)(8,19)(9,21)(10,22)(11,24)(12,23)(13,18)(14,17)(25,38)(26,37)(27,40)(28,39)(29,41)(30,42)(31,36)(32,35)(33,44)(34,43)(45,48)(46,47)(49,207)(50,208)(51,66)(52,65)(53,203)(54,204)(55,70)(56,69)(57,80)(58,79)(59,75)(60,76)(61,211)(62,212)(63,210)(64,209)(67,149)(68,150)(71,145)(72,146)(73,191)(74,192)(77,159)(78,160)(81,136)(82,135)(83,263)(84,264)(85,133)(86,134)(87,271)(88,272)(89,347)(90,348)(91,240)(92,239)(93,327)(94,328)(95,415)(96,416)(97,138)(98,137)(99,406)(100,405)(101,248)(102,247)(103,388)(104,387)(105,323)(106,324)(107,401)(108,402)(109,371)(110,372)(111,142)(112,141)(113,369)(114,370)(115,395)(116,396)(117,326)(118,325)(119,385)(120,386)(121,397)(122,398)(123,399)(124,400)(125,330)(126,329)(127,349)(128,350)(129,295)(130,296)(131,283)(132,284)(139,413)(140,414)(143,320)(144,319)(147,201)(148,202)(151,206)(152,205)(153,184)(154,183)(155,216)(156,215)(157,197)(158,198)(161,196)(162,195)(163,194)(164,193)(165,189)(166,190)(167,188)(168,187)(169,177)(170,178)(171,213)(172,214)(173,200)(174,199)(175,181)(176,182)(179,186)(180,185)(217,265)(218,266)(219,268)(220,267)(221,228)(222,227)(225,241)(226,242)(233,254)(234,253)(243,409)(244,410)(251,257)(252,258)(259,338)(260,337)(261,278)(262,277)(269,281)(270,282)(273,311)(274,312)(275,304)(276,303)(279,291)(280,292)(285,306)(286,305)(287,310)(288,309)(289,302)(290,301)(293,297)(294,298)(299,308)(300,307)(313,352)(314,351)(331,393)(332,394)(333,382)(334,381)(335,373)(336,374)(345,361)(346,362)(355,378)(356,377)(357,389)(358,390)(359,404)(360,403)
(1,47)(2,48)(3,46)(4,45)(5,44)(6,43)(7,41)(8,42)(9,40)(10,39)(11,38)(12,37)(13,36)(14,35)(15,34)(16,33)(17,32)(18,31)(19,30)(20,29)(21,27)(22,28)(23,26)(24,25)(165,167)(166,168)(187,190)(188,189)(217,219)(218,220)(265,268)(266,267)(315,317)(316,318)(333,335)(334,336)(355,357)(356,358)(363,366)(364,365)(373,382)(374,381)(375,383)(376,384)(377,390)(378,389)(379,391)(380,392)
(1,48)(2,47)(3,45)(4,46)(5,43)(6,44)(7,42)(8,41)(9,39)(10,40)(11,37)(12,38)(13,35)(14,36)(15,33)(16,34)(17,31)(18,32)(19,29)(20,30)(21,28)(22,27)(23,25)(24,26)(49,50)(51,52)(53,54)(55,56)(57,58)(59,60)(61,62)(63,64)(65,66)(67,68)(69,70)(71,72)(73,74)(75,76)(77,78)(79,80)(81,82)(83,84)(85,86)(87,88)(89,90)(91,92)(93,94)(95,96)(97,98)(99,100)(101,102)(103,104)(105,106)(107,108)(109,110)(111,112)(113,114)(115,116)(117,118)(119,120)(121,122)(123,124)(125,126)(127,128)(129,130)(131,132)(133,134)(135,136)(137,138)(139,140)(141,142)(143,144)(145,146)(147,148)(149,150)(151,152)(153,154)(155,156)(157,158)(159,160)(161,162)(163,164)(165,168)(166,167)(169,170)(171,172)(173,174)(175,176)(177,178)(179,180)(181,182)(183,184)(185,186)(187,189)(188,190)(191,192)(193,194)(195,196)(197,198)(199,200)(201,202)(203,204)(205,206)(207,208)(209,210)(211,212)(213,214)(215,216)(217,220)(218,219)(221,222)(223,224)(225,226)(227,228)(229,230)(231,232)(233,234)(235,236)(237,238)(239,240)(241,242)(243,244)(245,246)(247,248)(249,250)(251,252)(253,254)(255,256)(257,258)(259,260)(261,262)(263,264)(265,267)(266,268)(269,270)(271,272)(273,274)(275,276)(277,278)(279,280)(281,282)(283,284)(285,286)(287,288)(289,290)(291,292)(293,294)(295,296)(297,298)(299,300)(301,302)(303,304)(305,306)(307,308)(309,310)(311,312)(313,314)(315,318)(316,317)(319,320)(321,322)(323,324)(325,326)(327,328)(329,330)(331,332)(333,336)(334,335)(337,338)(339,340)(341,342)(343,344)(345,346)(347,348)(349,350)(351,352)(353,354)(355,358)(356,357)(359,360)(361,362)(363,365)(364,366)(367,368)(369,370)(371,372)(373,381)(374,382)(375,384)(376,383)(377,389)(378,390)(379,392)(380,391)(385,386)(387,388)(393,394)(395,396)(397,398)(399,400)(401,402)(403,404)(405,406)(407,408)(409,410)(411,412)(413,414)(415,416)
