
#########################################################
# DATA FOR CRYSTALLOGRAPHIC QUARTIC SURFACE FAMILY 31.2 #
#########################################################

##################
# GROUP & FAMILY #
##################

Generators of crystallographic group:
[[0, 0, 1, 0], [1, 0, 0, 0], [0, 0, 0, 1], [0, 1, 0, 0]]
[[1, -1, 0, 0], [1, 0, -1, 0], [1, 0, 0, -1], [1, 0, 0, 0]]

Invariant polynomials:
x^4 - x^3*y - x*y^3 + y^4 - x^3*z + 3*x*y^2*z - y^3*z - x*z^3 - y*z^3 + z^4 - x^3*w - y^3*w + 3*x^2*z*w - 3*x*y*z*w + 3*y*z^2*w - z^3*w + 3*x*y*w^2 - x*w^3 - y*w^3 - z*w^3 + w^4
x^2*y^2 - 2*x*y^2*z + x^2*z^2 + y^2*z^2 - 2*x^2*z*w + 2*x*y*z*w - 2*y*z^2*w + x^2*w^2 - 2*x*y*w^2 + y^2*w^2 + z^2*w^2
x^2*y*z - 2*x*y^2*z + x*y*z^2 + x^2*y*w + x*y^2*w - 2*x^2*z*w + y^2*z*w + x*z^2*w - 2*y*z^2*w - 2*x*y*w^2 + x*z*w^2 + y*z*w^2

Equivalent crystallographic groups:

############
# HOMOLOGY #
############

Intersection product:
[[-2, 1, 0, -2, -1, 1, -1, 0, 0, 1, 1, 0, 0, 0, 1, 0, 0, 0, -1, -1, 0, 0], [1, -4, 1, 2, -1, 0, 1, -1, 2, 0, -1, 1, 1, -1, 0, 1, 1, 1, 1, 2, -1, 0], [0, 1, -2, -1, 0, 0, -1, 1, -1, 0, 0, 0, 0, 0, 0, 0, -1, 0, -1, -1, 0, 0], [-2, 2, -1, -4, -1, 1, -2, 1, -1, 2, 1, 0, 1, -1, 2, 1, 0, 1, -3, -2, 0, 1], [-1, -1, 0, -1, -2, 0, 0, -1, 1, 1, 0, 1, 1, 0, 0, 0, 1, 0, 0, 1, 0, 0], [1, 0, 0, 1, 0, -2, 1, -1, 0, -1, -1, 0, -1, 1, -2, -2, 0, -2, 2, 0, 0, -1], [-1, 1, -1, -2, 0, 1, -2, 1, -1, 1, 0, 0, 1, -1, 1, 1, 0, 1, -2, -1, 0, 1], [0, -1, 1, 1, -1, -1, 1, -2, 1, 0, 0, 1, 0, 1, -1, -1, 1, -1, 2, 1, 0, -1], [0, 2, -1, -1, 1, 0, -1, 1, -2, 0, 0, -1, -1, 0, 0, -1, -1, -1, -1, -2, 0, 0], [1, 0, 0, 2, 1, -1, 1, 0, 0, -2, 0, 0, -1, 1, -1, -1, -1, -1, 1, 0, 0, -1], [1, -1, 0, 1, 0, -1, 0, 0, 0, 0, -2, 0, 0, -1, 0, 0, 0, 0, 0, 0, -1, 0], [0, 1, 0, 0, 1, 0, 0, 1, -1, 0, 0, -2, -1, 0, 1, 0, -1, 0, -1, -2, -1, 0], [0, 1, 0, 1, 1, -1, 1, 0, -1, -1, 0, -1, -2, 1, 0, -1, -1, -1, 0, -1, 0, -1], [0, -1, 0, -1, 0, 1, -1, 1, 0, 1, -1, 0, 1, -4, 3, 3, 0, 3, -3, 0, -1, 2], [1, 0, 0, 2, 0, -2, 1, -1, 0, -1, 0, 1, 0, 3, -4, -3, 0, -3, 3, 0, 0, -2], [0, 1, 0, 1, 0, -2, 1, -1, -1, -1, 0, 0, -1, 3, -3, -4, 0, -3, 2, -1, 0, -2], [0, 1, -1, 0, 1, 0, 0, 1, -1, -1, 0, -1, -1, 0, 0, 0, -2, 0, -1, -1, 0, 0], [0, 1, 0, 1, 0, -2, 1, -1, -1, -1, 0, 0, -1, 3, -3, -3, 0, -4, 2, -1, 0, -2], [-1, 1, -1, -3, 0, 2, -2, 2, -1, 1, 0, -1, 0, -3, 3, 2, -1, 2, -4, -1, 0, 2], [-1, 2, -1, -2, 1, 0, -1, 1, -2, 0, 0, -2, -1, 0, 0, -1, -1, -1, -1, -4, -1, 0], [0, -1, 0, 0, 0, 0, 0, 0, 0, 0, -1, -1, 0, -1, 0, 0, 0, 0, 0, -1, -2, 0], [0, 0, 0, 1, 0, -1, 1, -1, 0, -1, 0, 0, -1, 2, -2, -2, 0, -2, 2, 0, 0, -2]]

Basis of the generic Picard lattice:
[1, 0, 0, 0, 0, 0, 0, 0, 0, 0, 0, 0, 0, 0, 0, 0, 0, 1, 1, -2, -2, 2]
[0, 1, 0, 0, 0, 0, 0, 0, 0, 0, 0, 0, 0, 0, 0, 0, 0, 1, 1, 1, -1, 0]
[0, 0, 1, 0, 0, 0, 0, 0, 0, 0, 0, 0, 0, 0, 0, 0, 0, 0, 0, 0, -1, 0]
[0, 0, 0, 1, 0, 0, 0, 0, 0, 0, 0, 0, 0, 0, 0, 0, 0, 0, 0, -2, -2, 1]
[0, 0, 0, 0, 1, 0, 0, 0, 0, 0, 0, 0, 0, 0, 0, 0, 0, 0, 0, 0, -1, 0]
[0, 0, 0, 0, 0, 1, 0, 0, 0, 0, 0, 0, 0, 0, 0, 0, 0, 0, 0, 0, 1, 0]
[0, 0, 0, 0, 0, 0, 1, 0, 0, 0, 0, 0, 0, 0, 0, 0, 0, 1, 0, 0, 0, -1]
[0, 0, 0, 0, 0, 0, 0, 1, 0, 0, 0, 0, 0, 0, 0, 0, 0, 1, 1, -1, 0, 0]
[0, 0, 0, 0, 0, 0, 0, 0, 1, 0, 0, 0, 0, 0, 0, 0, 0, 0, 0, -1, 0, 1]
[0, 0, 0, 0, 0, 0, 0, 0, 0, 1, 0, 0, 0, 0, 0, 0, 0, 1, 1, 2, 2, -1]
[0, 0, 0, 0, 0, 0, 0, 0, 0, 0, 1, 0, 0, 0, 0, 0, 0, 1, 1, 2, 1, 0]
[0, 0, 0, 0, 0, 0, 0, 0, 0, 0, 0, 1, 0, 0, 0, 0, 0, 1, 1, 0, 1, 0]
[0, 0, 0, 0, 0, 0, 0, 0, 0, 0, 0, 0, 1, 0, 0, 0, 0, 1, 1, 2, 3, -2]
[0, 0, 0, 0, 0, 0, 0, 0, 0, 0, 0, 0, 0, 1, 0, 0, 0, 0, 0, 2, 0, 0]
[0, 0, 0, 0, 0, 0, 0, 0, 0, 0, 0, 0, 0, 0, 1, 0, 0, 0, 1, -2, -2, 2]
[0, 0, 0, 0, 0, 0, 0, 0, 0, 0, 0, 0, 0, 0, 0, 1, 0, 1, 1, 0, 2, -1]
[0, 0, 0, 0, 0, 0, 0, 0, 0, 0, 0, 0, 0, 0, 0, 0, 1, 1, 0, 2, 3, -3]
[0, 0, 0, 0, 0, 0, 0, 0, 0, 0, 0, 0, 0, 0, 0, 0, 0, 2, 1, 0, 1, -1]

Class of hyperplane section:
[3, 1, 3, 0, -6, 1, -2, -1, -3, -3, 0, 0, -3, 2, -3, 3, 1, 3, -1, -1, -1, 0]

Action of the group on homology:
[[1, -1, 0, 0, -1, 0, -1, 1, 0, 1, -1, 2, 2, -2, 2, 2, 0, 2, -2, 1, 0, 1], [0, 0, 0, -1, 0, 0, -1, 1, -1, 1, -1, 0, 1, -2, 1, 1, 0, 1, -2, -1, -1, 1], [0, 0, 0, 0, -1, 0, 0, 0, 0, 0, 0, 1, 0, 0, 1, 0, 0, 0, 0, 0, 0, -1], [-1, 0, 0, -1, 0, 0, 0, 0, -1, 1, -1, -1, 0, -1, -1, 0, 1, 0, 0, -1, 0, 1], [0, 0, 0, 1, 2, 0, 1, -1, 1, -2, 1, -2, -2, 2, -2, -1, -1, -2, 2, 0, 0, -1], [1, -1, 0, 0, 0, 0, -1, 1, 0, 1, -1, 0, 1, -2, 2, 2, -1, 2, -2, 0, -1, 1], [1, -1, 0, 1, 1, 0, 0, 0, 1, -1, 0, -1, 0, 0, -1, 0, -1, 0, 1, 0, -1, 0], [-1, 2, 0, 0, 1, 0, 1, 0, -1, -1, 2, -1, -1, 3, -2, -2, 0, -2, 1, -1, 1, -1], [-1, 0, 0, -1, 1, 0, 0, 0, -1, 0, 0, -1, 0, -1, -1, 0, 0, 0, -1, -1, 0, 1], [-1, 0, 0, 0, 1, 0, 1, 0, 0, -1, 0, -2, -1, 1, -2, -1, 0, -1, 1, -1, 0, 0], [-1, 1, 0, 0, 0, 0, 0, 0, -1, 0, 0, 0, 0, 1, -1, -1, 1, -1, 0, 0, 1, 0], [0, 0, 0, 0, 1, 0, 0, 0, 0, -1, 0, -1, -1, 0, 0, 0, 0, 0, 1, -1, 0, 0], [1, -1, 0, 2, 1, 0, 1, -1, 1, -1, 0, -1, -1, 1, -2, -1, -1, -1, 2, 1, -1, -1], [1, -1, 0, 0, -1, 0, 0, 0, 1, 0, 0, 1, 0, -1, 2, 1, 0, 1, 0, 1, 0, 0], [0, 0, 0, 1, 1, 0, 1, -1, 1, -1, 1, -1, -1, 2, -2, -1, 0, -1, 2, 1, 0, -1], [1, 0, 0, 0, -1, -1, 0, 0, 0, 0, -1, 1, 0, -1, 1, 0, 0, 0, 0, 0, 0, 0], [0, 1, 0, -1, 0, 0, -1, 1, -1, 1, 0, 1, 1, -1, 1, 1, 0, 1, -2, 0, 1, 1], [0, 0, 0, -1, -1, 1, -1, 1, 0, 1, 0, 1, 1, -2, 3, 2, 0, 2, -2, 0, 0, 1], [0, 1, 0, 1, 1, 0, 1, 0, 0, -1, 1, -1, -1, 2, -1, -1, 0, -1, 1, 0, 0, -1], [0, 1, 0, 0, 0, 0, 0, 0, 0, 0, 1, 0, 0, 2, 0, -1, 0, -1, 0, 0, 0, -1], [0, 0, -1, 0, 0, 0, 0, 0, 0, 0, 0, 0, 0, 0, -1, 0, -1, 0, 0, 0, 0, 0], [0, -1, 0, 0, 0, 0, 0, 0, 0, 0, 0, 0, 0, 0, 0, 0, 1, 0, 0, 0, 0, 0]]
[[0, 0, 0, 0, 0, 0, 0, -1, -1, 0, 0, 0, -1, 1, -1, -2, 1, -1, 2, -1, 0, -1], [0, 1, 0, 0, 1, 0, -1, 0, -1, 0, 0, 0, 0, 0, 0, 0, 0, 0, 0, -1, 0, 0], [0, 0, 0, 0, 0, 0, 1, 0, -1, -1, 0, -1, -2, 1, -1, -2, 0, -2, 2, -2, 0, -1], [0, 2, 0, -1, 0, 0, -2, 1, -1, 2, 0, 1, 2, -1, 2, 2, 0, 1, -3, 0, 0, 1], [0, -1, 0, 1, 0, -1, 1, -1, 2, -1, 0, 0, 0, 0, -1, 0, -1, 0, 0, 2, 0, 0], [0, 1, -1, 0, 1, 0, -1, 0, -2, 0, 0, 0, 0, 0, -1, -1, 0, 0, 0, -1, 0, 0], [0, 0, 0, 1, 1, 0, 0, 0, 0, 0, 0, 0, 1, -1, 0, 1, 0, 2, -1, 1, 0, 1], [0, -1, 0, 0, -1, 0, 1, 0, 2, -1, 0, 0, -1, -1, 1, 1, -1, 0, 0, 1, 0, 0], [0, 0, 0, 0, 0, 0, -1, -1, 1, 0, 0, 1, 0, -1, 1, 1, -1, 0, -1, 1, 0, 0], [0, 1, 0, 0, 0, 0, 0, 0, 1, 0, 1, 0, 0, 0, 1, 1, -1, 0, -1, 1, 0, 0], [0, 0, 0, -1, -1, 0, 0, 0, 1, 1, 0, 0, 0, 0, 1, 1, 0, 0, 0, 0, 0, 0], [0, 0, 0, 1, 0, 0, 0, 0, 0, 0, 1, 1, 1, 1, -1, 0, 0, 0, 0, 1, 1, 0], [0, 0, 0, 0, 1, 0, 0, 1, 0, 0, -1, -1, 0, -2, 1, 1, -1, 2, -2, 0, -1, 1], [0, 0, 0, 0, 0, 0, 0, 0, -1, 0, 1, 1, 1, 1, -1, -1, 1, 0, 0, 0, 1, 0], [0, 0, 0, 0, 0, 0, 0, 1, 1, 0, 0, 0, 1, -1, 1, 1, -1, 2, -2, 1, 0, 1], [0, 0, 0, 0, 0, 0, 0, 0, -1, 0, 0, 0, 0, 1, -1, -1, 1, -1, 1, -1, 0, -1], [-1, 0, 0, -1, -1, 0, -1, -1, 0, 1, 0, 1, 1, 0, 0, 0, 1, 0, 0, 0, 0, 0], [0, 0, 0, 0, 0, 0, 0, 0, -1, 0, 0, 0, 0, 1, -1, -1, 1, -1, 1, -1, 0, 0], [0, 0, 0, 0, 0, 0, 1, 1, 1, -1, 0, -1, -1, 0, 0, 0, -1, 0, 0, 0, 0, 0], [0, -1, 0, 0, 0, 0, 1, 0, 1, -1, 0, -1, -1, 0, 0, 0, 0, 0, 1, 0, 0, 0], [0, 0, 0, 0, 0, 0, 0, 0, 0, 0, -1, -1, -1, -1, 1, 0, -1, 0, -1, 0, -1, 0], [0, 1, 0, 0, 0, 0, 0, 0, 0, 0, 1, 1, 0, 1, 0, 0, 0, 0, 0, 1, 2, 0]]

####################
# ALGEBRAIC CURVES #
####################

There are 400 conics:
[2, 1, 2, 0, -3, 1, -1, -1, -1, -1, -1, 0, -2, 1, -2, 2, 1, 2, -1, -1, 0, -1]
[1, 0, 1, 0, -3, 0, -1, 0, -2, -2, 1, 0, -1, 1, -1, 1, 0, 1, 0, 0, -1, 1]
[2, 1, 2, 0, -4, 1, -1, -2, -2, -3, 0, 0, -1, 1, -2, 2, 0, 2, -1, -1, -1, 0]
[1, 0, 1, 0, -2, 0, -1, 1, -1, 0, 0, 0, -2, 1, -1, 1, 1, 1, 0, 0, 0, 0]
[2, 1, 2, 0, -4, 1, -2, -1, -1, -3, 0, 0, -2, 2, -2, 2, 1, 2, -1, -1, -1, 1]
[1, 0, 1, 0, -2, 0, 0, 0, -2, 0, 0, 0, -1, 0, -1, 1, 0, 1, 0, 0, 0, -1]
[2, 0, 2, -1, -3, 0, -1, 0, -2, -1, 0, 0, -2, 1, -2, 2, 0, 2, 0, 0, 0, 0]
[1, 1, 1, 1, -3, 1, -1, -1, -1, -2, 0, 0, -1, 1, -1, 1, 1, 1, -1, -1, -1, 0]
[2, 1, 2, 0, -5, 0, -2, -1, -2, -3, 1, -1, -2, 1, -2, 2, 1, 2, -1, 0, -1, 0]
[1, 0, 1, 0, -1, 1, 0, 0, -1, 0, -1, 1, -1, 1, -1, 1, 0, 1, 0, -1, 0, 0]
[2, 0, 3, -1, -4, 1, -2, -1, -3, -3, 0, 0, -2, 2, -2, 2, 0, 2, -1, 0, -1, 0]
[1, 1, 0, 1, -2, 0, 0, 0, 0, 0, 0, 0, -1, 0, -1, 1, 1, 1, 0, -1, 0, 0]
[2, 0, 2, 0, -3, 0, -1, 0, -1, -1, 0, 0, -2, 1, -2, 2, 1, 1, -1, -1, 0, 0]
[1, 1, 1, 0, -3, 1, -1, -1, -2, -2, 0, 0, -1, 1, -1, 1, 0, 2, 0, 0, -1, 0]
[2, 1, 1, 1, -3, 1, -1, -1, -1, -1, 0, -1, -1, 0, -2, 2, 1, 1, -1, -1, 1, -1]
[1, 0, 2, -1, -3, 0, -1, 0, -2, -2, 0, 1, -2, 2, -1, 1, 0, 2, 0, 0, -2, 1]
[2, 1, 2, 0, -3, 0, -2, 0, -1, -1, 0, 0, -3, 1, -3, 2, 1, 2, -1, 0, -1, 0]
[1, 0, 1, 0, -3, 1, 0, -1, -2, -2, 0, 0, 0, 1, 0, 1, 0, 1, 0, -1, 0, 0]
[2, 0, 2, -1, -4, 0, -2, -1, -3, -3, 0, -1, -1, 2, -1, 2, 0, 2, 0, 0, -1, 0]
[1, 1, 1, 1, -2, 1, 0, 0, 0, 0, 0, 1, -2, 0, -2, 1, 1, 1, -1, -1, 0, 0]
[2, 0, 1, 0, -3, 0, -1, 0, -1, -1, 0, 0, -2, 1, -2, 1, 1, 2, -1, -1, 0, 0]
[1, 1, 2, 0, -3, 1, -1, -1, -2, -2, 0, 0, -1, 1, -1, 2, 0, 1, 0, 0, -1, 0]
[2, 0, 2, 0, -3, 1, -1, 0, -1, -1, 0, 0, -2, 1, -2, 1, 1, 2, -1, -1, 0, 0]
[1, 1, 1, 0, -3, 0, -1, -1, -2, -2, 0, 0, -1, 1, -1, 2, 0, 1, 0, 0, -1, 0]
[2, 1, 1, 1, -3, 1, -1, -1, -1, -1, 0, -1, -1, 0, -2, 1, 1, 2, -1, -1, 0, -1]
[1, 0, 2, -1, -3, 0, -1, 0, -2, -2, 0, 1, -2, 2, -1, 2, 0, 1, 0, 0, -1, 1]
[2, 1, 1, 1, -4, 1, -1, -1, -1, -1, 0, -1, -1, 0, -2, 1, 1, 2, -1, -1, 1, -1]
[1, 0, 2, -1, -2, 0, -1, 0, -2, -2, 0, 1, -2, 2, -1, 2, 0, 1, 0, 0, -2, 1]
[2, 0, 1, 0, -3, 0, -1, 0, -2, -1, 1, -1, -1, 0, -1, 1, 1, 1, 0, 0, 0, 0]
[1, 1, 2, 0, -3, 1, -1, -1, -1, -2, -1, 1, -2, 2, -2, 2, 0, 2, -1, -1, -1, 0]
[3, 1, 1, 1, -4, 2, -1, -2, -1, -2, -1, 0, -2, 2, -2, 2, 2, 2, -2, -2, 0, 0]
[0, 0, 2, -1, -2, -1, -1, 1, -2, -1, 1, 0, -1, 0, -1, 1, -1, 1, 1, 1, -1, 0]
[3, 1, 2, -1, -3, 2, -1, -1, -2, -2, -1, 0, -2, 2, -2, 2, 1, 2, -1, 0, -1, 0]
[0, 0, 1, 1, -3, -1, -1, 0, -1, -1, 1, 0, -1, 0, -1, 1, 0, 1, 0, -1, 0, 0]
[3, 1, 2, -1, -4, 1, -1, -1, -2, -2, -1, 0, -2, 2, -2, 2, 1, 2, -1, 0, -1, 0]
[0, 0, 1, 1, -2, 0, -1, 0, -1, -1, 1, 0, -1, 0, -1, 1, 0, 1, 0, -1, 0, 0]
[3, 1, 2, 0, -4, 2, -1, -2, -2, -2, -1, 1, -3, 2, -3, 2, 1, 3, -2, -1, -1, 0]
[0, 0, 1, 0, -2, -1, -1, 1, -1, -1, 1, -1, 0, 0, 0, 1, 0, 0, 1, 0, 0, 0]
[2, 1, 1, 0, -3, 1, 0, 0, -1, -1, 0, 0, -2, 1, -2, 1, 1, 2, -1, 0, -1, 0]
[1, 0, 2, 0, -3, 0, -2, -1, -2, -2, 0, 0, -1, 1, -1, 2, 0, 1, 0, -1, 0, 0]
[2, 1, 1, 0, -2, 2, 1, -1, -1, -1, -1, 1, -1, 1, -1, 1, 1, 1, -1, -1, -1, 0]
[1, 0, 2, 0, -4, -1, -3, 0, -2, -2, 1, -1, -2, 1, -2, 2, 0, 2, 0, 0, 0, 0]
[2, 1, 0, 0, -2, 2, 1, -1, -1, -1, -1, 1, -1, 1, -1, 1, 1, 1, -1, -1, 0, 0]
[1, 0, 3, 0, -4, -1, -3, 0, -2, -2, 1, -1, -2, 1, -2, 2, 0, 2, 0, 0, -1, 0]
[3, 1, 2, 0, -4, 1, -2, -1, -1, -2, 0, 0, -3, 1, -3, 2, 2, 2, -2, -1, 0, 0]
[0, 0, 1, 0, -2, 0, 0, 0, -2, -1, 0, 0, 0, 1, 0, 1, -1, 1, 1, 0, -1, 0]
[2, 1, 2, 0, -3, 1, -1, 0, -1, -1, 0, -1, -1, 0, -2, 1, 1, 1, -1, 0, 0, -1]
[1, 0, 1, 0, -3, 0, -1, -1, -2, -2, 0, 1, -2, 2, -1, 2, 0, 2, 0, -1, -1, 1]
[3, 2, 1, 1, -4, 2, 0, -2, 0, -2, -1, 0, -2, 1, -3, 2, 2, 2, -3, -2, 0, -1]
[0, -1, 2, -1, -2, -1, -2, 1, -3, -1, 1, 0, -1, 1, 0, 1, -1, 1, 2, 1, -1, 1]
[3, 1, 2, 0, -4, 2, -1, -1, -1, -2, -1, 0, -2, 2, -3, 2, 1, 2, -2, -1, 0, 0]
[0, 0, 1, 0, -2, -1, -1, 0, -2, -1, 1, 0, -1, 0, 0, 1, 0, 1, 1, 0, -1, 0]
[2, 1, 1, 0, -2, 1, 0, 0, 0, -1, 0, 0, -1, 0, -2, 1, 1, 1, -1, -1, 0, 0]
[1, 0, 2, 0, -4, 0, -2, -1, -3, -2, 0, 0, -2, 2, -1, 2, 0, 2, 0, 0, -1, 0]
[2, 1, 1, 1, -3, 1, -1, -1, -1, -1, 0, 0, -1, 0, -2, 1, 1, 1, -1, -1, 0, 0]
[1, 0, 2, -1, -3, 0, -1, 0, -2, -2, 0, 0, -2, 2, -1, 2, 0, 2, 0, 0, -1, 0]
[2, 0, 2, 0, -4, 1, -1, -1, -2, -1, -1, 0, -2, 2, -2, 2, 0, 2, -1, -1, 0, 0]
[1, 1, 1, 0, -2, 0, -1, 0, -1, -2, 1, 0, -1, 0, -1, 1, 1, 1, 0, 0, -1, 0]
[2, 1, 1, 1, -4, 1, -1, -1, -1, -1, 0, -1, -2, 1, -2, 2, 1, 2, -1, -1, 0, 0]
[1, 0, 2, -1, -2, 0, -1, 0, -2, -2, 0, 1, -1, 1, -1, 1, 0, 1, 0, 0, -1, 0]
[2, 1, 2, 0, -4, 1, -2, -1, -2, -3, 0, 0, -2, 2, -2, 2, 1, 2, -1, 0, -1, 0]
[1, 0, 1, 0, -2, 0, 0, 0, -1, 0, 0, 0, -1, 0, -1, 1, 0, 1, 0, -1, 0, 0]
[2, 1, 1, 0, -3, 1, -1, -1, -1, -1, -1, 1, -3, 2, -2, 2, 1, 2, -1, -1, -1, 1]
[1, 0, 2, 0, -3, 0, -1, 0, -2, -2, 1, -1, 0, 0, -1, 1, 0, 1, 0, 0, 0, -1]
[2, 0, 2, 0, -4, 0, -2, -1, -2, -3, 1, 0, -2, 1, -2, 2, 1, 2, -1, -1, 0, 0]
[1, 1, 1, 0, -2, 1, 0, 0, -1, 0, -1, 0, -1, 1, -1, 1, 0, 1, 0, 0, -1, 0]
[2, 1, 2, 0, -4, 0, -2, -1, -1, -3, 0, -1, -1, 1, -2, 2, 1, 2, -1, -1, 0, -1]
[1, 0, 1, 0, -2, 1, 0, 0, -2, 0, 0, 1, -2, 1, -1, 1, 0, 1, 0, 0, -1, 1]
[2, 1, 2, 1, -4, 1, -1, -1, -1, -1, 0, 0, -3, 1, -3, 2, 1, 2, -2, -1, -1, 0]
[1, 0, 1, -1, -2, 0, -1, 0, -2, -2, 0, 0, 0, 1, 0, 1, 0, 1, 1, 0, 0, 0]
[2, 1, 1, 1, -4, 1, -1, -1, -1, -1, 0, 0, -3, 1, -3, 2, 1, 2, -2, -1, 0, 0]
[1, 0, 2, -1, -2, 0, -1, 0, -2, -2, 0, 0, 0, 1, 0, 1, 0, 1, 1, 0, -1, 0]
[2, 0, 2, -1, -4, 0, -1, -1, -3, -3, 0, 0, -1, 2, -1, 2, 0, 2, 0, 0, -1, 0]
[1, 1, 1, 1, -2, 1, -1, 0, 0, 0, 0, 0, -2, 0, -2, 1, 1, 1, -1, -1, 0, 0]
[2, 0, 2, -1, -3, 1, -1, -1, -3, -3, 0, 0, -1, 2, -1, 2, 0, 2, 0, 0, -1, 0]
[1, 1, 1, 1, -3, 0, -1, 0, 0, 0, 0, 0, -2, 0, -2, 1, 1, 1, -1, -1, 0, 0]
[2, 1, 1, 1, -3, 2, 0, -2, -1, -1, -1, 1, -2, 1, -2, 2, 1, 1, -2, -2, 0, 0]
[1, 0, 2, -1, -3, -1, -2, 1, -2, -2, 1, -1, -1, 1, -1, 1, 0, 2, 1, 1, -1, 0]
[2, 0, 3, -1, -4, 0, -3, -1, -3, -3, 0, 0, -2, 2, -2, 2, 0, 3, 0, 0, -1, 0]
[1, 1, 0, 1, -2, 1, 1, 0, 0, 0, 0, 0, -1, 0, -1, 1, 1, 0, -1, -1, 0, 0]
[2, 0, 2, -1, -3, 1, -1, -1, -2, -3, -1, 1, -2, 3, -1, 2, 1, 2, -1, -1, -1, 0]
[1, 1, 1, 1, -3, 0, -1, 0, -1, 0, 1, -1, -1, -1, -2, 1, 0, 1, 0, 0, 0, 0]
[2, 1, 1, 0, -3, 1, 0, -1, -1, -1, -1, 0, -1, 1, -2, 2, 0, 1, -1, -1, 0, 0]
[1, 0, 2, 0, -3, 0, -2, 0, -2, -2, 1, 0, -2, 1, -1, 1, 1, 2, 0, 0, -1, 0]
[2, 1, 2, 0, -3, 2, 0, -1, -1, -1, -1, 0, -1, 1, -2, 2, 0, 1, -1, -1, 0, 0]
[1, 0, 1, 0, -3, -1, -2, 0, -2, -2, 1, 0, -2, 1, -1, 1, 1, 2, 0, 0, -1, 0]
[2, 2, 1, 2, -4, 2, -1, -2, 0, -1, -1, 0, -2, 1, -3, 2, 1, 2, -2, -2, 0, 0]
[1, -1, 2, -2, -2, -1, -1, 1, -3, -2, 1, 0, -1, 1, 0, 1, 0, 1, 1, 1, -1, 0]
[2, 1, 1, 1, -3, 1, -1, -1, -1, -1, 0, 0, -2, 1, -2, 2, 1, 1, -1, -1, -1, 1]
[1, 0, 2, -1, -3, 0, -1, 0, -2, -2, 0, 0, -1, 1, -1, 1, 0, 2, 0, 0, 0, -1]
[2, 1, 1, 1, -4, 1, -1, -1, -1, -1, 0, 0, -2, 1, -2, 2, 1, 1, -1, -1, 0, 1]
[1, 0, 2, -1, -2, 0, -1, 0, -2, -2, 0, 0, -1, 1, -1, 1, 0, 2, 0, 0, -1, -1]
[3, 1, 1, 0, -4, 2, 0, -2, -2, -2, -1, 0, -2, 2, -2, 2, 1, 2, -2, -1, -1, 0]
[0, 0, 2, 0, -2, -1, -2, 1, -1, -1, 1, 0, -1, 0, -1, 1, 0, 1, 1, 0, 0, 0]
[2, 1, 1, 0, -3, 2, 0, -1, -1, -1, -1, 0, -1, 1, -1, 1, 1, 1, -1, -1, 0, 0]
[1, 0, 2, 0, -3, -1, -2, 0, -2, -2, 1, 0, -2, 1, -2, 2, 0, 2, 0, 0, -1, 0]
[2, 1, 1, 0, -3, 2, 0, -1, -1, -1, -1, 0, -1, 1, -2, 1, 0, 2, -1, -1, 0, 0]
[1, 0, 2, 0, -3, -1, -2, 0, -2, -2, 1, 0, -2, 1, -1, 2, 1, 1, 0, 0, -1, 0]
[2, 1, 1, 1, -4, 1, -1, -1, -1, -1, 0, 0, -2, 1, -2, 1, 1, 2, -1, -1, -1, 1]
[1, 0, 2, -1, -2, 0, -1, 0, -2, -2, 0, 0, -1, 1, -1, 2, 0, 1, 0, 0, 0, -1]
[3, 1, 2, 0, -5, 1, -1, -1, -1, -2, 0, -1, -2, 1, -3, 2, 1, 2, -2, -1, 0, 0]
[0, 0, 1, 0, -1, 0, -1, 0, -2, -1, 0, 1, -1, 1, 0, 1, 0, 1, 1, 0, -1, 0]
[3, 1, 2, 1, -5, 2, -2, -2, -2, -2, 0, -1, -2, 1, -3, 2, 1, 2, -2, -1, 0, 0]
[0, 0, 1, -1, -1, -1, 0, 1, -1, -1, 0, 1, -1, 1, 0, 1, 0, 1, 1, 0, -1, 0]
[2, 1, 1, 1, -3, 2, 0, -1, 0, -1, -1, 0, -1, 1, -2, 1, 1, 1, -2, -2, 0, 0]
[1, 0, 2, -1, -3, -1, -2, 0, -3, -2, 1, 0, -2, 1, -1, 2, 0, 2, 1, 1, -1, 0]
[3, 2, 2, 0, -4, 2, -1, -2, -1, -2, -1, 0, -2, 1, -3, 2, 1, 2, -2, -1, -1, 0]
[0, -1, 1, 0, -2, -1, -1, 1, -2, -1, 1, 0, -1, 1, 0, 1, 0, 1, 1, 0, 0, 0]
[2, 1, 1, 0, -3, 1, -1, 0, -1, -1, 0, 0, -2, 1, -2, 1, 1, 1, -1, 0, -1, 1]
[1, 0, 2, 0, -3, 0, -1, -1, -2, -2, 0, 0, -1, 1, -1, 2, 0, 2, 0, -1, 0, -1]
[3, 2, 1, 1, -4, 3, 0, -2, 0, -2, -1, 1, -3, 2, -3, 2, 2, 2, -3, -2, -1, 1]
[0, -1, 2, -1, -2, -2, -2, 1, -3, -1, 1, -1, 0, 0, 0, 1, -1, 1, 2, 1, 0, -1]
[2, 2, 1, 1, -4, 2, 0, -2, 0, -2, -1, 0, -1, 1, -2, 2, 1, 1, -2, -2, 0, 0]
[1, -1, 2, -1, -2, -1, -2, 1, -3, -1, 1, 0, -2, 1, -1, 1, 0, 2, 1, 1, -1, 0]
[2, 0, 2, -1, -3, 1, -1, -1, -3, -2, -1, 0, -1, 2, -1, 2, 0, 2, 0, 0, 0, -1]
[1, 1, 1, 1, -3, 0, -1, 0, 0, -1, 1, 0, -2, 0, -2, 1, 1, 1, -1, -1, -1, 1]
[2, 0, 2, -1, -3, 0, -1, 0, -2, -2, 0, 0, -2, 2, -1, 2, 1, 2, 0, 0, -1, 0]
[1, 1, 1, 1, -3, 1, -1, -1, -1, -1, 0, 0, -1, 0, -2, 1, 0, 1, -1, -1, 0, 0]
[2, 1, 2, 0, -4, 1, -1, -1, -2, -2, 0, -1, -1, 1, -2, 2, 0, 1, -1, 0, -1, 0]
[1, 0, 1, 0, -2, 0, -1, 0, -1, -1, 0, 1, -2, 1, -1, 1, 1, 2, 0, -1, 0, 0]
[3, 1, 2, 0, -5, 1, -2, -2, -2, -3, 0, 0, -3, 2, -3, 3, 1, 2, -2, -1, -1, 1]
[0, 0, 1, 0, -1, 0, 0, 1, -1, 0, 0, 0, 0, 0, 0, 0, 0, 1, 1, 0, 0, -1]
[2, 1, 2, 1, -5, 1, -2, -1, -1, -2, 0, 0, -3, 2, -3, 2, 1, 2, -2, -1, -1, 1]
[1, 0, 1, -1, -1, 0, 0, 0, -2, -1, 0, 0, 0, 0, 0, 1, 0, 1, 1, 0, 0, -1]
[2, 0, 2, 0, -3, 0, -2, -1, -2, -2, 0, 0, -2, 1, -2, 2, 1, 2, -1, -1, 0, -1]
[1, 1, 1, 0, -3, 1, 0, 0, -1, -1, 0, 0, -1, 1, -1, 1, 0, 1, 0, 0, -1, 1]
[2, 1, 2, 0, -4, 2, -1, -2, -2, -2, -1, 1, -2, 2, -2, 2, 0, 2, -1, -1, -1, 1]
[1, 0, 1, 0, -2, -1, -1, 1, -1, -1, 1, -1, -1, 0, -1, 1, 1, 1, 0, 0, 0, -1]
[2, 0, 2, -1, -3, 0, -1, 0, -2, -2, 0, 1, -3, 2, -2, 2, 1, 2, -1, 0, -1, 0]
[1, 1, 1, 1, -3, 1, -1, -1, -1, -1, 0, -1, 0, 0, -1, 1, 0, 1, 0, -1, 0, 0]
[2, 1, 2, 0, -3, 1, -1, -1, -2, -2, 0, 0, -2, 1, -2, 2, 1, 2, -1, 0, -1, -1]
[1, 0, 1, 0, -3, 0, -1, 0, -1, -1, 0, 0, -1, 1, -1, 1, 0, 1, 0, -1, 0, 1]
[2, 1, 1, 1, -5, 1, -1, -2, -2, -2, 0, -1, -1, 1, -2, 2, 0, 2, -1, -1, 0, 0]
[1, 0, 2, -1, -1, 0, -1, 1, -1, -1, 0, 1, -2, 1, -1, 1, 1, 1, 0, 0, -1, 0]
[2, 0, 2, 0, -4, 1, -1, -1, -2, -2, 0, 0, -2, 2, -2, 2, 0, 2, -1, -1, -1, 1]
[1, 1, 1, 0, -2, 0, -1, 0, -1, -1, 0, 0, -1, 0, -1, 1, 1, 1, 0, 0, 0, -1]
[2, 0, 3, -1, -3, 0, -2, 0, -2, -2, 0, -1, -1, 1, -2, 2, 0, 2, 0, 0, 0, -1]
[1, 1, 0, 1, -3, 1, 0, -1, -1, -1, 0, 1, -2, 1, -1, 1, 1, 1, -1, -1, -1, 1]
[2, 0, 2, 0, -4, -1, -3, 0, -2, -2, 1, -1, -2, 1, -2, 2, 1, 2, 0, 0, 0, 0]
[1, 1, 1, 0, -2, 2, 1, -1, -1, -1, -1, 1, -1, 1, -1, 1, 0, 1, -1, -1, -1, 0]
[2, 1, 2, 0, -4, 1, -2, -1, -2, -2, 0, 0, -3, 2, -2, 2, 1, 2, -1, 0, -2, 1]
[1, 0, 1, 0, -2, 0, 0, 0, -1, -1, 0, 0, 0, 0, -1, 1, 0, 1, 0, -1, 1, -1]
[2, 1, 2, -1, -4, 1, -1, -1, -2, -2, -1, 0, -2, 2, -2, 2, 0, 2, -1, 0, -1, 0]
[1, 0, 1, 1, -2, 0, -1, 0, -1, -1, 1, 0, -1, 0, -1, 1, 1, 1, 0, -1, 0, 0]
[2, 1, 1, 1, -4, 2, -1, -2, -1, -2, -1, 0, -2, 2, -2, 2, 1, 2, -2, -2, 0, 0]
[1, 0, 2, -1, -2, -1, -1, 1, -2, -1, 1, 0, -1, 0, -1, 1, 0, 1, 1, 1, -1, 0]
[2, 1, 2, 0, -3, 1, -1, -1, -1, -2, -1, 1, -2, 2, -2, 2, 1, 2, -1, -1, -1, 0]
[1, 0, 1, 0, -3, 0, -1, 0, -2, -1, 1, -1, -1, 0, -1, 1, 0, 1, 0, 0, 0, 0]
[2, 0, 2, -1, -3, 0, -2, 0, -2, -2, 0, -1, -1, 1, -1, 1, 1, 2, 0, 0, 0, -1]
[1, 1, 1, 1, -3, 1, 0, -1, -1, -1, 0, 1, -2, 1, -2, 2, 0, 1, -1, -1, -1, 1]
[2, 0, 1, 0, -3, 1, 0, -1, -2, -2, 0, 0, -1, 1, -1, 1, 1, 2, -1, -1, 0, -1]
[1, 1, 2, 0, -3, 0, -2, 0, -1, -1, 0, 0, -2, 1, -2, 2, 0, 1, 0, 0, -1, 1]
[2, 0, 2, -2, -2, 1, 0, 0, -2, -2, -1, 1, -1, 2, -1, 1, 0, 2, 0, 0, -1, 0]
[1, 1, 1, 2, -4, 0, -2, -1, -1, -1, 1, -1, -2, 0, -2, 2, 1, 1, -1, -1, 0, 0]
[2, 1, 1, 0, -3, 1, -1, -1, -2, -2, 0, 0, -1, 1, -1, 1, 1, 2, 0, 0, -1, 0]
[1, 0, 2, 0, -3, 0, -1, 0, -1, -1, 0, 0, -2, 1, -2, 2, 0, 1, -1, -1, 0, 0]
[3, 1, 2, 0, -4, 1, -2, -1, -1, -3, 0, 0, -3, 2, -3, 2, 2, 3, -2, -1, -1, 0]
[0, 0, 1, 0, -2, 0, 0, 0, -2, 0, 0, 0, 0, 0, 0, 1, -1, 0, 1, 0, 0, 0]
[3, 0, 3, -1, -4, 1, -2, -1, -3, -3, 0, 0, -2, 2, -2, 2, 1, 2, -1, 0, -1, 0]
[0, 1, 0, 1, -2, 0, 0, 0, 0, 0, 0, 0, -1, 0, -1, 1, 0, 1, 0, -1, 0, 0]
[3, 1, 2, -1, -4, 1, -1, -1, -2, -3, 0, -1, -1, 1, -2, 2, 1, 2, -1, 0, 0, -1]
[0, 0, 1, 1, -2, 0, -1, 0, -1, 0, 0, 1, -2, 1, -1, 1, 0, 1, 0, -1, -1, 1]
[2, 1, 2, 0, -3, 1, -1, -1, -1, -2, 0, 0, -1, 0, -2, 1, 1, 2, -1, -1, 0, -1]
[1, 0, 1, 0, -3, 0, -1, 0, -2, -1, 0, 0, -2, 2, -1, 2, 0, 1, 0, 0, -1, 1]
[2, 1, 2, 0, -4, 1, -1, -2, -2, -2, -1, 0, -2, 2, -2, 3, 0, 2, -1, -1, -1, 0]
[1, 0, 1, 0, -2, 0, -1, 1, -1, -1, 1, 0, -1, 0, -1, 0, 1, 1, 0, 0, 0, 0]
[2, 1, 1, 0, -2, 2, 0, -1, -1, -2, -1, 0, 0, 1, -1, 1, 1, 1, -1, -1, 0, -1]
[1, 0, 2, 0, -4, -1, -2, 0, -2, -1, 1, 0, -3, 1, -2, 2, 0, 2, 0, 0, -1, 1]
[2, 1, 1, 0, -3, 2, 0, -1, -1, -2, -1, 1, -1, 2, -1, 1, 1, 1, -1, -1, -1, 1]
[1, 0, 2, 0, -3, -1, -2, 0, -2, -1, 1, -1, -2, 0, -2, 2, 0, 2, 0, 0, 0, -1]
[2, 0, 2, 0, -4, 0, -2, -1, -2, -2, 0, 0, -3, 2, -2, 3, 1, 2, -1, -1, 0, 0]
[1, 1, 1, 0, -2, 1, 0, 0, -1, -1, 0, 0, 0, 0, -1, 0, 0, 1, 0, 0, -1, 0]
[2, 1, 1, 0, -3, 1, -1, -1, -1, -2, 0, 1, -2, 1, -2, 1, 1, 2, -1, -1, -1, 1]
[1, 0, 2, 0, -3, 0, -1, 0, -2, -1, 0, -1, -1, 1, -1, 2, 0, 1, 0, 0, 0, -1]
[3, 1, 2, -1, -4, 1, -1, -1, -2, -3, 0, 0, -2, 2, -2, 2, 1, 2, -1, 0, -2, 1]
[0, 0, 1, 1, -2, 0, -1, 0, -1, 0, 0, 0, -1, 0, -1, 1, 0, 1, 0, -1, 1, -1]
[3, 1, 2, -1, -4, 2, -1, -2, -3, -3, -1, 0, -1, 2, -2, 2, 0, 2, -1, 0, -1, 0]
[0, 0, 1, 1, -2, -1, -1, 1, 0, 0, 1, 0, -2, 0, -1, 1, 1, 1, 0, -1, 0, 0]
[3, 2, 2, 0, -5, 2, -1, -2, -1, -3, -1, 0, -2, 2, -3, 2, 1, 3, -2, -1, -1, 0]
[0, -1, 1, 0, -1, -1, -1, 1, -2, 0, 1, 0, -1, 0, 0, 1, 0, 0, 1, 0, 0, 0]
[3, 1, 1, 0, -4, 2, 0, -2, -1, -3, -1, 0, -1, 2, -2, 2, 1, 2, -2, -2, 0, 0]
[0, 0, 2, 0, -2, -1, -2, 1, -2, 0, 1, 0, -2, 0, -1, 1, 0, 1, 1, 1, -1, 0]
[2, 1, 1, 1, -4, 1, -1, -1, -1, -2, 1, -1, -1, 0, -2, 1, 1, 2, -1, -1, 0, 0]
[1, 0, 2, -1, -2, 0, -1, 0, -2, -1, -1, 1, -2, 2, -1, 2, 0, 1, 0, 0, -1, 0]
[2, 0, 2, 0, -4, 1, -1, -1, -2, -2, 0, 0, -1, 1, -2, 1, 0, 2, -1, -1, 0, 0]
[1, 1, 1, 0, -2, 0, -1, 0, -1, -1, 0, 0, -2, 1, -1, 2, 1, 1, 0, 0, -1, 0]
[3, 1, 2, 0, -5, 1, -2, -2, -2, -3, 0, -1, -1, 1, -2, 2, 1, 2, -1, -1, 0, 0]
[0, 0, 1, 0, -1, 0, 0, 1, -1, 0, 0, 1, -2, 1, -1, 1, 0, 1, 0, 0, -1, 0]
[2, 1, 1, 1, -4, 1, -2, -1, -1, -2, 0, -1, -1, 1, -2, 1, 1, 2, -1, -1, 0, 0]
[1, 0, 2, -1, -2, 0, 0, 0, -2, -1, 0, 1, -2, 1, -1, 2, 0, 1, 0, 0, -1, 0]
[2, 0, 2, -1, -3, 1, -1, 0, -2, -2, 0, -1, 0, 1, -1, 1, 0, 1, 0, 0, 0, 0]
[1, 1, 1, 1, -3, 0, -1, -1, -1, -1, 0, 1, -3, 1, -2, 2, 1, 2, -1, -1, -1, 0]
[2, 1, 1, 0, -3, 2, 0, -1, -2, -2, 0, 0, -1, 1, -1, 1, 1, 1, -1, 0, -1, 0]
[1, 0, 2, 0, -3, -1, -2, 0, -1, -1, 0, 0, -2, 1, -2, 2, 0, 2, 0, -1, 0, 0]
[3, 1, 2, -1, -4, 2, 0, -2, -2, -3, -1, 1, -2, 2, -2, 2, 1, 2, -2, -1, -1, 0]
[0, 0, 1, 1, -2, -1, -2, 1, -1, 0, 1, -1, -1, 0, -1, 1, 0, 1, 1, 0, 0, 0]
[2, 1, 1, 0, -3, 2, 0, -1, -1, -2, -1, 1, -2, 2, -2, 1, 1, 2, -2, -1, -1, 0]
[1, 0, 2, 0, -3, -1, -2, 0, -2, -1, 1, -1, -1, 0, -1, 2, 0, 1, 1, 0, 0, 0]
[3, 2, 1, 0, -4, 2, -1, -2, -1, -3, -1, 0, -2, 2, -2, 2, 2, 2, -2, -1, -1, 0]
[0, -1, 2, 0, -2, -1, -1, 1, -2, 0, 1, 0, -1, 0, -1, 1, -1, 1, 1, 0, 0, 0]
[2, 1, 2, 0, -4, 1, -2, -1, -2, -2, 0, 0, -2, 1, -2, 1, 1, 2, -1, 0, -1, 0]
[1, 0, 1, 0, -2, 0, 0, 0, -1, -1, 0, 0, -1, 1, -1, 2, 0, 1, 0, -1, 0, 0]
[2, 1, 2, -1, -3, 1, -1, 0, -1, -2, 0, 0, -2, 1, -2, 1, 1, 2, -1, 0, -1, 0]
[1, 0, 1, 1, -3, 0, -1, -1, -2, -1, 0, 0, -1, 1, -1, 2, 0, 1, 0, -1, 0, 0]
[2, 1, 1, 0, -3, 1, 0, -1, -1, -2, 0, -1, 0, 0, -1, 1, 1, 1, -1, -1, 0, -1]
[1, 0, 2, 0, -3, 0, -2, 0, -2, -1, 0, 1, -3, 2, -2, 2, 0, 2, 0, 0, -1, 1]
[2, 0, 1, 0, -3, 1, -1, -1, -2, -2, 0, 0, -1, 1, -1, 1, 1, 1, -1, -1, 0, 0]
[1, 1, 2, 0, -3, 0, -1, 0, -1, -1, 0, 0, -2, 1, -2, 2, 0, 2, 0, 0, -1, 0]
[2, 1, 1, 1, -4, 1, -1, -1, 0, -2, 0, 0, -2, 1, -2, 1, 2, 2, -2, -2, 0, 0]
[1, 0, 2, -1, -2, 0, -1, 0, -3, -1, 0, 0, -1, 1, -1, 2, -1, 1, 1, 1, -1, 0]
[3, 1, 2, 0, -5, 2, -1, -2, -2, -3, -1, -1, -1, 2, -2, 2, 1, 2, -2, -1, 0, -1]
[0, 0, 1, 0, -1, -1, -1, 1, -1, 0, 1, 1, -2, 0, -1, 1, 0, 1, 1, 0, -1, 1]
[2, 0, 2, 0, -4, 0, -2, 0, -2, -2, 1, -1, -2, 1, -2, 1, 1, 2, -1, 0, -1, 0]
[1, 1, 1, 0, -2, 1, 0, -1, -1, -1, -1, 1, -1, 1, -1, 2, 0, 1, 0, -1, 0, 0]
[3, 1, 2, 0, -5, 1, -2, -2, -2, -3, 0, -1, -2, 1, -3, 2, 1, 3, -2, -1, 0, -1]
[0, 0, 1, 0, -1, 0, 0, 1, -1, 0, 0, 1, -1, 1, 0, 1, 0, 0, 1, 0, -1, 1]
[2, 1, 1, 0, -3, 2, 0, -1, -1, -2, -1, 0, -1, 2, -1, 1, 1, 2, -1, -1, -1, 0]
[1, 0, 2, 0, -3, -1, -2, 0, -2, -1, 1, 0, -2, 0, -2, 2, 0, 1, 0, 0, 0, 0]
[2, 0, 2, -1, -3, 1, -1, -1, -3, -2, 0, 0, -1, 1, -1, 1, 0, 2, 0, 0, -1, 0]
[1, 1, 1, 1, -3, 0, -1, 0, 0, -1, 0, 0, -2, 1, -2, 2, 1, 1, -1, -1, 0, 0]
[2, 0, 2, 0, -4, 0, -2, -1, -2, -2, 0, 0, -3, 2, -2, 2, 1, 3, -1, -1, -1, 0]
[1, 1, 1, 0, -2, 1, 0, 0, -1, -1, 0, 0, 0, 0, -1, 1, 0, 0, 0, 0, 0, 0]
[2, 1, 2, 0, -3, 1, -1, -1, -1, -2, 0, 1, -2, 1, -2, 2, 1, 1, -1, -1, -1, 1]
[1, 0, 1, 0, -3, 0, -1, 0, -2, -1, 0, -1, -1, 1, -1, 1, 0, 2, 0, 0, 0, -1]
[2, 0, 2, -1, -4, 0, -1, -1, -3, -2, 0, -1, -1, 1, -1, 2, 0, 2, 0, 0, 0, -1]
[1, 1, 1, 1, -2, 1, -1, 0, 0, -1, 0, 1, -2, 1, -2, 1, 1, 1, -1, -1, -1, 1]
[3, 2, 2, 0, -4, 2, -1, -2, -1, -3, -1, 0, -2, 2, -3, 3, 1, 2, -2, -1, -1, 0]
[0, -1, 1, 0, -2, -1, -1, 1, -2, 0, 1, 0, -1, 0, 0, 0, 0, 1, 1, 0, 0, 0]
[2, 1, 2, 0, -4, 0, -2, 0, -1, -2, 1, 0, -3, 1, -3, 2, 1, 2, -1, 0, -1, 1]
[1, 0, 1, 0, -2, 1, 0, -1, -2, -1, -1, 0, 0, 1, 0, 1, 0, 1, 0, -1, 0, -1]
[2, 1, 3, 0, -4, 1, -2, -1, -2, -2, 0, 0, -2, 1, -3, 2, 0, 2, -1, 0, -1, 0]
[1, 0, 0, 0, -2, 0, 0, 0, -1, -1, 0, 0, -1, 1, 0, 1, 1, 1, 0, -1, 0, 0]
[2, 1, 1, 1, -4, 0, -1, -1, -1, -2, 1, -1, -1, 0, -2, 2, 1, 1, -1, -1, 0, 0]
[1, 0, 2, -1, -2, 1, -1, 0, -2, -1, -1, 1, -2, 2, -1, 1, 0, 2, 0, 0, -1, 0]
[2, 0, 2, 0, -3, 1, -1, -1, -2, -2, 0, 0, -1, 1, -2, 2, 0, 1, -1, -1, 0, 0]
[1, 1, 1, 0, -3, 0, -1, 0, -1, -1, 0, 0, -2, 1, -1, 1, 1, 2, 0, 0, -1, 0]
[2, 1, 2, 1, -4, 1, -1, -1, 0, -2, 0, 0, -2, 1, -3, 2, 1, 2, -2, -2, 0, 0]
[1, 0, 1, -1, -2, 0, -1, 0, -3, -1, 0, 0, -1, 1, 0, 1, 0, 1, 1, 1, -1, 0]
[2, 1, 2, 1, -4, 1, -2, -1, -1, -2, 0, -1, -1, 1, -2, 2, 1, 1, -1, -1, 0, 0]
[1, 0, 1, -1, -2, 0, 0, 0, -2, -1, 0, 1, -2, 1, -1, 1, 0, 2, 0, 0, -1, 0]
[2, 1, 2, 1, -4, 0, -3, -1, -1, -2, 1, -1, -2, 0, -3, 2, 1, 2, -1, -1, 0, 0]
[1, 0, 1, -1, -2, 1, 1, 0, -2, -1, -1, 1, -1, 2, 0, 1, 0, 1, 0, 0, -1, 0]
[2, 1, 1, 0, -3, 2, 0, -2, -2, -2, -1, 1, -2, 2, -1, 2, 1, 2, -1, -1, -1, 0]
[1, 0, 2, 0, -3, -1, -2, 1, -1, -1, 1, -1, -1, 0, -2, 1, 0, 1, 0, 0, 0, 0]
[2, 1, 2, 0, -3, 2, 0, -1, -1, -2, -1, 1, -2, 2, -2, 2, 1, 1, -2, -1, -1, 0]
[1, 0, 1, 0, -3, -1, -2, 0, -2, -1, 1, -1, -1, 0, -1, 1, 0, 2, 1, 0, 0, 0]
[2, 0, 2, -1, -3, 1, -1, -1, -2, -2, -1, 0, -1, 2, -1, 2, 0, 2, 0, -1, 0, 0]
[1, 1, 1, 1, -3, 0, -1, 0, -1, -1, 1, 0, -2, 0, -2, 1, 1, 1, -1, 0, -1, 0]
[2, 1, 2, 0, -3, 1, -1, -1, -1, -2, 0, 1, -3, 1, -3, 2, 1, 2, -2, -1, -1, 0]
[1, 0, 1, 0, -3, 0, -1, 0, -2, -1, 0, -1, 0, 1, 0, 1, 0, 1, 1, 0, 0, 0]
[2, 1, 2, 0, -3, 1, -2, -1, -2, -2, 0, 0, -2, 1, -2, 2, 1, 1, -1, 0, -1, 0]
[1, 0, 1, 0, -3, 0, 0, 0, -1, -1, 0, 0, -1, 1, -1, 1, 0, 2, 0, -1, 0, 0]
[2, 2, 2, 1, -4, 1, -2, -1, 0, -2, 0, 0, -3, 1, -3, 2, 2, 2, -2, -1, -1, 0]
[1, -1, 1, -1, -2, 0, 0, 0, -3, -1, 0, 0, 0, 1, 0, 1, -1, 1, 1, 0, 0, 0]
[2, 1, 2, -1, -3, 0, -1, 0, -1, -2, 0, 0, -2, 1, -2, 2, 1, 1, -1, 0, -1, 0]
[1, 0, 1, 1, -3, 1, -1, -1, -2, -1, 0, 0, -1, 1, -1, 1, 0, 2, 0, -1, 0, 0]
[2, 1, 1, 1, -3, 1, -1, -1, 0, -2, 0, 0, -2, 1, -2, 2, 2, 1, -2, -2, 0, 0]
[1, 0, 2, -1, -3, 0, -1, 0, -3, -1, 0, 0, -1, 1, -1, 1, -1, 2, 1, 1, -1, 0]
[2, 0, 2, -1, -3, 1, -1, -1, -3, -2, -1, 1, -2, 3, -1, 2, 0, 2, 0, 0, -2, 1]
[1, 1, 1, 1, -3, 0, -1, 0, 0, -1, 1, -1, -1, -1, -2, 1, 1, 1, -1, -1, 1, -1]
[2, 1, 1, -1, -3, 1, 0, -1, -2, -2, -1, 0, -1, 2, -1, 2, 0, 2, 0, 0, -1, 0]
[1, 0, 2, 1, -3, 0, -2, 0, -1, -1, 1, 0, -2, 0, -2, 1, 1, 1, -1, -1, 0, 0]
[2, 0, 2, 0, -4, 0, -2, 0, -2, -2, 1, -1, -2, 1, -2, 2, 1, 1, -1, 0, 0, 0]
[1, 1, 1, 0, -2, 1, 0, -1, -1, -1, -1, 1, -1, 1, -1, 1, 0, 2, 0, -1, -1, 0]
[3, 1, 3, 0, -5, 1, -2, -2, -2, -3, 0, -1, -2, 1, -3, 3, 1, 2, -2, -1, 0, -1]
[0, 0, 0, 0, -1, 0, 0, 1, -1, 0, 0, 1, -1, 1, 0, 0, 0, 1, 1, 0, -1, 1]
[2, 1, 2, 1, -4, 1, -2, -1, -1, -2, 0, -1, -2, 1, -3, 2, 1, 2, -2, -1, 0, -1]
[1, 0, 1, -1, -2, 0, 0, 0, -2, -1, 0, 1, -1, 1, 0, 1, 0, 1, 1, 0, -1, 1]
[2, 0, 2, -1, -3, 0, -2, 0, -2, -2, 0, 0, -3, 2, -2, 2, 1, 2, -1, 0, -1, 0]
[1, 1, 1, 1, -3, 1, 0, -1, -1, -1, 0, 0, 0, 0, -1, 1, 0, 1, 0, -1, 0, 0]
[2, 0, 3, -1, -4, 0, -2, 0, -2, -2, 0, 0, -3, 2, -2, 2, 1, 2, -1, 0, -1, 0]
[1, 1, 0, 1, -2, 1, 0, -1, -1, -1, 0, 0, 0, 0, -1, 1, 0, 1, 0, -1, 0, 0]
[2, 1, 2, 0, -4, 0, -2, -1, -2, -2, 0, -1, -2, 1, -2, 2, 1, 2, -1, 0, -1, -1]
[1, 0, 1, 0, -2, 1, 0, 0, -1, -1, 0, 1, -1, 1, -1, 1, 0, 1, 0, -1, 0, 1]
[2, 1, 2, 0, -4, 1, -2, -1, -2, -2, 0, -1, -2, 1, -2, 2, 1, 2, -1, 0, 0, -1]
[1, 0, 1, 0, -2, 0, 0, 0, -1, -1, 0, 1, -1, 1, -1, 1, 0, 1, 0, -1, -1, 1]
[2, 0, 2, 0, -4, 0, -2, -1, -3, -2, 1, 0, -3, 1, -2, 2, 1, 2, -1, 0, -1, 0]
[1, 1, 1, 0, -2, 1, 0, 0, 0, -1, -1, 0, 0, 1, -1, 1, 0, 1, 0, -1, 0, 0]
[2, 1, 1, 1, -4, 1, -1, -1, -1, -2, 0, 0, -3, 2, -2, 2, 2, 2, -2, -1, -1, 0]
[1, 0, 2, -1, -2, 0, -1, 0, -2, -1, 0, 0, 0, 0, -1, 1, -1, 1, 1, 0, 0, 0]
[2, 1, 1, 1, -4, 1, -1, -1, -1, -2, 0, 0, -2, 2, -2, 2, 1, 2, -1, -1, -1, 1]
[1, 0, 2, -1, -2, 0, -1, 0, -2, -1, 0, 0, -1, 0, -1, 1, 0, 1, 0, 0, 0, -1]
[2, 0, 2, 0, -4, 0, -2, -1, -3, -2, 1, 0, -2, 1, -2, 2, 0, 2, 0, 0, -1, 1]
[1, 1, 1, 0, -2, 1, 0, 0, 0, -1, -1, 0, -1, 1, -1, 1, 1, 1, -1, -1, 0, -1]
[2, 1, 2, 0, -4, 1, -2, -1, -2, -2, 0, -1, -1, 1, -2, 2, 0, 2, 0, 0, 0, 0]
[1, 0, 1, 0, -2, 0, 0, 0, -1, -1, 0, 1, -2, 1, -1, 1, 1, 1, -1, -1, -1, 0]
[2, 1, 2, 0, -4, 0, -2, -1, -2, -2, 0, -1, -1, 1, -2, 2, 0, 2, 0, 0, -1, 0]
[1, 0, 1, 0, -2, 1, 0, 0, -1, -1, 0, 1, -2, 1, -1, 1, 1, 1, -1, -1, 0, 0]
[2, 0, 3, -1, -4, 0, -2, 0, -2, -2, 0, 0, -2, 2, -2, 2, 0, 2, 0, 0, -1, 1]
[1, 1, 0, 1, -2, 1, 0, -1, -1, -1, 0, 0, -1, 0, -1, 1, 1, 1, -1, -1, 0, -1]
[2, 0, 2, -1, -3, 0, -2, 0, -2, -2, 0, 0, -2, 2, -2, 2, 0, 2, 0, 0, -1, 1]
[1, 1, 1, 1, -3, 1, 0, -1, -1, -1, 0, 0, -1, 0, -1, 1, 1, 1, -1, -1, 0, -1]
[2, -1, 3, -1, -4, -1, -3, 0, -3, -2, 1, -1, -2, 1, -2, 2, 0, 2, 0, 0, 0, 0]
[1, 2, 0, 1, -2, 2, 1, -1, 0, -1, -1, 1, -1, 1, -1, 1, 1, 1, -1, -1, -1, 0]
[2, 0, 2, 0, -4, 0, -2, 0, -1, -2, 0, -1, -2, 2, -2, 2, 1, 2, -1, -1, 0, 0]
[1, 1, 1, 0, -2, 1, 0, -1, -2, -1, 0, 1, -1, 0, -1, 1, 0, 1, 0, 0, -1, 0]
[2, 0, 2, 0, -4, 0, -1, -1, -2, -2, 0, -1, -1, 1, -2, 2, 0, 2, -1, -1, 0, -1]
[1, 1, 1, 0, -2, 1, -1, 0, -1, -1, 0, 1, -2, 1, -1, 1, 1, 1, 0, 0, -1, 1]
[2, 0, 2, 0, -4, 1, -1, -1, -2, -2, 0, -1, -1, 1, -2, 2, 0, 2, -1, -1, 1, -1]
[1, 1, 1, 0, -2, 0, -1, 0, -1, -1, 0, 1, -2, 1, -1, 1, 1, 1, 0, 0, -2, 1]
[2, 0, 1, 1, -4, 0, -2, -1, -2, -2, 1, -1, -2, 1, -2, 2, 1, 2, -1, -1, 0, 0]
[1, 1, 2, -1, -2, 1, 0, 0, -1, -1, -1, 1, -1, 1, -1, 1, 0, 1, 0, 0, -1, 0]
[2, 0, 2, 1, -5, 0, -2, -1, -2, -2, 1, -1, -2, 1, -2, 2, 1, 2, -1, -1, 0, 0]
[1, 1, 1, -1, -1, 1, 0, 0, -1, -1, -1, 1, -1, 1, -1, 1, 0, 1, 0, 0, -1, 0]
[2, 1, 2, 0, -4, 1, -1, -1, -2, -2, 0, 1, -3, 2, -2, 2, 1, 2, -1, 0, -2, 1]
[1, 0, 1, 0, -2, 0, -1, 0, -1, -1, 0, -1, 0, 0, -1, 1, 0, 1, 0, -1, 1, -1]
[2, 1, 1, 0, -3, 1, -1, -1, -2, -2, 0, 1, -3, 2, -2, 2, 1, 2, -1, 0, -2, 1]
[1, 0, 2, 0, -3, 0, -1, 0, -1, -1, 0, -1, 0, 0, -1, 1, 0, 1, 0, -1, 1, -1]
[2, 1, 2, -1, -3, 2, 0, -1, -2, -2, -1, 1, -2, 2, -2, 2, 0, 2, -1, 0, -1, 0]
[1, 0, 1, 1, -3, -1, -2, 0, -1, -1, 1, -1, -1, 0, -1, 1, 1, 1, 0, -1, 0, 0]
[2, 1, 2, -1, -3, 1, 0, -1, -2, -2, -1, 1, -2, 2, -2, 2, 0, 2, -1, 0, -2, 0]
[1, 0, 1, 1, -3, 0, -2, 0, -1, -1, 1, -1, -1, 0, -1, 1, 1, 1, 0, -1, 1, 0]
[2, 1, 2, -1, -3, 1, -1, 0, -1, -2, -1, 1, -3, 3, -2, 2, 1, 2, -1, 0, -2, 1]
[1, 0, 1, 1, -3, 0, -1, -1, -2, -1, 1, -1, 0, -1, -1, 1, 0, 1, 0, -1, 1, -1]
[2, 0, 3, -2, -3, 0, -2, 0, -3, -2, 0, 1, -3, 2, -2, 2, 0, 2, 0, 1, -2, 1]
[1, 1, 0, 2, -3, 1, 0, -1, 0, -1, 0, -1, 0, 0, -1, 1, 1, 1, -1, -2, 1, -1]
[2, 0, 3, -1, -4, 0, -3, 0, -3, -2, 0, -1, -2, 2, -2, 2, 0, 2, 0, 1, -1, 0]
[1, 1, 0, 1, -2, 1, 1, -1, 0, -1, 0, 1, -1, 0, -1, 1, 1, 1, -1, -2, 0, 0]
[3, 1, 3, -1, -5, 0, -3, -1, -2, -3, 0, -1, -3, 2, -3, 3, 1, 3, -1, 0, -1, 0]
[0, 0, 0, 1, -1, 1, 1, 0, -1, 0, 0, 1, 0, 0, 0, 0, 0, 0, 0, -1, 0, 0]
[2, 0, 3, -1, -4, 0, -2, 0, -2, -2, 0, 0, -3, 2, -3, 2, 0, 3, -1, 0, -1, 0]
[1, 1, 0, 1, -2, 1, 0, -1, -1, -1, 0, 0, 0, 0, 0, 1, 1, 0, 0, -1, 0, 0]
[2, 0, 2, -1, -4, -1, -2, 0, -3, -2, 1, -1, -2, 1, -2, 2, 0, 2, 0, 1, -1, 0]
[1, 1, 1, 1, -2, 2, 0, -1, 0, -1, -1, 1, -1, 1, -1, 1, 1, 1, -1, -2, 0, 0]
[2, 0, 3, -1, -4, 0, -2, 0, -3, -2, 1, -1, -2, 1, -2, 2, 0, 2, 0, 1, -1, 0]
[1, 1, 0, 1, -2, 1, 0, -1, 0, -1, -1, 1, -1, 1, -1, 1, 1, 1, -1, -2, 0, 0]
[2, 1, 2, 1, -5, 0, -3, -1, -2, -2, 1, -1, -3, 1, -3, 2, 1, 3, -1, 0, -1, 0]
[1, 0, 1, -1, -1, 1, 1, 0, -1, -1, -1, 1, 0, 1, 0, 1, 0, 0, 0, -1, 0, 0]
[3, 0, 3, -2, -4, 1, -1, -1, -3, -3, -1, 0, -2, 3, -2, 3, 0, 2, -1, 0, -1, 0]
[0, 1, 0, 2, -2, 0, -1, 0, 0, 0, 1, 0, -1, -1, -1, 0, 1, 1, 0, -1, 0, 0]
[3, 1, 2, 0, -5, 1, -2, -2, -2, -3, -1, 0, -3, 3, -3, 3, 1, 3, -2, -1, -1, 0]
[0, 0, 1, 0, -1, 0, 0, 1, -1, 0, 1, 0, 0, -1, 0, 0, 0, 0, 1, 0, 0, 0]
[3, 1, 3, 0, -5, 2, -2, -2, -2, -3, -1, 0, -3, 3, -3, 3, 1, 3, -2, -1, -1, 0]
[0, 0, 0, 0, -1, -1, 0, 1, -1, 0, 1, 0, 0, -1, 0, 0, 0, 0, 1, 0, 0, 0]
[3, 1, 2, 0, -5, 1, -2, -2, -3, -3, 0, -1, -2, 2, -2, 3, 1, 2, -1, 0, -1, 0]
[0, 0, 1, 0, -1, 0, 0, 1, 0, 0, 0, 1, -1, 0, -1, 0, 0, 1, 0, -1, 0, 0]
[2, 0, 2, 0, -4, 1, -1, -1, -3, -2, 0, 0, -2, 2, -2, 2, 0, 2, -1, 0, -1, 0]
[1, 1, 1, 0, -2, 0, -1, 0, 0, -1, 0, 0, -1, 0, -1, 1, 1, 1, 0, -1, 0, 0]
[3, 1, 2, 0, -5, 1, -1, -2, -2, -3, 0, 0, -3, 2, -3, 3, 1, 3, -2, -1, -1, 0]
[0, 0, 1, 0, -1, 0, -1, 1, -1, 0, 0, 0, 0, 0, 0, 0, 0, 0, 1, 0, 0, 0]
[2, 1, 1, 0, -3, 2, 1, -2, -2, -2, -1, 0, 0, 1, -1, 2, 0, 1, -1, -1, 0, -1]
[1, 0, 2, 0, -3, -1, -3, 1, -1, -1, 1, 0, -3, 1, -2, 1, 1, 2, 0, 0, -1, 1]
[2, 0, 1, 0, -3, 1, 0, -1, -2, -2, 0, 1, -2, 2, -1, 2, 1, 1, -1, -1, -1, 1]
[1, 1, 2, 0, -3, 0, -2, 0, -1, -1, 0, -1, -1, 0, -2, 1, 0, 2, 0, 0, 0, -1]
[2, 1, 1, 1, -4, 2, 0, -2, -1, -2, -1, 1, -2, 2, -2, 2, 1, 2, -2, -2, 0, 0]
[1, 0, 2, -1, -2, -1, -2, 1, -2, -1, 1, -1, -1, 0, -1, 1, 0, 1, 1, 1, -1, 0]
[2, 1, 1, 1, -3, 2, 0, -2, -1, -2, -1, 1, -2, 2, -2, 2, 1, 2, -2, -2, -1, 0]
[1, 0, 2, -1, -3, -1, -2, 1, -2, -1, 1, -1, -1, 0, -1, 1, 0, 1, 1, 1, 0, 0]
[2, 1, 1, 0, -3, 2, 0, -1, -1, -2, -1, 0, -1, 2, -1, 2, 1, 1, -1, -1, 0, 0]
[1, 0, 2, 0, -3, -1, -2, 0, -2, -1, 1, 0, -2, 0, -2, 1, 0, 2, 0, 0, -1, 0]
[2, 1, 1, 0, -3, 1, 0, -1, -1, -2, -1, 0, -1, 2, -1, 2, 1, 1, -1, -1, -1, 0]
[1, 0, 2, 0, -3, 0, -2, 0, -2, -1, 1, 0, -2, 0, -2, 1, 0, 2, 0, 0, 0, 0]
[2, 1, 2, 0, -3, 1, -2, -1, -1, -2, -1, 0, -2, 2, -2, 2, 1, 2, -1, -1, -1, 0]
[1, 0, 1, 0, -3, 0, 0, 0, -2, -1, 1, 0, -1, 0, -1, 1, 0, 1, 0, 0, 0, 0]
[2, 1, 2, 0, -4, 1, -2, -1, -1, -2, -1, 0, -2, 2, -2, 2, 1, 2, -1, -1, 0, 0]
[1, 0, 1, 0, -2, 0, 0, 0, -2, -1, 1, 0, -1, 0, -1, 1, 0, 1, 0, 0, -1, 0]
[2, 0, 2, -1, -3, 0, -2, 0, -2, -2, 0, 0, -2, 2, -1, 2, 1, 1, 0, 0, -1, 1]
[1, 1, 1, 1, -3, 1, 0, -1, -1, -1, 0, 0, -1, 0, -2, 1, 0, 2, -1, -1, 0, -1]
[2, 1, 2, -1, -3, 1, -1, -1, -2, -2, -1, -1, 0, 1, -1, 2, 0, 1, 0, 0, 0, -1]
[1, 0, 1, 1, -3, 0, -1, 0, -1, -1, 1, 1, -3, 1, -2, 1, 1, 2, -1, -1, -1, 1]
[2, 0, 3, -1, -3, 1, -1, -1, -2, -2, -1, 1, -2, 2, -2, 2, 0, 2, -1, -1, -1, 0]
[1, 1, 0, 1, -3, 0, -1, 0, -1, -1, 1, -1, -1, 0, -1, 1, 1, 1, 0, 0, 0, 0]
[2, 0, 2, -1, -3, 1, -1, -1, -2, -2, -1, 1, -2, 2, -2, 2, 0, 2, -1, -1, 0, 0]
[1, 1, 1, 1, -3, 0, -1, 0, -1, -1, 1, -1, -1, 0, -1, 1, 1, 1, 0, 0, -1, 0]
[2, 2, 1, 1, -4, 1, -1, -2, -1, -2, 0, -1, -1, 0, -2, 2, 1, 2, -1, -1, 0, -1]
[1, -1, 2, -1, -2, 0, -1, 1, -2, -1, 0, 1, -2, 2, -1, 1, 0, 1, 0, 0, -1, 1]
[2, 0, 2, -1, -3, 0, -1, 0, -1, -2, 0, 1, -3, 2, -2, 2, 1, 2, -1, -1, -1, 1]
[1, 1, 1, 1, -3, 1, -1, -1, -2, -1, 0, -1, 0, 0, -1, 1, 0, 1, 0, 0, 0, -1]
[2, 0, 2, 0, -3, 1, -2, -1, -2, -2, 0, 1, -3, 2, -2, 2, 1, 2, -1, -1, -1, 1]
[1, 1, 1, 0, -3, 0, 0, 0, -1, -1, 0, -1, 0, 0, -1, 1, 0, 1, 0, 0, 0, -1]
[2, 0, 2, 0, -4, 0, -2, -1, -2, -2, 0, 1, -3, 2, -2, 2, 1, 2, -1, -1, -1, 1]
[1, 1, 1, 0, -2, 1, 0, 0, -1, -1, 0, -1, 0, 0, -1, 1, 0, 1, 0, 0, 0, -1]
[2, 1, 1, 1, -4, 0, -2, -1, -1, -2, 1, 0, -3, 1, -2, 2, 2, 2, -1, -1, -1, 1]
[1, 0, 2, -1, -2, 1, 0, 0, -2, -1, -1, 0, 0, 1, -1, 1, -1, 1, 0, 0, 0, -1]
[2, 1, 2, -1, -3, 1, 0, -1, -1, -2, -1, 0, -1, 1, -2, 2, 0, 2, -1, -1, 0, -1]
[1, 0, 1, 1, -3, 0, -2, 0, -2, -1, 1, 0, -2, 1, -1, 1, 1, 1, 0, 0, -1, 1]
[2, 1, 1, 1, -4, 1, -2, -2, -2, -2, 0, 0, -2, 1, -2, 2, 1, 2, -1, -1, 0, 0]
[1, 0, 2, -1, -2, 0, 0, 1, -1, -1, 0, 0, -1, 1, -1, 1, 0, 1, 0, 0, -1, 0]
[2, 1, 2, 1, -4, 1, -2, -2, -2, -2, 0, 0, -2, 1, -2, 2, 1, 2, -1, -1, -1, 0]
[1, 0, 1, -1, -2, 0, 0, 1, -1, -1, 0, 0, -1, 1, -1, 1, 0, 1, 0, 0, 0, 0]
[2, 1, 2, 0, -3, 2, -1, -2, -2, -2, -1, 0, -1, 1, -2, 2, 0, 2, -1, -1, 0, -1]
[1, 0, 1, 0, -3, -1, -1, 1, -1, -1, 1, 0, -2, 1, -1, 1, 1, 1, 0, 0, -1, 1]
[2, 1, 2, 0, -4, 1, -1, -2, -2, -2, -1, 0, -1, 1, -2, 2, 0, 2, -1, -1, 0, -1]
[1, 0, 1, 0, -2, 0, -1, 1, -1, -1, 1, 0, -2, 1, -1, 1, 1, 1, 0, 0, -1, 1]
[2, 0, 2, -1, -3, 1, -1, -1, -3, -2, 0, 0, -1, 1, -1, 2, 0, 1, 0, 0, 0, 0]
[1, 1, 1, 1, -3, 0, -1, 0, 0, -1, 0, 0, -2, 1, -2, 1, 1, 2, -1, -1, -1, 0]
[2, 0, 2, -1, -3, 0, -1, -1, -3, -2, 0, 0, -1, 1, -1, 2, 0, 1, 0, 0, -1, 0]
[1, 1, 1, 1, -3, 1, -1, 0, 0, -1, 0, 0, -2, 1, -2, 1, 1, 2, -1, -1, 0, 0]
[2, 1, 2, 0, -4, 1, -1, -1, -1, -2, 0, 0, -2, 1, -2, 2, 1, 2, -1, -1, 0, 0]
[1, 0, 1, 0, -2, 0, -1, 0, -2, -1, 0, 0, -1, 1, -1, 1, 0, 1, 0, 0, -1, 0]
[2, 1, 1, 0, -3, 0, -1, -1, -1, -2, 0, 0, -2, 1, -2, 2, 1, 2, -1, -1, -1, 0]
[1, 0, 2, 0, -3, 1, -1, 0, -2, -1, 0, 0, -1, 1, -1, 1, 0, 1, 0, 0, 0, 0]
[2, 1, 1, 0, -4, 0, -1, -1, -1, -2, 0, 0, -2, 1, -2, 2, 1, 2, -1, -1, 0, 0]
[1, 0, 2, 0, -2, 1, -1, 0, -2, -1, 0, 0, -1, 1, -1, 1, 0, 1, 0, 0, -1, 0]
[2, 1, 2, 0, -4, 0, -1, -1, -1, -2, 0, 0, -2, 1, -2, 2, 1, 2, -1, -1, -1, 0]
[1, 0, 1, 0, -2, 1, -1, 0, -2, -1, 0, 0, -1, 1, -1, 1, 0, 1, 0, 0, 0, 0]
[2, 1, 2, 0, -3, 1, -1, -1, -1, -2, 0, 0, -2, 1, -2, 2, 1, 2, -1, -1, -1, 0]
[1, 0, 1, 0, -3, 0, -1, 0, -2, -1, 0, 0, -1, 1, -1, 1, 0, 1, 0, 0, 0, 0]
[2, 1, 1, 0, -3, 1, -1, -1, -1, -2, 0, 0, -2, 1, -2, 2, 1, 2, -1, -1, 0, 0]
[1, 0, 2, 0, -3, 0, -1, 0, -2, -1, 0, 0, -1, 1, -1, 1, 0, 1, 0, 0, -1, 0]

################
# DISCRIMINANT #
################

The discriminant has 3 components of degree 1, and 3 components of degree 2:
11*Z[0]^2 + 49*Z[0]*Z[1] + 2*Z[0]*Z[2] + 4*Z[1]^2 - 16*Z[1]*Z[2] - 9*Z[2]^2
4*Z[0] - 2*Z[1] - Z[2]
53*Z[0]^2 - 56*Z[0]*Z[1] - 40*Z[0]*Z[2] + 16*Z[1]^2 + 32*Z[1]*Z[2] + 32*Z[2]^2
7*Z[0] - 16*Z[1] - 8*Z[2]
Z[0]
Z[0]^2 - Z[0]*Z[1] - 2*Z[0]*Z[2] + Z[2]^2

#############
# MONODROMY #
#############

Generators of the monodromy group on the second homology group:
[[-1, 1, 0, -1, 0, 0, 0, 0, -1, 0, 0, 0, 0, 0, -2, -1, 1, -1, 1, -2, 0, 0], [0, 0, 0, 0, 0, 0, 0, 0, 0, 0, 0, 0, 0, 0, 0, 0, 1, 0, 0, 0, 0, 0], [-1, 2, -1, -2, 0, 0, -1, 1, -2, 0, 0, 0, 0, 0, -1, -1, 0, -1, 0, -3, 0, 0], [2, -1, 0, 2, 0, 0, 0, 0, 1, 0, 0, 1, 1, 0, 1, 1, 0, 1, 0, 2, 0, 0], [0, -2, 0, 0, -1, 0, 0, -1, 2, 1, 0, 0, 0, 0, 2, 1, -1, 1, -2, 3, 0, 0], [0, -1, 0, 1, 0, -1, 1, -1, 0, -1, -1, 0, -1, 1, -3, -2, 1, -2, 2, 0, 0, -1], [0, -2, 0, 1, 0, 0, 1, 0, 1, 0, 0, 0, 0, 0, 0, 1, 0, 1, -1, 2, 0, 0], [1, 1, 0, 0, 0, 0, 0, 1, 0, 0, 0, -1, -1, 0, 2, 0, -2, 0, -1, 0, 0, 0], [2, -1, 0, 1, 0, 0, 0, 0, 2, 0, 0, 0, 0, 0, 2, 1, -1, 1, -1, 2, 0, 0], [2, -1, 0, 1, 0, 0, 0, 0, 1, 1, 0, 0, 0, 0, 2, 1, -1, 1, -1, 2, 0, 0], [1, 1, 0, 0, 0, 0, 0, 0, 0, 0, 1, 0, 0, 0, 1, 0, -1, 0, 0, 0, 0, 0], [0, 0, 0, 0, 0, 0, 0, 0, 0, 0, 0, 0, -1, 0, 1, 0, -1, 0, -1, 0, 0, -1], [0, -2, 0, 1, 0, 0, 0, 0, 1, 0, 0, 0, 1, 0, 0, 1, 0, 1, -1, 2, 0, 1], [-2, 1, 0, -1, 0, 0, 0, 0, -1, 0, 0, 0, 0, 1, -2, -1, 1, -1, 1, -2, 0, -1], [0, -1, 0, 1, 0, 0, 0, 0, 1, 0, 0, 0, 0, 0, 1, 1, -1, 1, -1, 2, 0, 0], [-1, 1, 0, -1, 0, 0, 0, 0, -1, 0, 0, 0, 0, 0, -1, -1, 1, 0, 1, -2, 0, 0], [0, 1, 0, 0, 0, 0, 0, 0, 0, 0, 0, 0, 0, 0, 0, 0, 0, 0, 0, 0, 0, 0], [-1, 1, 0, -1, 0, 0, 0, 0, -1, 0, 0, 0, 0, 0, -1, 0, 1, -1, 1, -2, 0, 0], [0, 0, 0, 0, 0, 0, 0, 0, 0, 0, 0, -1, -1, 0, 1, 0, -1, 0, 0, 0, 0, 0], [-1, 1, 0, -1, 0, 0, 0, 0, -1, 0, 0, -1, -1, 0, 0, -1, 0, -1, 0, -1, 0, 0], [1, -2, 0, 1, 0, 0, 0, 0, 1, 0, -1, 0, 1, -1, 0, 1, 0, 1, 0, 1, -1, 1], [0, 0, 0, 0, 0, 0, 0, 0, 0, 0, 0, 0, 0, 0, 0, 0, 0, 0, 0, 0, 0, -1]]
[[1, 0, 0, 0, 0, 0, 0, 0, 0, 0, 0, 0, 0, 0, 0, 0, 0, 0, 0, 0, 0, 0], [0, 1, 0, 0, 0, 0, 0, 0, 0, 0, 0, 0, 0, 0, 0, 0, 0, 0, 0, 0, 0, 0], [0, 0, 1, 0, 0, 0, 0, 0, 0, 0, 0, 0, 0, 0, 0, 0, 0, 0, 0, 0, 0, 0], [0, 0, 0, 1, 0, 0, 0, 0, 0, 0, 0, 0, 0, 0, 0, 0, 0, 0, 0, 0, 0, 0], [0, 0, 0, 0, 1, 0, 0, 0, 0, 0, 0, 0, 0, 0, 0, 0, 0, 0, 0, 0, 0, 0], [0, 0, 0, 0, 0, 1, 0, 0, 0, 0, 0, 0, 0, 0, 0, 0, 0, 0, 0, 0, 0, 0], [0, 0, 0, 0, 0, 0, 1, 0, 0, 0, 0, 0, 0, 0, 0, 0, 0, 0, 0, 0, 0, 0], [0, 0, 0, 0, 0, 0, 0, 1, 0, 0, 0, 0, 0, 0, 0, 0, 0, 0, 0, 0, 0, 0], [0, 0, 0, 0, 0, 0, 0, 0, 1, 0, 0, 0, 0, 0, 0, 0, 0, 0, 0, 0, 0, 0], [0, 0, 0, 0, 0, 0, 0, 0, 0, 1, 0, 0, 0, 0, 0, 0, 0, 0, 0, 0, 0, 0], [0, 0, 0, 0, 0, 0, 0, 0, 0, 0, 1, 0, 0, 0, 0, 0, 0, 0, 0, 0, 0, 0], [0, 0, 0, 0, 0, 0, 0, 0, 0, 0, 0, 1, 0, 0, 0, 0, 0, 0, 0, 0, 0, 0], [0, 0, 0, 0, 0, 0, 0, 0, 0, 0, 0, 0, 1, 0, 0, 0, 0, 0, 0, 0, 0, 0], [0, 0, 0, 0, 0, 0, 0, 0, 0, 0, 0, 0, 0, 1, 0, 0, 0, 0, 0, 0, 0, 0], [0, 0, 0, 0, 0, 0, 0, 0, 0, 0, 0, 0, 0, 0, 1, 0, 0, 0, 0, 0, 0, 0], [0, 0, 0, 0, 0, 0, 0, 0, 0, 0, 0, 0, 0, 0, 0, 1, 0, 0, 0, 0, 0, 0], [0, 0, 0, 0, 0, 0, 0, 0, 0, 0, 0, 0, 0, 0, 0, 0, 1, 0, 0, 0, 0, 0], [0, 0, 0, 0, 0, 0, 0, 0, 0, 0, 0, 0, 0, 0, 0, 0, 0, 1, 0, 0, 0, 0], [0, 0, 0, 0, 0, 0, 0, 0, 0, 0, 0, 0, 0, 0, 0, 0, 0, 0, 1, 0, 0, 0], [0, 0, 0, 0, 0, 0, 0, 0, 0, 0, 0, 0, 0, 0, 0, 0, 0, 0, 0, 1, 0, 0], [0, 0, 0, 0, 0, 0, 0, 0, 0, 0, 0, 0, 0, 0, 0, 0, 0, 0, 0, 0, 1, 0], [0, 0, 0, 0, 0, 0, 0, 0, 0, 0, 0, 0, 0, 0, 0, 0, 0, 0, 0, 0, 0, 1]]
[[-2, -2, -1, -1, -1, 2, 0, 0, 0, 0, 0, 0, 0, 0, -3, 0, 2, -1, 2, 0, 0, 0], [-1, 0, 0, 0, 0, 1, 0, 0, 0, 0, 0, 0, 0, 0, -1, 0, 1, 0, 1, 0, 0, 0], [-2, -2, -1, -1, -1, 1, 0, 0, 0, -1, -1, -1, -1, 0, -3, -1, 1, -2, 2, -1, -1, -1], [2, 2, 2, 2, 1, -1, 0, 0, 0, 1, 1, 1, 1, 0, 3, 1, -1, 2, -2, 1, 1, 1], [2, 2, 0, 0, 1, -2, 0, 0, 0, 0, 0, 0, 0, 0, 2, 0, -2, 0, -2, 0, 0, 0], [-2, -1, -1, -1, -1, 2, 0, 0, 0, 0, 0, 0, 0, 0, -2, 0, 1, -1, 1, 0, 0, 0], [0, 0, 0, 0, 0, 0, 1, 0, 0, 0, 0, 0, 0, 0, 0, 0, 0, 0, 0, 0, 0, 0], [3, 2, 1, 1, 1, -2, 0, 1, 0, 0, 0, 0, 0, 0, 3, 0, -2, 1, -2, 0, 0, 0], [2, 2, 2, 1, 1, -1, 0, 0, 1, 1, 1, 1, 1, 0, 3, 1, -1, 2, -2, 1, 1, 1], [3, 2, 1, 1, 1, -2, 0, 0, 0, 1, 0, 0, 0, 0, 3, 0, -2, 1, -2, 0, 0, 0], [2, 1, 1, 1, 1, -1, 0, 0, 0, 0, 1, 0, 0, 0, 2, 0, -1, 1, -1, 0, 0, 0], [1, 3, 0, 0, 1, -1, 0, 1, -1, 0, 1, 0, -1, 1, 2, 0, -2, 0, -2, -1, 1, 0], [0, 0, 0, 0, 0, 0, 0, 0, 0, 0, 0, 0, 1, 0, 0, 0, 0, 0, 0, 0, 0, 0], [-2, -1, -1, -1, -1, 1, 0, 0, 0, 0, 0, 0, 0, 1, -2, 0, 1, -1, 1, 0, 0, 0], [1, 1, 0, 0, 0, -1, 0, 0, 0, 0, 0, 0, 0, 0, 2, 0, -1, 0, -1, 0, 0, 0], [-1, 0, 0, 0, 0, 0, 0, 0, -1, 0, 0, 0, 0, 1, -2, -1, 1, -1, 1, -1, 0, 0], [0, 1, 1, 0, 0, 0, 0, 0, 0, 1, 1, 1, 1, 0, 1, 1, 1, 1, -1, 1, 1, 1], [-2, -1, -1, -1, -1, 1, 0, 0, 0, 0, 0, 0, 0, 0, -2, 0, 1, 0, 1, 0, 0, 0], [1, 0, -1, 0, 0, -1, 0, 0, 0, -1, -1, -1, -1, 0, 0, -1, -1, -1, 1, -1, -1, -1], [0, -1, -1, 0, 0, 0, 0, 0, 0, -1, -1, -1, -1, 0, -1, -1, 0, -1, 1, 0, -1, -1], [0, -2, 0, 0, -1, 0, 0, -1, 1, 0, -1, 1, 1, -1, -1, 0, 1, 0, 1, 1, 0, 0], [0, -2, -1, 0, 0, 1, 0, 0, 1, -1, -1, -1, -1, -1, 0, 1, 0, 0, 1, 0, -1, 0]]
[[1, 0, 1, 2, 1, -1, 2, 0, -1, -1, -1, -1, -1, 0, -1, -1, 0, 0, 2, -1, 0, 0], [0, 0, 0, 0, 0, 0, 0, 0, -1, 0, 0, 0, 0, 0, 0, -1, 0, 0, 0, -1, 0, 0], [0, 0, 0, 0, 0, 0, 1, 0, 0, 0, 0, -1, -1, 0, -1, 0, 0, 0, 2, -1, 0, 0], [0, 0, 0, -1, -1, 0, -1, 0, 0, 1, 0, 1, 1, -1, 2, 0, 0, 1, -2, 0, -1, 0], [0, 0, -1, -1, 0, 1, -2, 0, 1, 1, 1, 1, 1, 1, 1, 1, 0, 0, -2, 2, 1, 0], [0, 1, 0, 0, 1, 0, 0, 1, -2, 0, -1, -1, 0, -1, 1, 0, 0, 1, -1, -2, 0, 1], [0, 1, 0, 0, 1, 0, -1, 1, -1, 0, 0, 0, 1, 0, 2, 1, 0, 1, -3, 0, 1, 1], [0, -1, -1, -1, -1, 1, -1, -1, 2, 0, 1, 1, -1, 1, -1, 0, 0, -2, 2, 1, 0, -2], [0, -1, 0, -1, -1, 1, -1, -1, 1, 1, 1, 1, 0, 0, 2, 0, 0, 0, -1, 1, 0, -1], [0, 0, 0, -1, 0, 1, -2, 0, 1, 1, 1, 1, 1, 0, 2, 1, 0, 1, -2, 1, 0, 0], [0, 0, 0, 0, -1, -1, 0, -1, 1, 0, 0, 1, 0, 1, -1, -1, 0, -1, 1, 1, 0, -1], [0, 2, 0, 0, 1, 0, -1, 2, -2, 1, 0, -1, 1, 0, 2, 1, 0, 1, -3, -1, 0, 1], [0, -1, -1, -1, -1, 1, -1, -1, 2, 0, 1, 2, 1, 0, 0, 1, 0, 0, 0, 2, 1, 0], [0, 2, 1, 1, 2, -1, 1, 2, -3, 0, -1, -2, 0, -1, 1, 1, 0, 1, -2, -2, 0, 2], [0, -1, -1, -1, -1, 1, -1, -1, 2, 0, 1, 1, 0, 1, -1, 0, 0, -2, 1, 1, 0, -1], [0, 1, 1, 1, 1, -1, 1, 2, -2, 0, -1, -1, 1, -1, 1, 1, 0, 2, -2, -1, 0, 2], [0, 0, 1, 1, 0, -1, 1, 0, -1, 0, -1, 0, 0, 0, 0, -1, 1, 0, 0, 0, 0, 0], [0, 1, 1, 1, 1, -1, 1, 1, -2, 0, -1, -1, 0, -1, 0, 0, 0, 1, -1, -1, 0, 1], [0, -1, -1, -1, -1, 1, -1, -1, 2, 0, 1, 1, 0, 1, -2, 0, 0, -2, 2, 1, 0, -1], [0, -1, -1, 0, 0, 0, 0, -1, 1, -1, 0, 0, -1, 1, -3, -1, 0, -2, 3, 0, 0, -1], [0, -1, 0, -1, -1, 1, 0, -1, 2, 0, 1, 1, 0, 0, 0, 0, 0, 0, 1, 1, 0, -1], [0, 0, 0, 0, 0, 0, 0, -1, 0, 0, 0, -1, -1, 1, -1, -1, 0, -2, 2, -1, -1, -1]]
[[1, 0, 0, 0, 0, 0, 0, 0, 0, 0, 0, 0, 0, 0, 0, 0, 0, 0, 0, 0, 0, 0], [0, 1, 0, 0, 0, 0, 0, 0, 0, 0, 0, 0, 0, 0, 0, 0, 0, 0, 0, 0, 0, 0], [0, 0, 1, 0, 0, 0, 0, 0, 0, 0, 0, 0, 0, 0, 0, 0, 0, 0, 0, 0, 0, 0], [0, 0, 0, 1, 0, 0, 0, 0, 0, 0, 0, 0, 0, 0, 0, 0, 0, 0, 0, 0, 0, 0], [0, 0, 0, 0, 1, 0, 0, 0, 0, 0, 0, 0, 0, 0, 0, 0, 0, 0, 0, 0, 0, 0], [0, 0, 0, 0, 0, 1, 0, 0, 0, 0, 0, 0, 0, 0, 0, 0, 0, 0, 0, 0, 0, 0], [0, 0, 0, 0, 0, 0, 1, 0, 0, 0, 0, 0, 0, 0, 0, 0, 0, 0, 0, 0, 0, 0], [0, 0, 0, 0, 0, 0, 0, 1, 0, 0, 0, 0, 0, 0, 0, 0, 0, 0, 0, 0, 0, 0], [0, 0, 0, 0, 0, 0, 0, 0, 1, 0, 0, 0, 0, 0, 0, 0, 0, 0, 0, 0, 0, 0], [0, 0, 0, 0, 0, 0, 0, 0, 0, 1, 0, 0, 0, 0, 0, 0, 0, 0, 0, 0, 0, 0], [0, 0, 0, 0, 0, 0, 0, 0, 0, 0, 1, 0, 0, 0, 0, 0, 0, 0, 0, 0, 0, 0], [0, 0, 0, 0, 0, 0, 0, 0, 0, 0, 0, 1, 0, 0, 0, 0, 0, 0, 0, 0, 0, 0], [0, 0, 0, 0, 0, 0, 0, 0, 0, 0, 0, 0, 1, 0, 0, 0, 0, 0, 0, 0, 0, 0], [0, 0, 0, 0, 0, 0, 0, 0, 0, 0, 0, 0, 0, 1, 0, 0, 0, 0, 0, 0, 0, 0], [0, 0, 0, 0, 0, 0, 0, 0, 0, 0, 0, 0, 0, 0, 1, 0, 0, 0, 0, 0, 0, 0], [0, 0, 0, 0, 0, 0, 0, 0, 0, 0, 0, 0, 0, 0, 0, 1, 0, 0, 0, 0, 0, 0], [0, 0, 0, 0, 0, 0, 0, 0, 0, 0, 0, 0, 0, 0, 0, 0, 1, 0, 0, 0, 0, 0], [0, 0, 0, 0, 0, 0, 0, 0, 0, 0, 0, 0, 0, 0, 0, 0, 0, 1, 0, 0, 0, 0], [0, 0, 0, 0, 0, 0, 0, 0, 0, 0, 0, 0, 0, 0, 0, 0, 0, 0, 1, 0, 0, 0], [0, 0, 0, 0, 0, 0, 0, 0, 0, 0, 0, 0, 0, 0, 0, 0, 0, 0, 0, 1, 0, 0], [0, 0, 0, 0, 0, 0, 0, 0, 0, 0, 0, 0, 0, 0, 0, 0, 0, 0, 0, 0, 1, 0], [0, 0, 0, 0, 0, 0, 0, 0, 0, 0, 0, 0, 0, 0, 0, 0, 0, 0, 0, 0, 0, 1]]
[[-1, 3, 2, 1, 2, -3, 1, 2, -4, 0, -3, -1, 2, -2, 2, 1, 2, 4, -5, 0, 2, 5], [0, 2, 0, 0, 1, -1, 0, 1, -2, 0, -1, -1, 0, -1, 1, 0, 0, 1, -2, -1, 0, 1], [0, -1, 0, -1, -1, 0, 0, -1, 1, 0, 0, 0, -1, 0, -1, -1, 0, -1, 2, -1, -1, -1], [2, -2, -1, 1, -1, 1, 0, -1, 2, 0, 1, 0, -1, 1, -1, -1, -1, -2, 3, 0, -2, -3], [1, -2, -2, -1, -1, 2, -1, -2, 3, 0, 2, 1, -2, 2, -2, -1, -2, -4, 4, 0, -1, -4], [-2, 4, 2, 1, 3, -3, 1, 3, -6, 0, -4, -2, 2, -3, 3, 1, 2, 5, -7, -1, 2, 6], [-2, 4, 2, 1, 3, -2, 1, 3, -5, 0, -2, -1, 2, -2, 3, 2, 1, 4, -7, 0, 3, 5], [3, -6, -5, -3, -5, 5, -2, -4, 8, 0, 5, 2, -5, 4, -5, -3, -4, -9, 11, -1, -4, -10], [3, -3, -3, -1, -2, 2, -1, -2, 4, 0, 2, 0, -3, 2, -2, -2, -3, -5, 5, -1, -3, -6], [2, -3, -2, -1, -2, 3, -1, -2, 4, 1, 3, 1, -2, 2, -2, -1, -2, -4, 5, 0, -2, -5], [1, -2, -1, 0, -2, 1, 0, -2, 3, 0, 2, 1, -1, 2, -2, -1, -1, -3, 4, 1, -1, -3], [0, 2, 1, 1, 2, -1, 0, 2, -3, 0, -1, 0, 1, -1, 2, 1, 0, 2, -4, 0, 1, 2], [0, -2, -2, -2, -2, 2, -1, -2, 3, 0, 2, 1, -1, 1, -2, -1, -1, -3, 4, -1, -1, -3], [-3, 6, 4, 2, 5, -4, 1, 5, -8, 0, -4, -2, 4, -3, 5, 3, 3, 8, -11, 0, 4, 9], [2, -5, -4, -3, -4, 5, -2, -4, 7, 0, 5, 2, -4, 3, -3, -2, -3, -7, 9, -1, -3, -8], [-3, 6, 5, 3, 5, -5, 2, 5, -8, 0, -5, -2, 5, -4, 5, 4, 4, 9, -11, 1, 4, 10], [-1, 3, 2, 2, 2, -3, 1, 2, -4, 0, -3, -1, 2, -1, 2, 1, 2, 3, -5, 1, 2, 4], [-2, 4, 3, 2, 3, -3, 1, 3, -5, 0, -3, -1, 3, -2, 3, 2, 2, 6, -7, 1, 3, 6], [2, -5, -4, -3, -4, 5, -2, -4, 7, 0, 5, 2, -4, 3, -4, -2, -3, -7, 10, -1, -3, -8], [0, -2, -2, -2, -2, 2, -1, -2, 3, 0, 2, 1, -2, 1, -2, -1, -1, -3, 4, 0, -1, -3], [2, -4, -2, -1, -3, 2, 0, -3, 5, 0, 2, 1, -2, 2, -3, -2, -1, -4, 7, 0, -2, -5], [2, -2, -2, -1, -1, 2, -1, -1, 2, 0, 2, 0, -2, 1, -1, -1, -2, -3, 3, -1, -2, -3]]
[[1, 0, 0, 0, 0, 0, 0, 0, 0, 0, 0, 0, 0, 0, 0, 0, 0, 0, 0, 0, 0, 0], [0, 1, 0, 0, 0, 0, 0, 0, 0, 0, 0, 0, 0, 0, 0, 0, 0, 0, 0, 0, 0, 0], [0, 0, 1, 0, 0, 0, 0, 0, 0, 0, 0, 0, 0, 0, 0, 0, 0, 0, 0, 0, 0, 0], [0, 0, 0, 1, 0, 0, 0, 0, 0, 0, 0, 0, 0, 0, 0, 0, 0, 0, 0, 0, 0, 0], [0, 0, 0, 0, 1, 0, 0, 0, 0, 0, 0, 0, 0, 0, 0, 0, 0, 0, 0, 0, 0, 0], [0, 0, 0, 0, 0, 1, 0, 0, 0, 0, 0, 0, 0, 0, 0, 0, 0, 0, 0, 0, 0, 0], [0, 0, 0, 0, 0, 0, 1, 0, 0, 0, 0, 0, 0, 0, 0, 0, 0, 0, 0, 0, 0, 0], [0, 0, 0, 0, 0, 0, 0, 1, 0, 0, 0, 0, 0, 0, 0, 0, 0, 0, 0, 0, 0, 0], [0, 0, 0, 0, 0, 0, 0, 0, 1, 0, 0, 0, 0, 0, 0, 0, 0, 0, 0, 0, 0, 0], [0, 0, 0, 0, 0, 0, 0, 0, 0, 1, 0, 0, 0, 0, 0, 0, 0, 0, 0, 0, 0, 0], [0, 0, 0, 0, 0, 0, 0, 0, 0, 0, 1, 0, 0, 0, 0, 0, 0, 0, 0, 0, 0, 0], [0, 0, 0, 0, 0, 0, 0, 0, 0, 0, 0, 1, 0, 0, 0, 0, 0, 0, 0, 0, 0, 0], [0, 0, 0, 0, 0, 0, 0, 0, 0, 0, 0, 0, 1, 0, 0, 0, 0, 0, 0, 0, 0, 0], [0, 0, 0, 0, 0, 0, 0, 0, 0, 0, 0, 0, 0, 1, 0, 0, 0, 0, 0, 0, 0, 0], [0, 0, 0, 0, 0, 0, 0, 0, 0, 0, 0, 0, 0, 0, 1, 0, 0, 0, 0, 0, 0, 0], [0, 0, 0, 0, 0, 0, 0, 0, 0, 0, 0, 0, 0, 0, 0, 1, 0, 0, 0, 0, 0, 0], [0, 0, 0, 0, 0, 0, 0, 0, 0, 0, 0, 0, 0, 0, 0, 0, 1, 0, 0, 0, 0, 0], [0, 0, 0, 0, 0, 0, 0, 0, 0, 0, 0, 0, 0, 0, 0, 0, 0, 1, 0, 0, 0, 0], [0, 0, 0, 0, 0, 0, 0, 0, 0, 0, 0, 0, 0, 0, 0, 0, 0, 0, 1, 0, 0, 0], [0, 0, 0, 0, 0, 0, 0, 0, 0, 0, 0, 0, 0, 0, 0, 0, 0, 0, 0, 1, 0, 0], [0, 0, 0, 0, 0, 0, 0, 0, 0, 0, 0, 0, 0, 0, 0, 0, 0, 0, 0, 0, 1, 0], [0, 0, 0, 0, 0, 0, 0, 0, 0, 0, 0, 0, 0, 0, 0, 0, 0, 0, 0, 0, 0, 1]]
[[1, 0, 0, 0, 0, 0, 0, 0, 0, 0, 0, 0, 0, 0, 0, 0, 0, 0, 0, 0, 0, 0], [0, 1, 0, 0, 0, 0, 0, 0, 0, 0, 0, 0, 0, 0, 0, 0, 0, 0, 0, 0, 0, 0], [0, 0, 1, 0, 0, 0, 0, 0, 0, 0, 0, 0, 0, 0, 0, 0, 0, 0, 0, 0, 0, 0], [0, 0, 0, 1, 0, 0, 0, 0, 0, 0, 0, 0, 0, 0, 0, 0, 0, 0, 0, 0, 0, 0], [0, 0, 0, 0, 1, 0, 0, 0, 0, 0, 0, 0, 0, 0, 0, 0, 0, 0, 0, 0, 0, 0], [0, 0, 0, 0, 0, 1, 0, 0, 0, 0, 0, 0, 0, 0, 0, 0, 0, 0, 0, 0, 0, 0], [0, 0, 0, 0, 0, 0, 1, 0, 0, 0, 0, 0, 0, 0, 0, 0, 0, 0, 0, 0, 0, 0], [0, 0, 0, 0, 0, 0, 0, 1, 0, 0, 0, 0, 0, 0, 0, 0, 0, 0, 0, 0, 0, 0], [0, 0, 0, 0, 0, 0, 0, 0, 1, 0, 0, 0, 0, 0, 0, 0, 0, 0, 0, 0, 0, 0], [0, 0, 0, 0, 0, 0, 0, 0, 0, 1, 0, 0, 0, 0, 0, 0, 0, 0, 0, 0, 0, 0], [0, 0, 0, 0, 0, 0, 0, 0, 0, 0, 1, 0, 0, 0, 0, 0, 0, 0, 0, 0, 0, 0], [0, 0, 0, 0, 0, 0, 0, 0, 0, 0, 0, 1, 0, 0, 0, 0, 0, 0, 0, 0, 0, 0], [0, 0, 0, 0, 0, 0, 0, 0, 0, 0, 0, 0, 1, 0, 0, 0, 0, 0, 0, 0, 0, 0], [0, 0, 0, 0, 0, 0, 0, 0, 0, 0, 0, 0, 0, 1, 0, 0, 0, 0, 0, 0, 0, 0], [0, 0, 0, 0, 0, 0, 0, 0, 0, 0, 0, 0, 0, 0, 1, 0, 0, 0, 0, 0, 0, 0], [0, 0, 0, 0, 0, 0, 0, 0, 0, 0, 0, 0, 0, 0, 0, 1, 0, 0, 0, 0, 0, 0], [0, 0, 0, 0, 0, 0, 0, 0, 0, 0, 0, 0, 0, 0, 0, 0, 1, 0, 0, 0, 0, 0], [0, 0, 0, 0, 0, 0, 0, 0, 0, 0, 0, 0, 0, 0, 0, 0, 0, 1, 0, 0, 0, 0], [0, 0, 0, 0, 0, 0, 0, 0, 0, 0, 0, 0, 0, 0, 0, 0, 0, 0, 1, 0, 0, 0], [0, 0, 0, 0, 0, 0, 0, 0, 0, 0, 0, 0, 0, 0, 0, 0, 0, 0, 0, 1, 0, 0], [0, 0, 0, 0, 0, 0, 0, 0, 0, 0, 0, 0, 0, 0, 0, 0, 0, 0, 0, 0, 1, 0], [0, 0, 0, 0, 0, 0, 0, 0, 0, 0, 0, 0, 0, 0, 0, 0, 0, 0, 0, 0, 0, 1]]
[[1, 0, 0, 0, 0, 0, 0, 0, 0, 0, 0, 0, 0, 0, 0, 0, 0, 0, 0, 0, 0, 0], [0, 1, 0, 0, 0, 0, 0, 0, 0, 0, 0, 0, 0, 0, 0, 0, 0, 0, 0, 0, 0, 0], [0, 0, 1, 0, 0, 0, 0, 0, 0, 0, 0, 0, 0, 0, 0, 0, 0, 0, 0, 0, 0, 0], [0, 0, 0, 1, 0, 0, 0, 0, 0, 0, 0, 0, 0, 0, 0, 0, 0, 0, 0, 0, 0, 0], [0, 0, 0, 0, 1, 0, 0, 0, 0, 0, 0, 0, 0, 0, 0, 0, 0, 0, 0, 0, 0, 0], [0, 0, 0, 0, 0, 1, 0, 0, 0, 0, 0, 0, 0, 0, 0, 0, 0, 0, 0, 0, 0, 0], [0, 0, 0, 0, 0, 0, 1, 0, 0, 0, 0, 0, 0, 0, 0, 0, 0, 0, 0, 0, 0, 0], [0, 0, 0, 0, 0, 0, 0, 1, 0, 0, 0, 0, 0, 0, 0, 0, 0, 0, 0, 0, 0, 0], [0, 0, 0, 0, 0, 0, 0, 0, 1, 0, 0, 0, 0, 0, 0, 0, 0, 0, 0, 0, 0, 0], [0, 0, 0, 0, 0, 0, 0, 0, 0, 1, 0, 0, 0, 0, 0, 0, 0, 0, 0, 0, 0, 0], [0, 0, 0, 0, 0, 0, 0, 0, 0, 0, 1, 0, 0, 0, 0, 0, 0, 0, 0, 0, 0, 0], [0, 0, 0, 0, 0, 0, 0, 0, 0, 0, 0, 1, 0, 0, 0, 0, 0, 0, 0, 0, 0, 0], [0, 0, 0, 0, 0, 0, 0, 0, 0, 0, 0, 0, 1, 0, 0, 0, 0, 0, 0, 0, 0, 0], [0, 0, 0, 0, 0, 0, 0, 0, 0, 0, 0, 0, 0, 1, 0, 0, 0, 0, 0, 0, 0, 0], [0, 0, 0, 0, 0, 0, 0, 0, 0, 0, 0, 0, 0, 0, 1, 0, 0, 0, 0, 0, 0, 0], [0, 0, 0, 0, 0, 0, 0, 0, 0, 0, 0, 0, 0, 0, 0, 1, 0, 0, 0, 0, 0, 0], [0, 0, 0, 0, 0, 0, 0, 0, 0, 0, 0, 0, 0, 0, 0, 0, 1, 0, 0, 0, 0, 0], [0, 0, 0, 0, 0, 0, 0, 0, 0, 0, 0, 0, 0, 0, 0, 0, 0, 1, 0, 0, 0, 0], [0, 0, 0, 0, 0, 0, 0, 0, 0, 0, 0, 0, 0, 0, 0, 0, 0, 0, 1, 0, 0, 0], [0, 0, 0, 0, 0, 0, 0, 0, 0, 0, 0, 0, 0, 0, 0, 0, 0, 0, 0, 1, 0, 0], [0, 0, 0, 0, 0, 0, 0, 0, 0, 0, 0, 0, 0, 0, 0, 0, 0, 0, 0, 0, 1, 0], [0, 0, 0, 0, 0, 0, 0, 0, 0, 0, 0, 0, 0, 0, 0, 0, 0, 0, 0, 0, 0, 1]]
[[1, 0, 0, 0, 0, 0, 0, 0, 0, 0, 0, 0, 0, 0, 0, 0, 0, 0, 0, 0, 0, 0], [0, 1, 0, 0, 0, 0, 0, 0, 0, 0, 0, 0, 0, 0, 0, 0, 0, 0, 0, 0, 0, 0], [0, 0, 1, 0, 0, 0, 0, 0, 0, 0, 0, 0, 0, 0, 0, 0, 0, 0, 0, 0, 0, 0], [0, 0, 0, 1, 0, 0, 0, 0, 0, 0, 0, 0, 0, 0, 0, 0, 0, 0, 0, 0, 0, 0], [0, 0, 0, 0, 1, 0, 0, 0, 0, 0, 0, 0, 0, 0, 0, 0, 0, 0, 0, 0, 0, 0], [0, 0, 0, 0, 0, 1, 0, 0, 0, 0, 0, 0, 0, 0, 0, 0, 0, 0, 0, 0, 0, 0], [0, 0, 0, 0, 0, 0, 1, 0, 0, 0, 0, 0, 0, 0, 0, 0, 0, 0, 0, 0, 0, 0], [0, 0, 0, 0, 0, 0, 0, 1, 0, 0, 0, 0, 0, 0, 0, 0, 0, 0, 0, 0, 0, 0], [0, 0, 0, 0, 0, 0, 0, 0, 1, 0, 0, 0, 0, 0, 0, 0, 0, 0, 0, 0, 0, 0], [0, 0, 0, 0, 0, 0, 0, 0, 0, 1, 0, 0, 0, 0, 0, 0, 0, 0, 0, 0, 0, 0], [0, 0, 0, 0, 0, 0, 0, 0, 0, 0, 1, 0, 0, 0, 0, 0, 0, 0, 0, 0, 0, 0], [0, 0, 0, 0, 0, 0, 0, 0, 0, 0, 0, 1, 0, 0, 0, 0, 0, 0, 0, 0, 0, 0], [0, 0, 0, 0, 0, 0, 0, 0, 0, 0, 0, 0, 1, 0, 0, 0, 0, 0, 0, 0, 0, 0], [0, 0, 0, 0, 0, 0, 0, 0, 0, 0, 0, 0, 0, 1, 0, 0, 0, 0, 0, 0, 0, 0], [0, 0, 0, 0, 0, 0, 0, 0, 0, 0, 0, 0, 0, 0, 1, 0, 0, 0, 0, 0, 0, 0], [0, 0, 0, 0, 0, 0, 0, 0, 0, 0, 0, 0, 0, 0, 0, 1, 0, 0, 0, 0, 0, 0], [0, 0, 0, 0, 0, 0, 0, 0, 0, 0, 0, 0, 0, 0, 0, 0, 1, 0, 0, 0, 0, 0], [0, 0, 0, 0, 0, 0, 0, 0, 0, 0, 0, 0, 0, 0, 0, 0, 0, 1, 0, 0, 0, 0], [0, 0, 0, 0, 0, 0, 0, 0, 0, 0, 0, 0, 0, 0, 0, 0, 0, 0, 1, 0, 0, 0], [0, 0, 0, 0, 0, 0, 0, 0, 0, 0, 0, 0, 0, 0, 0, 0, 0, 0, 0, 1, 0, 0], [0, 0, 0, 0, 0, 0, 0, 0, 0, 0, 0, 0, 0, 0, 0, 0, 0, 0, 0, 0, 1, 0], [0, 0, 0, 0, 0, 0, 0, 0, 0, 0, 0, 0, 0, 0, 0, 0, 0, 0, 0, 0, 0, 1]]
[[1, 0, 0, 0, 0, 0, 0, 0, 0, 0, 0, 0, 0, 0, 0, 0, 0, 0, 0, 0, 0, 0], [0, 1, 0, 0, 0, 0, 0, 0, 0, 0, 0, 0, 0, 0, 0, 0, 0, 0, 0, 0, 0, 0], [0, 0, 1, 0, 0, 0, 0, 0, 0, 0, 0, 0, 0, 0, 0, 0, 0, 0, 0, 0, 0, 0], [0, 0, 0, 1, 0, 0, 0, 0, 0, 0, 0, 0, 0, 0, 0, 0, 0, 0, 0, 0, 0, 0], [0, 0, 0, 0, 1, 0, 0, 0, 0, 0, 0, 0, 0, 0, 0, 0, 0, 0, 0, 0, 0, 0], [0, 0, 0, 0, 0, 1, 0, 0, 0, 0, 0, 0, 0, 0, 0, 0, 0, 0, 0, 0, 0, 0], [0, 0, 0, 0, 0, 0, 1, 0, 0, 0, 0, 0, 0, 0, 0, 0, 0, 0, 0, 0, 0, 0], [0, 0, 0, 0, 0, 0, 0, 1, 0, 0, 0, 0, 0, 0, 0, 0, 0, 0, 0, 0, 0, 0], [0, 0, 0, 0, 0, 0, 0, 0, 1, 0, 0, 0, 0, 0, 0, 0, 0, 0, 0, 0, 0, 0], [0, 0, 0, 0, 0, 0, 0, 0, 0, 1, 0, 0, 0, 0, 0, 0, 0, 0, 0, 0, 0, 0], [0, 0, 0, 0, 0, 0, 0, 0, 0, 0, 1, 0, 0, 0, 0, 0, 0, 0, 0, 0, 0, 0], [0, 0, 0, 0, 0, 0, 0, 0, 0, 0, 0, 1, 0, 0, 0, 0, 0, 0, 0, 0, 0, 0], [0, 0, 0, 0, 0, 0, 0, 0, 0, 0, 0, 0, 1, 0, 0, 0, 0, 0, 0, 0, 0, 0], [0, 0, 0, 0, 0, 0, 0, 0, 0, 0, 0, 0, 0, 1, 0, 0, 0, 0, 0, 0, 0, 0], [0, 0, 0, 0, 0, 0, 0, 0, 0, 0, 0, 0, 0, 0, 1, 0, 0, 0, 0, 0, 0, 0], [0, 0, 0, 0, 0, 0, 0, 0, 0, 0, 0, 0, 0, 0, 0, 1, 0, 0, 0, 0, 0, 0], [0, 0, 0, 0, 0, 0, 0, 0, 0, 0, 0, 0, 0, 0, 0, 0, 1, 0, 0, 0, 0, 0], [0, 0, 0, 0, 0, 0, 0, 0, 0, 0, 0, 0, 0, 0, 0, 0, 0, 1, 0, 0, 0, 0], [0, 0, 0, 0, 0, 0, 0, 0, 0, 0, 0, 0, 0, 0, 0, 0, 0, 0, 1, 0, 0, 0], [0, 0, 0, 0, 0, 0, 0, 0, 0, 0, 0, 0, 0, 0, 0, 0, 0, 0, 0, 1, 0, 0], [0, 0, 0, 0, 0, 0, 0, 0, 0, 0, 0, 0, 0, 0, 0, 0, 0, 0, 0, 0, 1, 0], [0, 0, 0, 0, 0, 0, 0, 0, 0, 0, 0, 0, 0, 0, 0, 0, 0, 0, 0, 0, 0, 1]]
[[1, 0, 0, 0, 0, 0, 0, 0, 0, 0, 0, 0, 0, 0, 0, 0, 0, 0, 0, 0, 0, 0], [0, 1, 0, 0, 0, 0, 0, 0, 0, 0, 0, 0, 0, 0, 0, 0, 0, 0, 0, 0, 0, 0], [0, 0, 1, 0, 0, 0, 0, 0, 0, 0, 0, 0, 0, 0, 0, 0, 0, 0, 0, 0, 0, 0], [0, 0, 0, 1, 0, 0, 0, 0, 0, 0, 0, 0, 0, 0, 0, 0, 0, 0, 0, 0, 0, 0], [0, 0, 0, 0, 1, 0, 0, 0, 0, 0, 0, 0, 0, 0, 0, 0, 0, 0, 0, 0, 0, 0], [0, 0, 0, 0, 0, 1, 0, 0, 0, 0, 0, 0, 0, 0, 0, 0, 0, 0, 0, 0, 0, 0], [0, 0, 0, 0, 0, 0, 1, 0, 0, 0, 0, 0, 0, 0, 0, 0, 0, 0, 0, 0, 0, 0], [0, 0, 0, 0, 0, 0, 0, 1, 0, 0, 0, 0, 0, 0, 0, 0, 0, 0, 0, 0, 0, 0], [0, 0, 0, 0, 0, 0, 0, 0, 1, 0, 0, 0, 0, 0, 0, 0, 0, 0, 0, 0, 0, 0], [0, 0, 0, 0, 0, 0, 0, 0, 0, 1, 0, 0, 0, 0, 0, 0, 0, 0, 0, 0, 0, 0], [0, 0, 0, 0, 0, 0, 0, 0, 0, 0, 1, 0, 0, 0, 0, 0, 0, 0, 0, 0, 0, 0], [0, 0, 0, 0, 0, 0, 0, 0, 0, 0, 0, 1, 0, 0, 0, 0, 0, 0, 0, 0, 0, 0], [0, 0, 0, 0, 0, 0, 0, 0, 0, 0, 0, 0, 1, 0, 0, 0, 0, 0, 0, 0, 0, 0], [0, 0, 0, 0, 0, 0, 0, 0, 0, 0, 0, 0, 0, 1, 0, 0, 0, 0, 0, 0, 0, 0], [0, 0, 0, 0, 0, 0, 0, 0, 0, 0, 0, 0, 0, 0, 1, 0, 0, 0, 0, 0, 0, 0], [0, 0, 0, 0, 0, 0, 0, 0, 0, 0, 0, 0, 0, 0, 0, 1, 0, 0, 0, 0, 0, 0], [0, 0, 0, 0, 0, 0, 0, 0, 0, 0, 0, 0, 0, 0, 0, 0, 1, 0, 0, 0, 0, 0], [0, 0, 0, 0, 0, 0, 0, 0, 0, 0, 0, 0, 0, 0, 0, 0, 0, 1, 0, 0, 0, 0], [0, 0, 0, 0, 0, 0, 0, 0, 0, 0, 0, 0, 0, 0, 0, 0, 0, 0, 1, 0, 0, 0], [0, 0, 0, 0, 0, 0, 0, 0, 0, 0, 0, 0, 0, 0, 0, 0, 0, 0, 0, 1, 0, 0], [0, 0, 0, 0, 0, 0, 0, 0, 0, 0, 0, 0, 0, 0, 0, 0, 0, 0, 0, 0, 1, 0], [0, 0, 0, 0, 0, 0, 0, 0, 0, 0, 0, 0, 0, 0, 0, 0, 0, 0, 0, 0, 0, 1]]
[[1, -7, -2, 3, -2, 1, 2, -1, 3, -6, -7, -1, -5, -5, -2, -1, 0, -2, 6, 3, -1, -1], [0, -2, 0, 1, -1, 0, 1, -1, 1, -2, -2, 0, -2, -1, -1, -1, 0, -2, 2, 1, 0, -1], [0, -3, -1, 1, -1, 1, 1, 0, 1, -3, -4, -1, -3, -4, 0, 0, 0, 0, 3, 1, -1, 0], [0, 4, 1, -1, 1, -1, -1, 0, -2, 3, 4, 1, 2, 3, 1, 0, 0, 0, -3, -2, 1, 0], [0, 4, 2, -1, 2, -1, -1, 0, -1, 4, 5, 1, 4, 5, 0, 0, 0, 1, -3, -1, 1, 0], [0, -4, -1, 2, -1, 1, 1, -1, 2, -4, -4, 0, -3, -2, -2, -1, 0, -2, 4, 2, 0, -1], [0, 2, 1, 0, 1, -1, 0, 0, 0, 1, 2, 1, 2, 3, -1, 0, 0, 0, -1, 0, 1, 0], [0, 5, 1, -2, 1, -1, -1, 1, -2, 4, 5, 1, 3, 4, 1, 0, 0, 1, -3, -2, 1, 0], [0, 2, 1, -1, 0, -1, 0, -1, 0, 2, 3, 1, 1, 3, 0, -1, 0, -1, -1, -1, 1, -1], [0, 3, 1, -1, 1, -1, -1, 0, -1, 3, 3, 1, 2, 3, 0, 0, 0, 0, -2, -1, 1, 0], [0, 0, 0, 0, 0, 0, 0, 0, 0, 0, 1, 0, 0, 0, 0, 0, 0, 0, 0, 0, 0, 0], [0, 1, 1, 0, 0, 0, 0, 0, 0, 2, 2, 1, 2, 2, 0, 0, 0, 1, -1, 0, 0, 0], [0, 5, 1, -2, 2, -1, -2, 1, -2, 3, 4, 1, 4, 3, 1, 1, 0, 1, -4, -2, 1, 1], [0, -3, -1, 1, -1, 1, 1, 0, 1, -2, -3, -1, -2, -2, 0, 0, 0, 0, 2, 1, -1, 0], [0, 6, 2, -2, 2, -1, -2, 1, -2, 5, 6, 1, 5, 5, 2, 1, 0, 2, -5, -2, 1, 1], [0, -3, -1, 1, -1, 1, 1, 0, 1, -2, -3, -1, -2, -3, 0, 1, 0, 0, 2, 1, -1, 0], [0, -2, 0, 1, -1, 0, 1, -1, 1, -1, -1, 0, -1, 0, -1, -1, 1, -1, 2, 1, 0, -1], [0, -4, -1, 1, -1, 1, 1, 0, 1, -3, -4, -1, -3, -4, 0, 0, 0, 0, 2, 1, -1, 0], [0, 2, 1, -1, 1, 0, -1, 1, -1, 2, 2, 0, 2, 1, 1, 1, 0, 1, -2, -1, 0, 1], [0, 0, 0, 0, 0, 0, 0, 0, 0, 0, 0, 0, 0, 0, 0, 0, 0, 0, 0, 1, 0, 0], [0, 2, 0, -1, 1, 0, -1, 1, -1, 1, 1, 0, 1, 0, 1, 1, 0, 1, -2, -1, 1, 1], [0, -2, 0, 1, -1, 0, 1, -1, 1, -1, -1, 0, -1, 0, -1, -1, 0, -1, 2, 1, 0, 0]]
[[1, 0, 0, 0, 0, 0, 0, 0, 0, 0, 0, 0, 0, 0, 0, 0, 0, 0, 0, 0, 0, 0], [0, 1, 0, 0, 0, 0, 0, 0, 0, 0, 0, 0, 0, 0, 0, 0, 0, 0, 0, 0, 0, 0], [0, 0, 1, 0, 0, 0, 0, 0, 0, 0, 0, 0, 0, 0, 0, 0, 0, 0, 0, 0, 0, 0], [0, 0, 0, 1, 0, 0, 0, 0, 0, 0, 0, 0, 0, 0, 0, 0, 0, 0, 0, 0, 0, 0], [0, 0, 0, 0, 1, 0, 0, 0, 0, 0, 0, 0, 0, 0, 0, 0, 0, 0, 0, 0, 0, 0], [0, 0, 0, 0, 0, 1, 0, 0, 0, 0, 0, 0, 0, 0, 0, 0, 0, 0, 0, 0, 0, 0], [0, 0, 0, 0, 0, 0, 1, 0, 0, 0, 0, 0, 0, 0, 0, 0, 0, 0, 0, 0, 0, 0], [0, 0, 0, 0, 0, 0, 0, 1, 0, 0, 0, 0, 0, 0, 0, 0, 0, 0, 0, 0, 0, 0], [0, 0, 0, 0, 0, 0, 0, 0, 1, 0, 0, 0, 0, 0, 0, 0, 0, 0, 0, 0, 0, 0], [0, 0, 0, 0, 0, 0, 0, 0, 0, 1, 0, 0, 0, 0, 0, 0, 0, 0, 0, 0, 0, 0], [0, 0, 0, 0, 0, 0, 0, 0, 0, 0, 1, 0, 0, 0, 0, 0, 0, 0, 0, 0, 0, 0], [0, 0, 0, 0, 0, 0, 0, 0, 0, 0, 0, 1, 0, 0, 0, 0, 0, 0, 0, 0, 0, 0], [0, 0, 0, 0, 0, 0, 0, 0, 0, 0, 0, 0, 1, 0, 0, 0, 0, 0, 0, 0, 0, 0], [0, 0, 0, 0, 0, 0, 0, 0, 0, 0, 0, 0, 0, 1, 0, 0, 0, 0, 0, 0, 0, 0], [0, 0, 0, 0, 0, 0, 0, 0, 0, 0, 0, 0, 0, 0, 1, 0, 0, 0, 0, 0, 0, 0], [0, 0, 0, 0, 0, 0, 0, 0, 0, 0, 0, 0, 0, 0, 0, 1, 0, 0, 0, 0, 0, 0], [0, 0, 0, 0, 0, 0, 0, 0, 0, 0, 0, 0, 0, 0, 0, 0, 1, 0, 0, 0, 0, 0], [0, 0, 0, 0, 0, 0, 0, 0, 0, 0, 0, 0, 0, 0, 0, 0, 0, 1, 0, 0, 0, 0], [0, 0, 0, 0, 0, 0, 0, 0, 0, 0, 0, 0, 0, 0, 0, 0, 0, 0, 1, 0, 0, 0], [0, 0, 0, 0, 0, 0, 0, 0, 0, 0, 0, 0, 0, 0, 0, 0, 0, 0, 0, 1, 0, 0], [0, 0, 0, 0, 0, 0, 0, 0, 0, 0, 0, 0, 0, 0, 0, 0, 0, 0, 0, 0, 1, 0], [0, 0, 0, 0, 0, 0, 0, 0, 0, 0, 0, 0, 0, 0, 0, 0, 0, 0, 0, 0, 0, 1]]
[[1, 0, 0, 0, 0, 0, 0, 0, 0, 0, 0, 0, 0, 0, 0, 0, 0, 0, 0, 0, 0, 0], [0, 1, 0, 0, 0, 0, 0, 0, 0, 0, 0, 0, 0, 0, 0, 0, 0, 0, 0, 0, 0, 0], [0, 0, 1, 0, 0, 0, 0, 0, 0, 0, 0, 0, 0, 0, 0, 0, 0, 0, 0, 0, 0, 0], [0, 0, 0, 1, 0, 0, 0, 0, 0, 0, 0, 0, 0, 0, 0, 0, 0, 0, 0, 0, 0, 0], [0, 0, 0, 0, 1, 0, 0, 0, 0, 0, 0, 0, 0, 0, 0, 0, 0, 0, 0, 0, 0, 0], [0, 0, 0, 0, 0, 1, 0, 0, 0, 0, 0, 0, 0, 0, 0, 0, 0, 0, 0, 0, 0, 0], [0, 0, 0, 0, 0, 0, 1, 0, 0, 0, 0, 0, 0, 0, 0, 0, 0, 0, 0, 0, 0, 0], [0, 0, 0, 0, 0, 0, 0, 1, 0, 0, 0, 0, 0, 0, 0, 0, 0, 0, 0, 0, 0, 0], [0, 0, 0, 0, 0, 0, 0, 0, 1, 0, 0, 0, 0, 0, 0, 0, 0, 0, 0, 0, 0, 0], [0, 0, 0, 0, 0, 0, 0, 0, 0, 1, 0, 0, 0, 0, 0, 0, 0, 0, 0, 0, 0, 0], [0, 0, 0, 0, 0, 0, 0, 0, 0, 0, 1, 0, 0, 0, 0, 0, 0, 0, 0, 0, 0, 0], [0, 0, 0, 0, 0, 0, 0, 0, 0, 0, 0, 1, 0, 0, 0, 0, 0, 0, 0, 0, 0, 0], [0, 0, 0, 0, 0, 0, 0, 0, 0, 0, 0, 0, 1, 0, 0, 0, 0, 0, 0, 0, 0, 0], [0, 0, 0, 0, 0, 0, 0, 0, 0, 0, 0, 0, 0, 1, 0, 0, 0, 0, 0, 0, 0, 0], [0, 0, 0, 0, 0, 0, 0, 0, 0, 0, 0, 0, 0, 0, 1, 0, 0, 0, 0, 0, 0, 0], [0, 0, 0, 0, 0, 0, 0, 0, 0, 0, 0, 0, 0, 0, 0, 1, 0, 0, 0, 0, 0, 0], [0, 0, 0, 0, 0, 0, 0, 0, 0, 0, 0, 0, 0, 0, 0, 0, 1, 0, 0, 0, 0, 0], [0, 0, 0, 0, 0, 0, 0, 0, 0, 0, 0, 0, 0, 0, 0, 0, 0, 1, 0, 0, 0, 0], [0, 0, 0, 0, 0, 0, 0, 0, 0, 0, 0, 0, 0, 0, 0, 0, 0, 0, 1, 0, 0, 0], [0, 0, 0, 0, 0, 0, 0, 0, 0, 0, 0, 0, 0, 0, 0, 0, 0, 0, 0, 1, 0, 0], [0, 0, 0, 0, 0, 0, 0, 0, 0, 0, 0, 0, 0, 0, 0, 0, 0, 0, 0, 0, 1, 0], [0, 0, 0, 0, 0, 0, 0, 0, 0, 0, 0, 0, 0, 0, 0, 0, 0, 0, 0, 0, 0, 1]]
[[6, -22, -3, 14, -4, 4, 8, -2, 12, -26, -25, -8, -27, -17, -5, -9, -7, -13, 24, 8, -3, -5], [1, -6, 0, 3, -2, 1, 2, -1, 4, -6, -6, -1, -6, -4, -1, -2, -1, -3, 6, 3, 0, -1], [4, -13, -2, 9, -2, 3, 5, -1, 7, -16, -15, -5, -17, -11, -2, -5, -5, -7, 14, 5, -2, -3], [-4, 14, 2, -9, 2, -2, -5, 2, -7, 15, 15, 5, 15, 10, 4, 6, 4, 7, -14, -5, 3, 3], [-4, 15, 2, -10, 3, -3, -6, 1, -8, 19, 19, 6, 21, 13, 3, 6, 5, 10, -18, -5, 2, 4], [2, -10, -1, 6, -2, 2, 3, -1, 6, -12, -11, -3, -11, -7, -3, -4, -3, -6, 11, 4, -1, -2], [-4, 13, 2, -8, 2, -3, -5, 1, -7, 15, 14, 5, 17, 11, 1, 4, 5, 7, -13, -4, 2, 3], [-1, 9, 1, -5, 2, -2, -3, 1, -5, 11, 11, 4, 12, 7, 2, 4, 3, 6, -10, -3, 1, 2], [-2, 6, 1, -5, 0, -1, -3, 0, -2, 8, 8, 4, 9, 5, 2, 3, 3, 4, -7, -1, 2, 2], [0, 5, 0, -3, 1, -2, -2, 0, -2, 6, 7, 3, 7, 5, 1, 2, 1, 3, -6, -1, 1, 1], [3, -6, -1, 4, 0, 1, 2, 0, 3, -6, -6, -2, -7, -5, 0, -1, -2, -2, 5, 2, -1, -1], [-3, 8, 1, -5, 1, -1, -3, 1, -4, 9, 9, 3, 10, 6, 1, 3, 2, 5, -8, -3, 1, 2], [-4, 16, 2, -10, 3, -3, -6, 2, -9, 18, 17, 5, 19, 13, 3, 5, 5, 8, -17, -6, 2, 3], [0, -4, 0, 3, -1, 1, 2, -1, 2, -5, -5, -2, -5, -3, -2, -2, -1, -3, 6, 1, -1, -1], [-5, 20, 3, -12, 4, -4, -7, 2, -11, 23, 22, 6, 24, 16, 4, 7, 6, 11, -21, -8, 2, 4], [1, -8, -1, 5, -2, 2, 3, -1, 4, -9, -9, -3, -10, -6, -2, -3, -2, -5, 9, 3, -1, -2], [0, -3, 0, 1, -1, 1, 1, 0, 2, -3, -3, -1, -3, -3, 0, 0, 0, -1, 3, 1, 0, 0], [2, -10, -1, 6, -2, 2, 4, -1, 5, -12, -12, -4, -13, -9, -2, -4, -3, -6, 11, 3, -2, -2], [1, 1, 0, 0, 1, -1, 0, 0, -1, 2, 2, 0, 2, 2, 0, 0, 0, 1, -2, -1, -1, 0], [2, -4, 0, 3, 0, 0, 2, -1, 2, -3, -3, -1, -3, -2, -1, -1, -1, -1, 3, 2, -1, -1], [-1, 5, 0, -3, 1, -1, -2, 1, -3, 4, 4, 1, 4, 3, 1, 1, 1, 1, -5, -2, 1, 1], [1, -3, 0, 3, 0, 0, 2, -1, 2, -4, -3, -1, -4, -1, -2, -2, -1, -2, 5, 1, 0, -1]]
[[16, -47, -10, 25, -10, 9, 11, -3, 27, -45, -46, -11, -46, -35, -6, -11, -15, -21, 42, 16, -11, -11], [5, -13, -3, 7, -3, 2, 3, -1, 7, -12, -13, -3, -13, -10, -1, -3, -4, -6, 11, 5, -3, -3], [9, -27, -6, 14, -6, 6, 6, -1, 16, -27, -27, -6, -27, -21, -3, -6, -9, -12, 25, 9, -6, -6], [-6, 23, 4, -11, 5, -5, -5, 2, -14, 22, 22, 5, 22, 17, 3, 5, 7, 10, -20, -8, 5, 5], [-12, 32, 8, -18, 7, -6, -8, 1, -18, 33, 33, 8, 33, 25, 5, 8, 11, 16, -31, -10, 8, 8], [8, -22, -4, 12, -4, 3, 6, -2, 12, -20, -21, -5, -21, -16, -3, -5, -6, -9, 19, 8, -5, -5], [-8, 25, 6, -13, 6, -6, -5, 1, -15, 25, 25, 6, 25, 19, 3, 6, 8, 12, -24, -8, 6, 6], [-8, 21, 4, -12, 4, -3, -6, 2, -12, 20, 20, 5, 20, 15, 3, 5, 6, 9, -19, -8, 5, 5], [-2, 9, 1, -5, 2, -2, -3, 1, -6, 10, 9, 2, 9, 7, 2, 2, 2, 4, -10, -3, 2, 2], [-3, 9, 2, -5, 2, -1, -3, 1, -5, 10, 10, 3, 10, 7, 2, 3, 3, 5, -10, -2, 3, 3], [3, -11, -3, 6, -3, 3, 2, -1, 7, -11, -10, -2, -11, -7, -2, -3, -4, -6, 11, 4, -2, -3], [-5, 15, 4, -8, 3, -3, -3, 1, -9, 15, 15, 4, 15, 11, 2, 3, 5, 7, -14, -5, 3, 3], [-10, 30, 7, -16, 7, -7, -7, 1, -17, 30, 30, 7, 31, 23, 4, 8, 10, 15, -28, -10, 7, 8], [2, -6, -1, 3, -1, 1, 2, 0, 3, -7, -7, -2, -7, -6, -1, -2, -2, -3, 6, 1, -2, -2], [-13, 39, 9, -20, 9, -8, -9, 2, -22, 37, 38, 9, 38, 29, 5, 9, 12, 18, -35, -13, 9, 9], [4, -12, -3, 6, -3, 3, 3, 0, 7, -12, -12, -3, -12, -10, -1, -2, -4, -5, 11, 4, -3, -3], [2, -5, -2, 3, -1, 1, 1, 0, 2, -5, -6, -2, -6, -4, -1, -2, -2, -3, 5, 1, -2, -2], [7, -20, -4, 11, -4, 4, 5, -1, 11, -20, -20, -5, -20, -15, -3, -5, -6, -10, 19, 6, -5, -5], [-3, 5, 2, -3, 1, 0, -2, 0, -2, 5, 6, 2, 6, 4, 1, 2, 2, 3, -5, -1, 2, 2], [-1, -2, 0, 0, -1, 1, 0, -1, 2, -2, -2, 0, -2, -2, 0, 0, 0, -1, 2, 1, 0, 0], [-1, 5, 1, -2, 2, -1, -1, 1, -3, 5, 5, 0, 5, 4, 1, 2, 1, 3, -5, -2, 1, 2], [2, -7, -1, 4, -2, 1, 2, -1, 4, -7, -7, -1, -7, -5, -2, -3, -2, -4, 7, 3, -1, -2]]
[[1, 0, 0, 0, 0, 0, 0, 0, 0, 0, 0, 0, 0, 0, 0, 0, 0, 0, 0, 0, 0, 0], [0, 1, 0, 0, 0, 0, 0, 0, 0, 0, 0, 0, 0, 0, 0, 0, 0, 0, 0, 0, 0, 0], [0, 0, 1, 0, 0, 0, 0, 0, 0, 0, 0, 0, 0, 0, 0, 0, 0, 0, 0, 0, 0, 0], [0, 0, 0, 1, 0, 0, 0, 0, 0, 0, 0, 0, 0, 0, 0, 0, 0, 0, 0, 0, 0, 0], [0, 0, 0, 0, 1, 0, 0, 0, 0, 0, 0, 0, 0, 0, 0, 0, 0, 0, 0, 0, 0, 0], [0, 0, 0, 0, 0, 1, 0, 0, 0, 0, 0, 0, 0, 0, 0, 0, 0, 0, 0, 0, 0, 0], [0, 0, 0, 0, 0, 0, 1, 0, 0, 0, 0, 0, 0, 0, 0, 0, 0, 0, 0, 0, 0, 0], [0, 0, 0, 0, 0, 0, 0, 1, 0, 0, 0, 0, 0, 0, 0, 0, 0, 0, 0, 0, 0, 0], [0, 0, 0, 0, 0, 0, 0, 0, 1, 0, 0, 0, 0, 0, 0, 0, 0, 0, 0, 0, 0, 0], [0, 0, 0, 0, 0, 0, 0, 0, 0, 1, 0, 0, 0, 0, 0, 0, 0, 0, 0, 0, 0, 0], [0, 0, 0, 0, 0, 0, 0, 0, 0, 0, 1, 0, 0, 0, 0, 0, 0, 0, 0, 0, 0, 0], [0, 0, 0, 0, 0, 0, 0, 0, 0, 0, 0, 1, 0, 0, 0, 0, 0, 0, 0, 0, 0, 0], [0, 0, 0, 0, 0, 0, 0, 0, 0, 0, 0, 0, 1, 0, 0, 0, 0, 0, 0, 0, 0, 0], [0, 0, 0, 0, 0, 0, 0, 0, 0, 0, 0, 0, 0, 1, 0, 0, 0, 0, 0, 0, 0, 0], [0, 0, 0, 0, 0, 0, 0, 0, 0, 0, 0, 0, 0, 0, 1, 0, 0, 0, 0, 0, 0, 0], [0, 0, 0, 0, 0, 0, 0, 0, 0, 0, 0, 0, 0, 0, 0, 1, 0, 0, 0, 0, 0, 0], [0, 0, 0, 0, 0, 0, 0, 0, 0, 0, 0, 0, 0, 0, 0, 0, 1, 0, 0, 0, 0, 0], [0, 0, 0, 0, 0, 0, 0, 0, 0, 0, 0, 0, 0, 0, 0, 0, 0, 1, 0, 0, 0, 0], [0, 0, 0, 0, 0, 0, 0, 0, 0, 0, 0, 0, 0, 0, 0, 0, 0, 0, 1, 0, 0, 0], [0, 0, 0, 0, 0, 0, 0, 0, 0, 0, 0, 0, 0, 0, 0, 0, 0, 0, 0, 1, 0, 0], [0, 0, 0, 0, 0, 0, 0, 0, 0, 0, 0, 0, 0, 0, 0, 0, 0, 0, 0, 0, 1, 0], [0, 0, 0, 0, 0, 0, 0, 0, 0, 0, 0, 0, 0, 0, 0, 0, 0, 0, 0, 0, 0, 1]]
[[1, 0, 0, 0, 0, 0, 0, 0, 0, 0, 0, 0, 0, 0, 0, 0, 0, 0, 0, 0, 0, 0], [0, 1, 0, 0, 0, 0, 0, 0, 0, 0, 0, 0, 0, 0, 0, 0, 0, 0, 0, 0, 0, 0], [0, 0, 1, 0, 0, 0, 0, 0, 0, 0, 0, 0, 0, 0, 0, 0, 0, 0, 0, 0, 0, 0], [0, 0, 0, 1, 0, 0, 0, 0, 0, 0, 0, 0, 0, 0, 0, 0, 0, 0, 0, 0, 0, 0], [0, 0, 0, 0, 1, 0, 0, 0, 0, 0, 0, 0, 0, 0, 0, 0, 0, 0, 0, 0, 0, 0], [0, 0, 0, 0, 0, 1, 0, 0, 0, 0, 0, 0, 0, 0, 0, 0, 0, 0, 0, 0, 0, 0], [0, 0, 0, 0, 0, 0, 1, 0, 0, 0, 0, 0, 0, 0, 0, 0, 0, 0, 0, 0, 0, 0], [0, 0, 0, 0, 0, 0, 0, 1, 0, 0, 0, 0, 0, 0, 0, 0, 0, 0, 0, 0, 0, 0], [0, 0, 0, 0, 0, 0, 0, 0, 1, 0, 0, 0, 0, 0, 0, 0, 0, 0, 0, 0, 0, 0], [0, 0, 0, 0, 0, 0, 0, 0, 0, 1, 0, 0, 0, 0, 0, 0, 0, 0, 0, 0, 0, 0], [0, 0, 0, 0, 0, 0, 0, 0, 0, 0, 1, 0, 0, 0, 0, 0, 0, 0, 0, 0, 0, 0], [0, 0, 0, 0, 0, 0, 0, 0, 0, 0, 0, 1, 0, 0, 0, 0, 0, 0, 0, 0, 0, 0], [0, 0, 0, 0, 0, 0, 0, 0, 0, 0, 0, 0, 1, 0, 0, 0, 0, 0, 0, 0, 0, 0], [0, 0, 0, 0, 0, 0, 0, 0, 0, 0, 0, 0, 0, 1, 0, 0, 0, 0, 0, 0, 0, 0], [0, 0, 0, 0, 0, 0, 0, 0, 0, 0, 0, 0, 0, 0, 1, 0, 0, 0, 0, 0, 0, 0], [0, 0, 0, 0, 0, 0, 0, 0, 0, 0, 0, 0, 0, 0, 0, 1, 0, 0, 0, 0, 0, 0], [0, 0, 0, 0, 0, 0, 0, 0, 0, 0, 0, 0, 0, 0, 0, 0, 1, 0, 0, 0, 0, 0], [0, 0, 0, 0, 0, 0, 0, 0, 0, 0, 0, 0, 0, 0, 0, 0, 0, 1, 0, 0, 0, 0], [0, 0, 0, 0, 0, 0, 0, 0, 0, 0, 0, 0, 0, 0, 0, 0, 0, 0, 1, 0, 0, 0], [0, 0, 0, 0, 0, 0, 0, 0, 0, 0, 0, 0, 0, 0, 0, 0, 0, 0, 0, 1, 0, 0], [0, 0, 0, 0, 0, 0, 0, 0, 0, 0, 0, 0, 0, 0, 0, 0, 0, 0, 0, 0, 1, 0], [0, 0, 0, 0, 0, 0, 0, 0, 0, 0, 0, 0, 0, 0, 0, 0, 0, 0, 0, 0, 0, 1]]
[[-1, 18, 5, -4, 4, -6, -2, 3, -10, 11, 11, 2, 10, 10, 6, 0, 1, 6, -14, -5, 5, 4], [0, 7, 2, -1, 2, -3, 0, 1, -4, 4, 4, 0, 3, 4, 2, 0, 0, 2, -5, -2, 2, 1], [0, 9, 3, -1, 2, -3, -1, 2, -5, 5, 5, 1, 5, 5, 3, -1, 0, 3, -7, -3, 2, 2], [0, 0, 0, 0, 1, -1, 1, 0, -1, 0, 0, -1, 0, 1, -2, 0, 1, -1, 1, -1, 0, 0], [0, -11, -3, 2, -2, 4, 1, -3, 7, -7, -6, -1, -6, -7, -3, 1, -1, -3, 8, 4, -3, -2], [0, 5, 1, -1, 1, -2, 0, 1, -3, 3, 3, 0, 2, 2, 2, 0, 0, 2, -4, -1, 1, 1], [0, -11, -4, 2, -3, 4, 1, -2, 6, -7, -7, -1, -7, -7, -4, 0, -1, -4, 9, 4, -3, -3], [0, -5, -2, 1, -1, 2, 0, -1, 3, -4, -3, 0, -3, -3, -2, 0, -1, -2, 4, 1, -1, -1], [0, 6, 1, -1, 3, -3, 0, 0, -4, 3, 4, 0, 3, 4, 0, 0, 0, 1, -4, -2, 2, 1], [-1, 6, 2, -1, 3, -2, 0, 0, -3, 3, 5, 1, 4, 4, 0, 1, 1, 2, -4, -1, 3, 2], [-1, 9, 3, -2, 3, -3, -1, 1, -5, 6, 6, 1, 6, 6, 2, 1, 1, 3, -7, -3, 3, 3], [0, -2, -1, 0, 0, 1, 0, 0, 1, -1, -1, 0, 0, -2, -1, 1, 0, 1, 1, 1, -1, 0], [0, -14, -4, 3, -4, 5, 2, -3, 8, -9, -9, -2, -10, -8, -4, -1, -1, -6, 12, 4, -4, -4], [0, -1, -1, -1, -1, 1, -1, 1, 0, 0, -1, 0, 0, -2, 1, 0, 0, 1, -1, 0, -1, 0], [0, -12, -3, 2, -3, 5, 1, -2, 7, -7, -7, -1, -7, -8, -2, 1, -1, -3, 8, 4, -3, -2], [0, -1, 0, 0, -1, 0, 0, 0, 0, 0, -1, 0, 0, 0, -1, -1, 1, -1, 1, 0, -1, -1], [0, 1, 0, -1, 0, -1, 0, 0, -1, 1, 1, 0, 1, 1, 0, 0, 0, 0, -1, -1, 0, 0], [0, 5, 1, -1, 1, -1, -1, 2, -3, 3, 3, 0, 3, 3, 2, 0, 0, 2, -4, -2, 1, 1], [0, -2, 0, 1, 0, 2, 0, 0, 2, -2, -1, 0, -2, -2, 1, 1, -1, 0, 1, 1, 0, 0], [0, -5, -1, 1, -2, 2, 0, -1, 4, -3, -3, 0, -3, -3, 0, 0, -1, -1, 3, 2, -1, -1], [1, -2, 0, 2, 0, 0, 1, -1, 1, -2, -1, 0, -2, 0, -1, -1, 0, -2, 3, 1, 0, -1], [1, 6, 1, -1, 2, -2, -1, 2, -3, 3, 3, 1, 3, 2, 3, 1, -1, 3, -6, -1, 2, 2]]
[[1, 0, 0, 0, 0, 0, 0, 0, 0, 0, 0, 0, 0, 0, 0, 0, 0, 0, 0, 0, 0, 0], [0, 1, 0, 0, 0, 0, 0, 0, 0, 0, 0, 0, 0, 0, 0, 0, 0, 0, 0, 0, 0, 0], [0, 0, 1, 0, 0, 0, 0, 0, 0, 0, 0, 0, 0, 0, 0, 0, 0, 0, 0, 0, 0, 0], [0, 0, 0, 1, 0, 0, 0, 0, 0, 0, 0, 0, 0, 0, 0, 0, 0, 0, 0, 0, 0, 0], [0, 0, 0, 0, 1, 0, 0, 0, 0, 0, 0, 0, 0, 0, 0, 0, 0, 0, 0, 0, 0, 0], [0, 0, 0, 0, 0, 1, 0, 0, 0, 0, 0, 0, 0, 0, 0, 0, 0, 0, 0, 0, 0, 0], [0, 0, 0, 0, 0, 0, 1, 0, 0, 0, 0, 0, 0, 0, 0, 0, 0, 0, 0, 0, 0, 0], [0, 0, 0, 0, 0, 0, 0, 1, 0, 0, 0, 0, 0, 0, 0, 0, 0, 0, 0, 0, 0, 0], [0, 0, 0, 0, 0, 0, 0, 0, 1, 0, 0, 0, 0, 0, 0, 0, 0, 0, 0, 0, 0, 0], [0, 0, 0, 0, 0, 0, 0, 0, 0, 1, 0, 0, 0, 0, 0, 0, 0, 0, 0, 0, 0, 0], [0, 0, 0, 0, 0, 0, 0, 0, 0, 0, 1, 0, 0, 0, 0, 0, 0, 0, 0, 0, 0, 0], [0, 0, 0, 0, 0, 0, 0, 0, 0, 0, 0, 1, 0, 0, 0, 0, 0, 0, 0, 0, 0, 0], [0, 0, 0, 0, 0, 0, 0, 0, 0, 0, 0, 0, 1, 0, 0, 0, 0, 0, 0, 0, 0, 0], [0, 0, 0, 0, 0, 0, 0, 0, 0, 0, 0, 0, 0, 1, 0, 0, 0, 0, 0, 0, 0, 0], [0, 0, 0, 0, 0, 0, 0, 0, 0, 0, 0, 0, 0, 0, 1, 0, 0, 0, 0, 0, 0, 0], [0, 0, 0, 0, 0, 0, 0, 0, 0, 0, 0, 0, 0, 0, 0, 1, 0, 0, 0, 0, 0, 0], [0, 0, 0, 0, 0, 0, 0, 0, 0, 0, 0, 0, 0, 0, 0, 0, 1, 0, 0, 0, 0, 0], [0, 0, 0, 0, 0, 0, 0, 0, 0, 0, 0, 0, 0, 0, 0, 0, 0, 1, 0, 0, 0, 0], [0, 0, 0, 0, 0, 0, 0, 0, 0, 0, 0, 0, 0, 0, 0, 0, 0, 0, 1, 0, 0, 0], [0, 0, 0, 0, 0, 0, 0, 0, 0, 0, 0, 0, 0, 0, 0, 0, 0, 0, 0, 1, 0, 0], [0, 0, 0, 0, 0, 0, 0, 0, 0, 0, 0, 0, 0, 0, 0, 0, 0, 0, 0, 0, 1, 0], [0, 0, 0, 0, 0, 0, 0, 0, 0, 0, 0, 0, 0, 0, 0, 0, 0, 0, 0, 0, 0, 1]]
[[2, -4, -1, 1, -2, 2, -1, 1, 3, -1, -1, 2, 0, -3, 2, 2, -1, 1, 0, 2, -1, -1], [1, -2, 0, 1, -1, 0, 0, 0, 2, -1, -1, 1, 0, -1, 0, 0, 0, 0, 1, 1, -1, -1], [0, -1, 0, 0, -1, 2, -1, 1, 1, 0, 0, 1, 0, -2, 2, 2, -1, 1, -1, 1, 0, 0], [2, -1, 0, 2, 0, -1, 0, 0, 1, -1, -1, 1, 0, 0, 0, 0, 0, -1, 1, 1, -1, -1], [-1, 2, 0, -1, 2, -1, 0, 0, -2, 1, 0, -2, 0, 1, -1, -1, 0, 0, -1, -2, 0, 1], [1, -2, 0, 1, 0, 0, 0, 0, 1, -1, -1, 0, 0, 0, -1, -1, 0, 0, 1, 0, -1, -1], [0, 2, 0, 0, 2, -2, 1, 0, -2, 0, 0, -2, 0, 2, -2, -2, 0, 0, 0, -2, 0, 0], [-1, 3, 0, -1, 1, 0, 0, 1, -2, 1, 1, -1, 0, 1, 0, 0, 0, 0, -1, -1, 1, 1], [2, -1, -1, 1, 0, 0, -1, 1, 2, -1, -1, 1, 0, -1, 1, 1, -1, 0, 0, 1, -1, -1], [2, -1, -1, 1, 0, 0, -1, 1, 1, 0, -1, 1, 0, -1, 1, 1, -1, 0, 0, 1, -1, -1], [1, -1, -1, 0, -1, 1, -1, 1, 1, 0, 0, 1, 0, -2, 2, 2, -1, 0, -1, 1, -1, 0], [0, 1, -1, 0, 1, 0, -1, 1, -1, 0, 0, 0, 0, 0, 0, 0, -1, 1, -1, -1, 0, 0], [-1, 2, 1, -1, 1, -2, 1, -1, -2, 1, 0, -2, 1, 2, -2, -2, 1, -1, 0, -2, 0, 1], [-1, 0, 0, 0, 0, 1, 0, 0, 0, 0, 1, 0, 0, 1, 0, 0, 0, 1, 0, 0, 1, 0], [-1, 2, 0, -1, 1, -1, 0, 0, -2, 1, 0, -2, 0, 1, 0, -1, 0, 0, -1, -2, 0, 1], [-1, 0, 1, 0, 0, 0, 1, -1, 0, 0, 1, 0, 0, 1, -1, 0, 1, 0, 1, 0, 1, 0], [0, 0, 0, 0, 0, 0, 0, 0, 0, 0, 0, 0, 0, 0, 0, 0, 1, 0, 0, 0, 0, 0], [0, -1, 0, 0, -1, 1, 0, 0, 1, 0, 0, 1, 0, -1, 1, 1, 0, 1, 0, 1, 0, 0], [-1, 1, 0, -1, 0, 0, 0, 0, -1, 1, 0, -1, 0, 0, 0, 0, 0, 0, 0, -1, 0, 1], [-2, 1, 1, -1, 0, 0, 1, -1, -1, 1, 1, -1, 0, 1, -1, -1, 1, 0, 0, 0, 1, 1], [1, 0, 0, 0, 0, -1, 0, 0, 0, 0, -1, 0, 0, 0, 0, 0, 0, -1, 0, 0, 0, 0], [1, -1, -1, 1, 0, 1, -1, 1, 1, -1, 0, 1, 0, -1, 1, 1, -1, 1, 0, 1, 0, 0]]

#################
# GALOIS GROUPS #
#################

Generators of the monodromy group on the generic Picard lattice:
[[-1, -1, 0, -1, 0, 0, -1, -2, 1, 0, 0, 0, 0, 0, -1, -1, -1], [1, 0, 0, 1, 0, 0, 0, 1, 0, -1, -1, 0, -1, -1, 1, 0, 0], [-3, -2, -1, -3, 0, 0, -2, -4, 1, 0, 0, -1, 0, 1, -2, -2, -2], [4, 2, 0, 3, 0, 0, 1, 4, -1, 0, 0, 2, 1, -1, 2, 2, 2], [-1, 0, 0, 0, -1, 0, 1, 1, -1, 0, -1, -1, -1, 0, 0, 0, 0], [0, -1, 0, 2, 0, -1, 0, 1, -1, -2, -3, 0, -1, -1, -1, -1, -1], [1, 0, 0, 2, 0, 0, 2, 3, -1, -1, -1, 0, -1, -1, 0, 1, 1], [-2, 0, 0, -2, 0, 0, 0, -2, 0, 1, 1, -2, 0, 2, -1, -1, -1], [2, 1, 0, 1, 0, 0, 1, 2, 0, 0, 0, 0, 0, 0, 1, 1, 1], [2, 1, 0, 1, 0, 0, 1, 2, -1, 1, 0, 0, 0, 0, 1, 1, 1], [0, 1, 0, -1, 0, 0, 0, -1, 0, 1, 2, 0, 1, 1, 0, 0, 0], [-1, -1, 0, 1, 0, 0, 1, 1, -1, -2, -3, -1, -2, -2, 0, 0, 0], [0, 0, 0, 0, 0, 0, 0, 0, 0, 1, 2, 0, 1, 2, -1, 0, 0], [-1, -1, 0, 1, 0, 0, 0, 1, 0, -2, -3, 0, -1, -2, 0, 0, 0], [0, 1, 0, 1, 0, 0, 1, 2, -1, 0, 0, 0, 0, 0, 0, 1, 1], [1, 0, 0, 0, 0, 0, 0, 0, 1, 0, 0, 1, 0, -1, 1, 0, 1], [-1, -1, 0, -1, 0, 0, -2, -2, 1, 0, 0, 1, 1, 0, 0, 0, -1]]
[[1, 0, 0, 0, 0, 0, 0, 0, 0, 0, 0, 0, 0, 0, 0, 0, 0], [0, 1, 0, 0, 0, 0, 0, 0, 0, 0, 0, 0, 0, 0, 0, 0, 0], [0, 0, 1, 0, 0, 0, 0, 0, 0, 0, 0, 0, 0, 0, 0, 0, 0], [0, 0, 0, 1, 0, 0, 0, 0, 0, 0, 0, 0, 0, 0, 0, 0, 0], [0, 0, 0, 0, 1, 0, 0, 0, 0, 0, 0, 0, 0, 0, 0, 0, 0], [0, 0, 0, 0, 0, 1, 0, 0, 0, 0, 0, 0, 0, 0, 0, 0, 0], [0, 0, 0, 0, 0, 0, 1, 0, 0, 0, 0, 0, 0, 0, 0, 0, 0], [0, 0, 0, 0, 0, 0, 0, 1, 0, 0, 0, 0, 0, 0, 0, 0, 0], [0, 0, 0, 0, 0, 0, 0, 0, 1, 0, 0, 0, 0, 0, 0, 0, 0], [0, 0, 0, 0, 0, 0, 0, 0, 0, 1, 0, 0, 0, 0, 0, 0, 0], [0, 0, 0, 0, 0, 0, 0, 0, 0, 0, 1, 0, 0, 0, 0, 0, 0], [0, 0, 0, 0, 0, 0, 0, 0, 0, 0, 0, 1, 0, 0, 0, 0, 0], [0, 0, 0, 0, 0, 0, 0, 0, 0, 0, 0, 0, 1, 0, 0, 0, 0], [0, 0, 0, 0, 0, 0, 0, 0, 0, 0, 0, 0, 0, 1, 0, 0, 0], [0, 0, 0, 0, 0, 0, 0, 0, 0, 0, 0, 0, 0, 0, 1, 0, 0], [0, 0, 0, 0, 0, 0, 0, 0, 0, 0, 0, 0, 0, 0, 0, 1, 0], [0, 0, 0, 0, 0, 0, 0, 0, 0, 0, 0, 0, 0, 0, 0, 0, 1]]
[[0, -1, -1, 0, -1, 2, -1, 2, 0, 0, 0, 1, 0, -1, 0, 1, 0], [1, 1, 0, 1, 0, 1, 0, 2, 0, 0, 0, 1, 0, -1, 1, 1, 1], [-3, -2, 0, -1, 0, 0, -1, -2, 0, -1, -1, -2, -1, 1, -2, -2, -2], [3, 2, 1, 2, 0, 0, 1, 2, 0, 1, 1, 2, 1, -1, 2, 2, 2], [-2, 0, 0, -2, 1, -2, 0, -4, 0, 0, 0, -2, 0, 2, -2, -2, -2], [-2, -1, -1, -1, -1, 2, -1, 0, 0, 0, 0, 0, 0, 0, -1, 0, -1], [0, 0, 0, 0, 0, 0, 1, 0, 0, 0, 0, 0, 0, 0, 0, 0, 0], [1, 1, 1, 0, 1, -2, 1, -1, 0, 0, 0, -1, 0, 1, 0, -1, 0], [3, 2, 1, 1, 0, 0, 1, 2, 1, 1, 1, 2, 1, -1, 2, 2, 2], [1, 1, 1, 0, 1, -2, 1, -2, 0, 1, 0, -1, 0, 1, 0, -1, 0], [2, 1, 1, 1, 1, -1, 1, 0, 0, 0, 1, 0, 0, 0, 1, 0, 1], [-2, -1, -1, -1, 0, 0, 0, -1, 0, -1, -1, -1, -1, 0, -1, 0, -1], [0, 0, 0, 0, 0, 0, 0, 0, 0, 0, 0, 0, 1, 0, 0, 0, 0], [-2, -1, -1, -1, -1, 1, -1, 0, 0, 0, 0, 0, 0, 1, -1, 0, -1], [-1, 0, 0, -1, 0, -1, 0, -2, 0, 0, 0, -1, 0, 1, 0, -1, -1], [-1, -1, 0, 0, 0, 0, -1, -1, 0, 0, 0, 0, 0, 1, -1, -1, -1], [-2, -1, -1, -1, -1, 1, -1, 0, 0, 0, 0, 0, 0, 0, -1, 0, 0]]
[[3, 1, 1, 2, 1, -1, 2, 1, 0, 1, 1, 1, 1, 0, 1, 1, 2], [0, -1, 0, 0, 0, 0, 0, -1, 0, 0, 0, 0, 0, 0, 0, -1, 0], [2, 1, 0, 0, 0, 0, 1, 1, 1, 2, 2, 1, 1, 0, 1, 2, 2], [-1, 0, 1, -1, 0, -1, 0, -3, 0, 0, 0, -1, -1, 1, 0, -3, -1], [-1, -1, -2, 0, -1, 2, -2, 3, -1, -2, -3, 0, -1, -2, 0, 1, -1], [0, -1, 0, -1, 1, 0, 0, -3, 1, 1, 1, -1, 0, 1, 0, -1, 0], [-1, -2, -1, 0, 0, 1, -1, 0, 0, -2, -2, -1, -1, -1, 0, 0, -1], [0, 0, -1, 1, -1, 1, -1, 4, -1, -2, -3, 1, -1, -3, 1, 2, 0], [0, -1, 0, 1, -1, 1, 0, 2, -1, -2, -3, 0, -2, -3, 2, 0, 0], [0, 0, 0, 0, 0, 1, -1, 1, 0, -1, -1, 0, -1, -1, 1, 0, 0], [0, 1, 0, 1, -1, -1, 0, 2, -1, -1, -2, 1, 0, -1, 0, 0, 0], [-2, -1, 0, -1, 1, 0, -1, -3, 0, 0, 0, -3, -1, 2, -1, -2, -2], [1, 0, -2, 0, -2, 2, -1, 4, 0, -1, -1, 3, 1, -3, 1, 3, 1], [-2, -1, 1, -2, 2, -1, 0, -6, 1, 2, 3, -3, 0, 4, -2, -2, -2], [-2, -1, -1, -1, -1, 1, -2, 0, 0, -1, -1, 0, 0, 0, -1, 0, -2], [0, 0, 1, -1, 1, -1, 1, -3, 1, 2, 3, -1, 1, 3, -1, -1, 0], [-1, 1, 1, -2, 1, -1, 1, -4, 1, 3, 4, -1, 1, 3, -2, -1, 0]]
[[1, 0, 0, 0, 0, 0, 0, 0, 0, 0, 0, 0, 0, 0, 0, 0, 0], [0, 1, 0, 0, 0, 0, 0, 0, 0, 0, 0, 0, 0, 0, 0, 0, 0], [0, 0, 1, 0, 0, 0, 0, 0, 0, 0, 0, 0, 0, 0, 0, 0, 0], [0, 0, 0, 1, 0, 0, 0, 0, 0, 0, 0, 0, 0, 0, 0, 0, 0], [0, 0, 0, 0, 1, 0, 0, 0, 0, 0, 0, 0, 0, 0, 0, 0, 0], [0, 0, 0, 0, 0, 1, 0, 0, 0, 0, 0, 0, 0, 0, 0, 0, 0], [0, 0, 0, 0, 0, 0, 1, 0, 0, 0, 0, 0, 0, 0, 0, 0, 0], [0, 0, 0, 0, 0, 0, 0, 1, 0, 0, 0, 0, 0, 0, 0, 0, 0], [0, 0, 0, 0, 0, 0, 0, 0, 1, 0, 0, 0, 0, 0, 0, 0, 0], [0, 0, 0, 0, 0, 0, 0, 0, 0, 1, 0, 0, 0, 0, 0, 0, 0], [0, 0, 0, 0, 0, 0, 0, 0, 0, 0, 1, 0, 0, 0, 0, 0, 0], [0, 0, 0, 0, 0, 0, 0, 0, 0, 0, 0, 1, 0, 0, 0, 0, 0], [0, 0, 0, 0, 0, 0, 0, 0, 0, 0, 0, 0, 1, 0, 0, 0, 0], [0, 0, 0, 0, 0, 0, 0, 0, 0, 0, 0, 0, 0, 1, 0, 0, 0], [0, 0, 0, 0, 0, 0, 0, 0, 0, 0, 0, 0, 0, 0, 1, 0, 0], [0, 0, 0, 0, 0, 0, 0, 0, 0, 0, 0, 0, 0, 0, 0, 1, 0], [0, 0, 0, 0, 0, 0, 0, 0, 0, 0, 0, 0, 0, 0, 0, 0, 1]]
[[1, 0, 0, -1, 0, -1, 0, -2, 1, 1, 1, 0, 0, 1, 0, -1, 0], [-1, 0, 0, -1, 1, -1, 0, -3, 0, 0, 0, -2, -1, 1, -1, -2, -1], [0, 0, 1, -1, 0, -1, 0, -2, 1, 1, 1, 0, 0, 1, 0, -1, 0], [1, 1, 1, 2, 1, -1, 1, 0, -1, 0, 0, -1, 0, 1, 0, -1, 0], [-2, -1, -1, 0, 0, 1, -1, 1, -1, -1, -2, 0, 0, -1, -1, 1, -1], [-1, -1, 0, -2, 1, -1, 0, -5, 1, 1, 1, -2, -1, 2, -1, -3, -1], [-2, -2, -1, -1, 0, 1, 0, -1, 0, -1, -1, -1, -1, -1, -1, 0, -1], [-2, -1, -1, 0, -1, 1, -1, 2, -1, -1, -2, 0, 0, -1, -1, 1, -1], [-2, -1, 0, 0, 1, -1, 0, -2, -1, -1, -2, -3, -1, 1, -2, -2, -2], [0, 0, 0, 1, 0, 1, 0, 2, -1, 0, -1, 0, 0, -1, 0, 1, 0], [0, 1, 0, 1, -1, 0, 0, 2, -1, 0, 0, 1, 1, 0, 0, 1, 0], [-1, -1, 0, 0, 1, 0, 0, -1, -1, -1, -1, -1, -1, 0, -1, -1, -1], [-1, -1, -1, -1, -1, 1, -1, 0, 1, 0, 0, 1, 1, -1, 0, 1, 0], [0, -1, 0, -1, 1, 0, 0, -2, 1, 0, 1, -1, -1, 1, 0, -1, 0], [-1, -1, -1, 0, -1, 2, -1, 2, 0, -1, -1, 1, 0, -2, 1, 2, 0], [2, 1, 1, 0, 1, -1, 1, -1, 1, 1, 2, 0, 0, 1, 1, 0, 1], [3, 2, 1, 1, 0, 0, 1, 2, 1, 1, 2, 2, 1, 0, 2, 1, 3]]
[[1, 0, 0, 0, 0, 0, 0, 0, 0, 0, 0, 0, 0, 0, 0, 0, 0], [0, 1, 0, 0, 0, 0, 0, 0, 0, 0, 0, 0, 0, 0, 0, 0, 0], [0, 0, 1, 0, 0, 0, 0, 0, 0, 0, 0, 0, 0, 0, 0, 0, 0], [0, 0, 0, 1, 0, 0, 0, 0, 0, 0, 0, 0, 0, 0, 0, 0, 0], [0, 0, 0, 0, 1, 0, 0, 0, 0, 0, 0, 0, 0, 0, 0, 0, 0], [0, 0, 0, 0, 0, 1, 0, 0, 0, 0, 0, 0, 0, 0, 0, 0, 0], [0, 0, 0, 0, 0, 0, 1, 0, 0, 0, 0, 0, 0, 0, 0, 0, 0], [0, 0, 0, 0, 0, 0, 0, 1, 0, 0, 0, 0, 0, 0, 0, 0, 0], [0, 0, 0, 0, 0, 0, 0, 0, 1, 0, 0, 0, 0, 0, 0, 0, 0], [0, 0, 0, 0, 0, 0, 0, 0, 0, 1, 0, 0, 0, 0, 0, 0, 0], [0, 0, 0, 0, 0, 0, 0, 0, 0, 0, 1, 0, 0, 0, 0, 0, 0], [0, 0, 0, 0, 0, 0, 0, 0, 0, 0, 0, 1, 0, 0, 0, 0, 0], [0, 0, 0, 0, 0, 0, 0, 0, 0, 0, 0, 0, 1, 0, 0, 0, 0], [0, 0, 0, 0, 0, 0, 0, 0, 0, 0, 0, 0, 0, 1, 0, 0, 0], [0, 0, 0, 0, 0, 0, 0, 0, 0, 0, 0, 0, 0, 0, 1, 0, 0], [0, 0, 0, 0, 0, 0, 0, 0, 0, 0, 0, 0, 0, 0, 0, 1, 0], [0, 0, 0, 0, 0, 0, 0, 0, 0, 0, 0, 0, 0, 0, 0, 0, 1]]
[[1, 0, 0, 0, 0, 0, 0, 0, 0, 0, 0, 0, 0, 0, 0, 0, 0], [0, 1, 0, 0, 0, 0, 0, 0, 0, 0, 0, 0, 0, 0, 0, 0, 0], [0, 0, 1, 0, 0, 0, 0, 0, 0, 0, 0, 0, 0, 0, 0, 0, 0], [0, 0, 0, 1, 0, 0, 0, 0, 0, 0, 0, 0, 0, 0, 0, 0, 0], [0, 0, 0, 0, 1, 0, 0, 0, 0, 0, 0, 0, 0, 0, 0, 0, 0], [0, 0, 0, 0, 0, 1, 0, 0, 0, 0, 0, 0, 0, 0, 0, 0, 0], [0, 0, 0, 0, 0, 0, 1, 0, 0, 0, 0, 0, 0, 0, 0, 0, 0], [0, 0, 0, 0, 0, 0, 0, 1, 0, 0, 0, 0, 0, 0, 0, 0, 0], [0, 0, 0, 0, 0, 0, 0, 0, 1, 0, 0, 0, 0, 0, 0, 0, 0], [0, 0, 0, 0, 0, 0, 0, 0, 0, 1, 0, 0, 0, 0, 0, 0, 0], [0, 0, 0, 0, 0, 0, 0, 0, 0, 0, 1, 0, 0, 0, 0, 0, 0], [0, 0, 0, 0, 0, 0, 0, 0, 0, 0, 0, 1, 0, 0, 0, 0, 0], [0, 0, 0, 0, 0, 0, 0, 0, 0, 0, 0, 0, 1, 0, 0, 0, 0], [0, 0, 0, 0, 0, 0, 0, 0, 0, 0, 0, 0, 0, 1, 0, 0, 0], [0, 0, 0, 0, 0, 0, 0, 0, 0, 0, 0, 0, 0, 0, 1, 0, 0], [0, 0, 0, 0, 0, 0, 0, 0, 0, 0, 0, 0, 0, 0, 0, 1, 0], [0, 0, 0, 0, 0, 0, 0, 0, 0, 0, 0, 0, 0, 0, 0, 0, 1]]
[[1, 0, 0, 0, 0, 0, 0, 0, 0, 0, 0, 0, 0, 0, 0, 0, 0], [0, 1, 0, 0, 0, 0, 0, 0, 0, 0, 0, 0, 0, 0, 0, 0, 0], [0, 0, 1, 0, 0, 0, 0, 0, 0, 0, 0, 0, 0, 0, 0, 0, 0], [0, 0, 0, 1, 0, 0, 0, 0, 0, 0, 0, 0, 0, 0, 0, 0, 0], [0, 0, 0, 0, 1, 0, 0, 0, 0, 0, 0, 0, 0, 0, 0, 0, 0], [0, 0, 0, 0, 0, 1, 0, 0, 0, 0, 0, 0, 0, 0, 0, 0, 0], [0, 0, 0, 0, 0, 0, 1, 0, 0, 0, 0, 0, 0, 0, 0, 0, 0], [0, 0, 0, 0, 0, 0, 0, 1, 0, 0, 0, 0, 0, 0, 0, 0, 0], [0, 0, 0, 0, 0, 0, 0, 0, 1, 0, 0, 0, 0, 0, 0, 0, 0], [0, 0, 0, 0, 0, 0, 0, 0, 0, 1, 0, 0, 0, 0, 0, 0, 0], [0, 0, 0, 0, 0, 0, 0, 0, 0, 0, 1, 0, 0, 0, 0, 0, 0], [0, 0, 0, 0, 0, 0, 0, 0, 0, 0, 0, 1, 0, 0, 0, 0, 0], [0, 0, 0, 0, 0, 0, 0, 0, 0, 0, 0, 0, 1, 0, 0, 0, 0], [0, 0, 0, 0, 0, 0, 0, 0, 0, 0, 0, 0, 0, 1, 0, 0, 0], [0, 0, 0, 0, 0, 0, 0, 0, 0, 0, 0, 0, 0, 0, 1, 0, 0], [0, 0, 0, 0, 0, 0, 0, 0, 0, 0, 0, 0, 0, 0, 0, 1, 0], [0, 0, 0, 0, 0, 0, 0, 0, 0, 0, 0, 0, 0, 0, 0, 0, 1]]
[[1, 0, 0, 0, 0, 0, 0, 0, 0, 0, 0, 0, 0, 0, 0, 0, 0], [0, 1, 0, 0, 0, 0, 0, 0, 0, 0, 0, 0, 0, 0, 0, 0, 0], [0, 0, 1, 0, 0, 0, 0, 0, 0, 0, 0, 0, 0, 0, 0, 0, 0], [0, 0, 0, 1, 0, 0, 0, 0, 0, 0, 0, 0, 0, 0, 0, 0, 0], [0, 0, 0, 0, 1, 0, 0, 0, 0, 0, 0, 0, 0, 0, 0, 0, 0], [0, 0, 0, 0, 0, 1, 0, 0, 0, 0, 0, 0, 0, 0, 0, 0, 0], [0, 0, 0, 0, 0, 0, 1, 0, 0, 0, 0, 0, 0, 0, 0, 0, 0], [0, 0, 0, 0, 0, 0, 0, 1, 0, 0, 0, 0, 0, 0, 0, 0, 0], [0, 0, 0, 0, 0, 0, 0, 0, 1, 0, 0, 0, 0, 0, 0, 0, 0], [0, 0, 0, 0, 0, 0, 0, 0, 0, 1, 0, 0, 0, 0, 0, 0, 0], [0, 0, 0, 0, 0, 0, 0, 0, 0, 0, 1, 0, 0, 0, 0, 0, 0], [0, 0, 0, 0, 0, 0, 0, 0, 0, 0, 0, 1, 0, 0, 0, 0, 0], [0, 0, 0, 0, 0, 0, 0, 0, 0, 0, 0, 0, 1, 0, 0, 0, 0], [0, 0, 0, 0, 0, 0, 0, 0, 0, 0, 0, 0, 0, 1, 0, 0, 0], [0, 0, 0, 0, 0, 0, 0, 0, 0, 0, 0, 0, 0, 0, 1, 0, 0], [0, 0, 0, 0, 0, 0, 0, 0, 0, 0, 0, 0, 0, 0, 0, 1, 0], [0, 0, 0, 0, 0, 0, 0, 0, 0, 0, 0, 0, 0, 0, 0, 0, 1]]
[[1, 0, 0, 0, 0, 0, 0, 0, 0, 0, 0, 0, 0, 0, 0, 0, 0], [0, 1, 0, 0, 0, 0, 0, 0, 0, 0, 0, 0, 0, 0, 0, 0, 0], [0, 0, 1, 0, 0, 0, 0, 0, 0, 0, 0, 0, 0, 0, 0, 0, 0], [0, 0, 0, 1, 0, 0, 0, 0, 0, 0, 0, 0, 0, 0, 0, 0, 0], [0, 0, 0, 0, 1, 0, 0, 0, 0, 0, 0, 0, 0, 0, 0, 0, 0], [0, 0, 0, 0, 0, 1, 0, 0, 0, 0, 0, 0, 0, 0, 0, 0, 0], [0, 0, 0, 0, 0, 0, 1, 0, 0, 0, 0, 0, 0, 0, 0, 0, 0], [0, 0, 0, 0, 0, 0, 0, 1, 0, 0, 0, 0, 0, 0, 0, 0, 0], [0, 0, 0, 0, 0, 0, 0, 0, 1, 0, 0, 0, 0, 0, 0, 0, 0], [0, 0, 0, 0, 0, 0, 0, 0, 0, 1, 0, 0, 0, 0, 0, 0, 0], [0, 0, 0, 0, 0, 0, 0, 0, 0, 0, 1, 0, 0, 0, 0, 0, 0], [0, 0, 0, 0, 0, 0, 0, 0, 0, 0, 0, 1, 0, 0, 0, 0, 0], [0, 0, 0, 0, 0, 0, 0, 0, 0, 0, 0, 0, 1, 0, 0, 0, 0], [0, 0, 0, 0, 0, 0, 0, 0, 0, 0, 0, 0, 0, 1, 0, 0, 0], [0, 0, 0, 0, 0, 0, 0, 0, 0, 0, 0, 0, 0, 0, 1, 0, 0], [0, 0, 0, 0, 0, 0, 0, 0, 0, 0, 0, 0, 0, 0, 0, 1, 0], [0, 0, 0, 0, 0, 0, 0, 0, 0, 0, 0, 0, 0, 0, 0, 0, 1]]
[[1, 0, 0, 0, 0, 0, 0, 0, 0, 0, 0, 0, 0, 0, 0, 0, 0], [0, 1, 0, 0, 0, 0, 0, 0, 0, 0, 0, 0, 0, 0, 0, 0, 0], [0, 0, 1, 0, 0, 0, 0, 0, 0, 0, 0, 0, 0, 0, 0, 0, 0], [0, 0, 0, 1, 0, 0, 0, 0, 0, 0, 0, 0, 0, 0, 0, 0, 0], [0, 0, 0, 0, 1, 0, 0, 0, 0, 0, 0, 0, 0, 0, 0, 0, 0], [0, 0, 0, 0, 0, 1, 0, 0, 0, 0, 0, 0, 0, 0, 0, 0, 0], [0, 0, 0, 0, 0, 0, 1, 0, 0, 0, 0, 0, 0, 0, 0, 0, 0], [0, 0, 0, 0, 0, 0, 0, 1, 0, 0, 0, 0, 0, 0, 0, 0, 0], [0, 0, 0, 0, 0, 0, 0, 0, 1, 0, 0, 0, 0, 0, 0, 0, 0], [0, 0, 0, 0, 0, 0, 0, 0, 0, 1, 0, 0, 0, 0, 0, 0, 0], [0, 0, 0, 0, 0, 0, 0, 0, 0, 0, 1, 0, 0, 0, 0, 0, 0], [0, 0, 0, 0, 0, 0, 0, 0, 0, 0, 0, 1, 0, 0, 0, 0, 0], [0, 0, 0, 0, 0, 0, 0, 0, 0, 0, 0, 0, 1, 0, 0, 0, 0], [0, 0, 0, 0, 0, 0, 0, 0, 0, 0, 0, 0, 0, 1, 0, 0, 0], [0, 0, 0, 0, 0, 0, 0, 0, 0, 0, 0, 0, 0, 0, 1, 0, 0], [0, 0, 0, 0, 0, 0, 0, 0, 0, 0, 0, 0, 0, 0, 0, 1, 0], [0, 0, 0, 0, 0, 0, 0, 0, 0, 0, 0, 0, 0, 0, 0, 0, 1]]
[[3, 1, -1, 2, -1, 0, 1, 4, -1, -1, -2, 2, 0, -3, 2, 2, 2], [-1, -1, 0, 1, -1, 0, 0, 1, -1, -2, -3, 0, -1, -2, 0, 0, -1], [2, 2, 0, 0, 0, 0, 1, 1, 0, 1, 1, 1, 0, -1, 2, 1, 2], [-2, -2, 0, 0, 0, 0, -1, -2, 0, -1, -1, -1, -1, 0, -1, -1, -2], [0, 0, 1, 1, 1, 0, 0, 1, 0, 0, 0, 0, 1, 1, -1, 0, 0], [1, 0, -1, 2, -1, 1, 0, 4, -1, -2, -3, 2, 0, -3, 1, 2, 1], [0, 0, 0, 1, 0, 0, 0, 2, 0, -1, -1, 1, 1, 0, -1, 1, 0], [0, 0, 0, 0, 0, 0, 0, 1, 0, 0, 0, 0, 0, 0, 0, 0, 0], [-1, -2, 0, 1, -1, 0, 0, 1, 0, -2, -3, 0, -1, -2, 0, 0, -1], [-1, -1, 0, 0, 0, 0, -1, 0, 0, 0, -1, 0, 0, 0, -1, 0, -1], [0, 0, 0, 0, 0, 0, 0, 0, 0, 0, 1, 0, 0, 0, 0, 0, 0], [1, 1, 1, 1, 0, 0, 1, 1, 0, 1, 1, 1, 1, 1, 0, 0, 1], [-2, -1, 0, -2, 1, 0, -2, -3, 1, 0, 1, -1, 1, 2, -2, -1, -2], [1, 1, 0, 0, 0, 0, 1, 0, 0, 1, 1, 0, 0, 1, 1, 0, 1], [-1, 0, 1, -1, 1, 0, -1, -2, 1, 1, 2, -1, 1, 3, -1, -1, -1], [1, 1, 0, 0, 0, 0, 1, 0, 0, 1, 1, 0, 0, 0, 1, 1, 1], [-1, 0, 0, -3, 1, 0, 0, -5, 1, 2, 3, -2, -1, 2, 0, -2, 0]]
[[1, 0, 0, 0, 0, 0, 0, 0, 0, 0, 0, 0, 0, 0, 0, 0, 0], [0, 1, 0, 0, 0, 0, 0, 0, 0, 0, 0, 0, 0, 0, 0, 0, 0], [0, 0, 1, 0, 0, 0, 0, 0, 0, 0, 0, 0, 0, 0, 0, 0, 0], [0, 0, 0, 1, 0, 0, 0, 0, 0, 0, 0, 0, 0, 0, 0, 0, 0], [0, 0, 0, 0, 1, 0, 0, 0, 0, 0, 0, 0, 0, 0, 0, 0, 0], [0, 0, 0, 0, 0, 1, 0, 0, 0, 0, 0, 0, 0, 0, 0, 0, 0], [0, 0, 0, 0, 0, 0, 1, 0, 0, 0, 0, 0, 0, 0, 0, 0, 0], [0, 0, 0, 0, 0, 0, 0, 1, 0, 0, 0, 0, 0, 0, 0, 0, 0], [0, 0, 0, 0, 0, 0, 0, 0, 1, 0, 0, 0, 0, 0, 0, 0, 0], [0, 0, 0, 0, 0, 0, 0, 0, 0, 1, 0, 0, 0, 0, 0, 0, 0], [0, 0, 0, 0, 0, 0, 0, 0, 0, 0, 1, 0, 0, 0, 0, 0, 0], [0, 0, 0, 0, 0, 0, 0, 0, 0, 0, 0, 1, 0, 0, 0, 0, 0], [0, 0, 0, 0, 0, 0, 0, 0, 0, 0, 0, 0, 1, 0, 0, 0, 0], [0, 0, 0, 0, 0, 0, 0, 0, 0, 0, 0, 0, 0, 1, 0, 0, 0], [0, 0, 0, 0, 0, 0, 0, 0, 0, 0, 0, 0, 0, 0, 1, 0, 0], [0, 0, 0, 0, 0, 0, 0, 0, 0, 0, 0, 0, 0, 0, 0, 1, 0], [0, 0, 0, 0, 0, 0, 0, 0, 0, 0, 0, 0, 0, 0, 0, 0, 1]]
[[1, 0, 0, 0, 0, 0, 0, 0, 0, 0, 0, 0, 0, 0, 0, 0, 0], [0, 1, 0, 0, 0, 0, 0, 0, 0, 0, 0, 0, 0, 0, 0, 0, 0], [0, 0, 1, 0, 0, 0, 0, 0, 0, 0, 0, 0, 0, 0, 0, 0, 0], [0, 0, 0, 1, 0, 0, 0, 0, 0, 0, 0, 0, 0, 0, 0, 0, 0], [0, 0, 0, 0, 1, 0, 0, 0, 0, 0, 0, 0, 0, 0, 0, 0, 0], [0, 0, 0, 0, 0, 1, 0, 0, 0, 0, 0, 0, 0, 0, 0, 0, 0], [0, 0, 0, 0, 0, 0, 1, 0, 0, 0, 0, 0, 0, 0, 0, 0, 0], [0, 0, 0, 0, 0, 0, 0, 1, 0, 0, 0, 0, 0, 0, 0, 0, 0], [0, 0, 0, 0, 0, 0, 0, 0, 1, 0, 0, 0, 0, 0, 0, 0, 0], [0, 0, 0, 0, 0, 0, 0, 0, 0, 1, 0, 0, 0, 0, 0, 0, 0], [0, 0, 0, 0, 0, 0, 0, 0, 0, 0, 1, 0, 0, 0, 0, 0, 0], [0, 0, 0, 0, 0, 0, 0, 0, 0, 0, 0, 1, 0, 0, 0, 0, 0], [0, 0, 0, 0, 0, 0, 0, 0, 0, 0, 0, 0, 1, 0, 0, 0, 0], [0, 0, 0, 0, 0, 0, 0, 0, 0, 0, 0, 0, 0, 1, 0, 0, 0], [0, 0, 0, 0, 0, 0, 0, 0, 0, 0, 0, 0, 0, 0, 1, 0, 0], [0, 0, 0, 0, 0, 0, 0, 0, 0, 0, 0, 0, 0, 0, 0, 1, 0], [0, 0, 0, 0, 0, 0, 0, 0, 0, 0, 0, 0, 0, 0, 0, 0, 1]]
[[-1, 0, 0, 1, -1, 1, 0, 3, -1, -2, -3, 0, -1, -3, 1, 1, 0], [1, 0, 0, 1, -2, 1, 0, 4, 0, -1, -2, 2, 0, -3, 2, 2, 1], [0, 1, 0, 1, 0, 1, 1, 2, -1, -1, -1, 0, -1, -2, 1, 1, 1], [0, -1, -1, -1, -1, 1, -1, 1, 1, 0, 0, 1, 0, -1, 1, 2, 0], [1, 0, 0, -1, 1, -1, 0, -3, 1, 2, 4, 0, 2, 4, -2, -2, 0], [-1, 0, 0, 0, -1, 1, -1, 2, 0, -1, -1, 1, 1, -1, 0, 1, 0], [1, 1, 0, 0, 0, -1, -1, 0, 0, 1, 1, 1, 2, 2, -1, -1, 0], [3, 1, 0, 1, 1, -1, 1, 0, 0, 1, 2, 1, 1, 1, 0, 0, 1], [2, 0, -1, 0, -2, 1, -1, 3, 1, 0, 0, 3, 1, -2, 2, 2, 1], [1, 0, -1, 0, 0, -1, 0, 0, 0, 0, 1, 1, 1, 1, -1, 0, 0], [2, 0, 0, 1, 1, 0, 1, 1, 0, 0, 0, 0, -1, -1, 1, 1, 1], [0, 1, 0, -1, 0, 0, 0, -1, 1, 2, 3, 1, 2, 2, -1, 0, 1], [-1, -1, 0, -1, 1, -1, -1, -3, 0, 0, 0, -2, 0, 3, -2, -3, -2], [-1, 1, 1, 0, 0, 0, 0, -1, 0, 1, 1, 0, 1, 1, 0, 0, 0], [0, 0, 1, -1, 2, -2, 0, -5, 1, 2, 3, -2, 1, 5, -2, -3, -1], [-1, 0, 0, 1, -1, 1, 0, 2, -1, -1, -2, 0, -1, -2, 1, 1, 0], [-4, -1, 1, -2, 1, 0, 0, -5, 0, 0, 0, -3, -2, 1, -1, -2, -2]]
[[1, 1, 1, 0, 1, -2, 1, -2, 0, 1, 0, -1, 0, 1, 0, -1, 0], [0, 0, 0, 0, 0, -1, 0, -1, -1, 0, -1, -1, -1, 0, 0, -1, -1], [1, 1, 0, -1, 0, 0, 0, 0, 1, 1, 1, 1, 1, 0, 1, 1, 1], [1, 0, -1, 1, 0, 0, 0, 1, -1, 0, 0, 0, 0, 0, 0, 0, 0], [0, -1, 0, 1, -1, 2, 0, 3, 0, -1, -1, 1, -1, -2, 1, 1, 1], [3, 1, 1, 2, 1, -2, 2, 1, -1, 0, -1, 0, -1, -1, 1, 0, 1], [0, -1, 0, 1, 0, 0, 1, 1, -1, -1, -1, 0, -1, -1, -1, 0, 0], [-3, -2, -1, -2, -1, 2, -2, -1, 1, 0, 0, 0, 0, 0, -1, 0, -1], [-2, -2, -1, -1, 0, 0, -1, -2, -1, 0, -1, -2, -1, 1, -2, -2, -2], [0, -1, -1, 0, -1, 2, -1, 2, 0, 0, 0, 1, 0, -1, 0, 1, 0], [-1, 0, -1, 0, -1, 1, -1, 1, 0, 0, 0, 1, 1, 0, 0, 1, 0], [0, 0, 1, 1, 0, 0, 1, 1, -1, -1, -1, 0, -1, -1, 0, -1, 0], [1, 0, 0, 0, 0, 0, 0, 0, 1, 1, 2, 1, 1, 1, 0, 1, 1], [0, 0, 1, 0, 1, -1, 1, -1, 0, -1, -1, -1, -1, -1, 0, -1, 0], [0, 0, 0, 1, 0, 1, 0, 2, 0, -1, 0, 1, 0, -1, 0, 1, 1], [1, 1, 0, 0, 0, 0, 1, 1, 0, 0, 0, 0, 0, -1, 1, 1, 1], [1, 1, 1, 0, 1, -1, 0, -1, 1, 0, 1, 0, 1, 1, 1, 0, 0]]
[[1, 0, 0, 0, 0, 0, 0, 0, 0, 0, 0, 0, 0, 0, 0, 0, 0], [0, 1, 0, 0, 0, 0, 0, 0, 0, 0, 0, 0, 0, 0, 0, 0, 0], [0, 0, 1, 0, 0, 0, 0, 0, 0, 0, 0, 0, 0, 0, 0, 0, 0], [0, 0, 0, 1, 0, 0, 0, 0, 0, 0, 0, 0, 0, 0, 0, 0, 0], [0, 0, 0, 0, 1, 0, 0, 0, 0, 0, 0, 0, 0, 0, 0, 0, 0], [0, 0, 0, 0, 0, 1, 0, 0, 0, 0, 0, 0, 0, 0, 0, 0, 0], [0, 0, 0, 0, 0, 0, 1, 0, 0, 0, 0, 0, 0, 0, 0, 0, 0], [0, 0, 0, 0, 0, 0, 0, 1, 0, 0, 0, 0, 0, 0, 0, 0, 0], [0, 0, 0, 0, 0, 0, 0, 0, 1, 0, 0, 0, 0, 0, 0, 0, 0], [0, 0, 0, 0, 0, 0, 0, 0, 0, 1, 0, 0, 0, 0, 0, 0, 0], [0, 0, 0, 0, 0, 0, 0, 0, 0, 0, 1, 0, 0, 0, 0, 0, 0], [0, 0, 0, 0, 0, 0, 0, 0, 0, 0, 0, 1, 0, 0, 0, 0, 0], [0, 0, 0, 0, 0, 0, 0, 0, 0, 0, 0, 0, 1, 0, 0, 0, 0], [0, 0, 0, 0, 0, 0, 0, 0, 0, 0, 0, 0, 0, 1, 0, 0, 0], [0, 0, 0, 0, 0, 0, 0, 0, 0, 0, 0, 0, 0, 0, 1, 0, 0], [0, 0, 0, 0, 0, 0, 0, 0, 0, 0, 0, 0, 0, 0, 0, 1, 0], [0, 0, 0, 0, 0, 0, 0, 0, 0, 0, 0, 0, 0, 0, 0, 0, 1]]
[[1, 0, 0, 0, 0, 0, 0, 0, 0, 0, 0, 0, 0, 0, 0, 0, 0], [0, 1, 0, 0, 0, 0, 0, 0, 0, 0, 0, 0, 0, 0, 0, 0, 0], [0, 0, 1, 0, 0, 0, 0, 0, 0, 0, 0, 0, 0, 0, 0, 0, 0], [0, 0, 0, 1, 0, 0, 0, 0, 0, 0, 0, 0, 0, 0, 0, 0, 0], [0, 0, 0, 0, 1, 0, 0, 0, 0, 0, 0, 0, 0, 0, 0, 0, 0], [0, 0, 0, 0, 0, 1, 0, 0, 0, 0, 0, 0, 0, 0, 0, 0, 0], [0, 0, 0, 0, 0, 0, 1, 0, 0, 0, 0, 0, 0, 0, 0, 0, 0], [0, 0, 0, 0, 0, 0, 0, 1, 0, 0, 0, 0, 0, 0, 0, 0, 0], [0, 0, 0, 0, 0, 0, 0, 0, 1, 0, 0, 0, 0, 0, 0, 0, 0], [0, 0, 0, 0, 0, 0, 0, 0, 0, 1, 0, 0, 0, 0, 0, 0, 0], [0, 0, 0, 0, 0, 0, 0, 0, 0, 0, 1, 0, 0, 0, 0, 0, 0], [0, 0, 0, 0, 0, 0, 0, 0, 0, 0, 0, 1, 0, 0, 0, 0, 0], [0, 0, 0, 0, 0, 0, 0, 0, 0, 0, 0, 0, 1, 0, 0, 0, 0], [0, 0, 0, 0, 0, 0, 0, 0, 0, 0, 0, 0, 0, 1, 0, 0, 0], [0, 0, 0, 0, 0, 0, 0, 0, 0, 0, 0, 0, 0, 0, 1, 0, 0], [0, 0, 0, 0, 0, 0, 0, 0, 0, 0, 0, 0, 0, 0, 0, 1, 0], [0, 0, 0, 0, 0, 0, 0, 0, 0, 0, 0, 0, 0, 0, 0, 0, 1]]
[[-1, 0, 0, 0, -1, -1, 0, 0, -1, -1, -2, -1, -1, 0, 0, -2, -1], [0, 0, 0, 1, 0, -1, 1, 1, -1, -1, -2, -1, -1, -1, 0, 0, 0], [-1, 0, 1, 0, 0, -1, 0, -2, 0, 0, 0, -1, 0, 2, -1, -3, -1], [0, -1, 0, 0, 1, -1, 0, -1, 0, 0, 0, -1, 0, 1, -1, 0, -1], [0, 1, 0, -1, 1, 1, 0, -1, 1, 1, 3, 1, 1, 0, 0, 2, 1], [0, 1, 0, 0, 0, -1, 1, 0, -1, 0, 0, -1, -1, 0, 0, -1, 0], [0, 1, -1, 0, 0, 1, 0, 2, -1, 0, 0, 1, 0, -2, 0, 2, 1], [-1, -1, -1, -1, 0, 1, -1, -1, 1, 0, 1, 1, 1, 0, -1, 1, 0], [-1, -1, -1, 0, 1, -1, 0, -1, -1, -1, -1, -1, 0, 0, -2, 0, -1], [1, 0, -1, 1, 0, 1, 0, 3, 0, -1, 0, 2, 1, -2, 0, 3, 1], [-1, -1, 0, -1, 0, 0, -1, -2, 1, 1, 1, 0, 1, 2, -1, 0, -1], [2, 2, 0, 0, 1, 0, 1, 1, 0, 1, 2, 1, 1, 0, 0, 1, 2], [-1, 0, 0, 0, 0, 1, 0, 0, 0, 0, 0, 0, -1, -1, 1, 1, 0], [0, 0, 0, -1, 0, 0, 0, -1, 0, 0, 0, -1, -1, 0, 0, -2, 0], [0, 0, 0, -1, 0, 2, 0, 0, 1, 1, 2, 1, 0, -1, 1, 2, 1], [0, 0, 1, 1, 0, -1, 0, 0, -1, -1, -2, -1, -1, 0, 0, -2, -1], [1, 0, 1, 0, 0, 0, 0, -1, 1, 1, 1, -1, 0, 2, 1, -2, 0]]
[[1, 0, 0, 0, 0, 0, 0, 0, 0, 0, 0, 0, 0, 0, 0, 0, 0], [0, 1, 0, 0, 0, 0, 0, 0, 0, 0, 0, 0, 0, 0, 0, 0, 0], [0, 0, 1, 0, 0, 0, 0, 0, 0, 0, 0, 0, 0, 0, 0, 0, 0], [0, 0, 0, 1, 0, 0, 0, 0, 0, 0, 0, 0, 0, 0, 0, 0, 0], [0, 0, 0, 0, 1, 0, 0, 0, 0, 0, 0, 0, 0, 0, 0, 0, 0], [0, 0, 0, 0, 0, 1, 0, 0, 0, 0, 0, 0, 0, 0, 0, 0, 0], [0, 0, 0, 0, 0, 0, 1, 0, 0, 0, 0, 0, 0, 0, 0, 0, 0], [0, 0, 0, 0, 0, 0, 0, 1, 0, 0, 0, 0, 0, 0, 0, 0, 0], [0, 0, 0, 0, 0, 0, 0, 0, 1, 0, 0, 0, 0, 0, 0, 0, 0], [0, 0, 0, 0, 0, 0, 0, 0, 0, 1, 0, 0, 0, 0, 0, 0, 0], [0, 0, 0, 0, 0, 0, 0, 0, 0, 0, 1, 0, 0, 0, 0, 0, 0], [0, 0, 0, 0, 0, 0, 0, 0, 0, 0, 0, 1, 0, 0, 0, 0, 0], [0, 0, 0, 0, 0, 0, 0, 0, 0, 0, 0, 0, 1, 0, 0, 0, 0], [0, 0, 0, 0, 0, 0, 0, 0, 0, 0, 0, 0, 0, 1, 0, 0, 0], [0, 0, 0, 0, 0, 0, 0, 0, 0, 0, 0, 0, 0, 0, 1, 0, 0], [0, 0, 0, 0, 0, 0, 0, 0, 0, 0, 0, 0, 0, 0, 0, 1, 0], [0, 0, 0, 0, 0, 0, 0, 0, 0, 0, 0, 0, 0, 0, 0, 0, 1]]
[[3, 0, 0, 2, -1, 1, 1, 4, 0, -1, -1, 2, 0, -3, 2, 2, 2], [2, 1, 1, 2, 0, -1, 1, 2, 0, -1, -1, 1, 0, -1, 1, 0, 1], [0, 0, 0, 0, -1, 2, 0, 2, 0, 0, 0, 1, 0, -2, 1, 2, 1], [1, 1, 1, 2, 1, -2, 0, 0, -1, -1, -1, 0, 0, 1, 0, -1, -1], [-3, -1, 0, -3, 2, -1, -1, -6, 1, 2, 2, -3, 0, 4, -3, -3, -2], [2, 0, 1, 2, 1, -1, 1, 1, 0, -1, -1, 0, 0, 0, 0, -1, 1], [0, 0, 0, 0, 2, -2, 1, -2, 0, 0, 0, -2, 0, 2, -2, -2, 0], [-2, 0, -1, -2, 0, 1, -1, -1, 0, 1, 1, -1, 0, 1, -1, 0, -1], [1, 1, 0, 1, 1, -1, 0, 1, 0, -1, -1, 0, 0, 0, 0, 0, 0], [1, 1, 0, 1, 1, -1, 0, 1, -1, 0, -1, 0, 0, 0, 0, 0, 0], [-2, 0, 0, -2, 0, 0, -1, -3, 0, 1, 2, -1, 0, 2, -1, -1, -2], [0, 0, -1, 0, 1, 0, 0, 0, 0, 0, 0, 0, 0, 0, -1, 0, 1], [-3, -1, 1, -3, 1, -2, -1, -7, 1, 2, 2, -3, 1, 5, -3, -4, -3], [2, 0, -1, 2, -1, 2, 1, 5, 0, -1, -1, 2, 0, -3, 2, 3, 3], [-3, -1, 0, -3, 1, -1, -1, -6, 1, 2, 2, -3, 0, 4, -2, -3, -2], [2, 0, 0, 2, -1, 1, 1, 4, 0, -1, -1, 2, 0, -3, 2, 3, 2], [0, 0, 0, 0, -2, 2, 0, 2, 0, 0, 0, 2, 0, -2, 2, 2, 1]]

Generators of monodromy action on conics:
(1,165,110,397)(2,166,109,398)(3,163,107,383)(4,164,108,384)(5,149,93,345)(6,150,94,346)(7,168,106,325)(8,167,105,326)(9,161,101,393)(10,162,102,394)(11,153,99,377)(12,154,100,378)(13,160,98,372)(14,159,97,371)(15,156,104,364)(16,155,103,363)(17,158,96,332)(18,157,95,331)(19,151,111,355)(20,152,112,356)(21,138,61,191)(22,137,62,192)(23,63,54,75)(24,64,53,76)(25,77,30,72)(26,78,29,71)(27,121,90,175)(28,122,89,176)(31,145,81,217)(32,146,82,218)(33,57,48,84)(34,58,47,83)(35,133,65,203)(36,134,66,204)(37,127,79,219)(38,128,80,220)(39,91,42,88)(40,92,41,87)(43,123,70,213)(44,124,69,214)(45,143,73,183)(46,144,74,184)(49,113,67,205)(50,114,68,206)(51,132,86,193)(52,131,85,194)(55,118,60,172)(56,117,59,171)(115,135,120,141)(116,136,119,142)(125,140,147,130)(126,139,148,129)(169,189,207,197)(170,190,208,198)(173,201,177,185)(174,202,178,186)(179,187,215,195)(180,188,216,196)(181,209,199,211)(182,210,200,212)(221,243,333,247)(222,244,334,248)(223,344,387,358)(224,343,388,357)(225,339,389,319)(226,340,390,320)(227,308,391,292)(228,307,392,291)(229,348,323,354)(230,347,324,353)(231,280,350,296)(232,279,349,295)(233,260,255,370)(234,259,256,369)(235,336,300,368)(236,335,299,367)(237,338,273,341)(238,337,274,342)(239,306,286,294)(240,305,285,293)(241,282,311,270)(242,281,312,269)(245,278,310,290)(246,277,309,289)(249,302,287,314)(250,301,288,313)(251,374,276,330)(252,373,275,329)(253,359,297,318)(254,360,298,317)(257,284,351,316)(258,283,352,315)(261,303,399,271)(262,304,400,272)(263,380,382,362)(264,379,381,361)(265,375,395,365)(266,376,396,366)(267,328,386,322)(268,327,385,321)
(1,23,397,135,165,57)(2,24,398,136,166,58)(3,133,383,27,163,183)(4,134,384,28,164,184)(5,150,331,6,149,332)(7,137,325,44,168,194)(8,138,326,43,167,193)(9,34,393,142,161,64)(10,33,394,141,162,63)(11,154,371,12,153,372)(13,117,378,56,156,171)(14,118,377,55,155,172)(15,159,364,16,160,363)(17,114,346,50,152,206)(18,113,345,49,151,205)(19,158,355,20,157,356)(21,124,191,22,123,192)(25,219,130,127,87,37)(26,220,129,128,88,38)(29,72,126,30,71,125)(31,41,217,140,145,77)(32,42,218,139,146,78)(35,122,203,36,121,204)(39,92,148,40,91,147)(45,144,175,46,143,176)(47,84,116,48,83,115)(51,131,213,52,132,214)(53,75,119,54,76,120)(59,361)(60,362)(61,248,86,334,70,222)(62,247,85,333,69,221)(65,233,73,370,90,260)(66,234,74,369,89,259)(67,354)(68,353)(79,82)(80,81)(93,230,95,324,111,347)(94,229,96,323,112,348)(97,381,103,379,99,264)(98,382,104,380,100,263)(101,110)(102,109)(105,243)(106,244)(107,256)(108,255)(169,294,197,290,207,322)(170,293,198,289,208,321)(173,272,177,368,201,330)(174,271,178,367,202,329)(179,358,215,314,187,270)(180,357,216,313,188,269)(181,341,211,292,209,318)(182,342,212,291,210,317)(185,365)(186,366)(189,296)(190,295)(195,316)(196,315)(199,320)(200,319)(223,281,311,224,282,312)(225,308,389,237,339,297)(226,307,390,238,340,298)(227,337,273,228,338,274)(231,327,350,246,280,285)(232,328,349,245,279,286)(235,335,400,236,336,399)(239,305,386,240,306,385)(241,283,287,258,344,352)(242,284,288,257,343,351)(249,301,387,250,302,388)(251,376,300,266,304,396)(252,375,299,265,303,395)(253,360,391,254,359,392)(261,374,275,262,373,276)(267,277,310,268,278,309)
