
#########################################################
# DATA FOR CRYSTALLOGRAPHIC QUARTIC SURFACE FAMILY 32.6 #
#########################################################


##################
# GROUP & FAMILY #
##################

Generators of crystallographic group:
[[1, 0, 0, 0], [0, -1, 0, 0], [0, 0, 0, 1], [0, 0, 1, 0]]
[[1, 0, 0, 0], [0, 1, 0, 0], [0, 0, -1, 0], [0, 0, 0, -1]]
[[0, 0, 1, 0], [0, 0, 0, 1], [0, -1, 0, 0], [1, 0, 0, 0]]

Invariant polynomials:
x^4 + y^4 + z^4 + w^4
x^2*y^2 + z^2*w^2
x^2*z^2 + y^2*z^2 + x^2*w^2 + y^2*w^2
-x*y*z^2 + x^2*z*w - y^2*z*w + x*y*w^2

Equivalent crystallographic groups:

############
# HOMOLOGY #
############


Intersection product:
[[-2, 0, -1, 0, 0, -1, -1, 0, 1, -2, -1, 0, -2, -1, -1, 0, 0, -1, 0, 0, -1, 0], [0, -2, 3, -1, -1, -3, -1, 0, -3, 0, 3, -1, -3, 0, 3, -1, 0, 0, 0, 0, 0, -1], [-1, 3, -10, 5, -1, 7, -3, 2, 7, -5, -11, 2, 5, -1, -10, 3, -2, -1, -2, -2, -1, 3], [0, -1, 5, -4, 3, -3, 4, -2, -2, 4, 6, 0, -2, 0, 5, -1, 2, 0, 2, 2, 0, -1], [0, -1, -1, 3, -4, 0, -5, 2, -2, -5, -3, -1, -2, 0, -1, -1, -2, 0, -2, -2, 0, -1], [-1, -3, 7, -3, 0, -8, 0, -1, -5, 0, 7, -2, -8, -1, 7, -3, 1, -1, 1, 1, -1, -3], [-1, -1, -3, 4, -5, 0, -8, 3, -1, -8, -6, -1, -3, -1, -3, -1, -3, -1, -3, -3, -1, -1], [0, 0, 2, -2, 2, -1, 3, -2, 0, 2, 2, 1, 0, 0, 2, 0, 1, 0, 1, 1, 0, 0], [1, -3, 7, -2, -2, -5, -1, 0, -8, 1, 7, -2, -5, 1, 8, -3, 0, 1, 0, 0, 1, -3], [-2, 0, -5, 4, -5, 0, -8, 2, 1, -10, -8, 0, -3, -2, -5, 0, -3, -2, -3, -3, -2, 0], [-1, 3, -11, 6, -3, 7, -6, 2, 7, -8, -14, 2, 5, -1, -11, 3, -3, -1, -3, -3, -1, 3], [0, -1, 2, 0, -1, -2, -1, 1, -2, 0, 2, -2, -2, 0, 2, -1, 0, 0, 0, 0, 0, -1], [-2, -3, 5, -2, -2, -8, -3, 0, -5, -3, 5, -2, -10, -2, 5, -3, 0, -2, 0, 0, -2, -3], [-1, 0, -1, 0, 0, -1, -1, 0, 1, -2, -1, 0, -2, -2, -1, 0, 0, -1, 0, 0, -1, 0], [-1, 3, -10, 5, -1, 7, -3, 2, 8, -5, -11, 2, 5, -1, -12, 3, -2, -1, -2, -2, -1, 3], [0, -1, 3, -1, -1, -3, -1, 0, -3, 0, 3, -1, -3, 0, 3, -2, 0, 0, 0, 0, 0, -1], [0, 0, -2, 2, -2, 1, -3, 1, 0, -3, -3, 0, 0, 0, -2, 0, -2, 0, -1, -1, 0, 0], [-1, 0, -1, 0, 0, -1, -1, 0, 1, -2, -1, 0, -2, -1, -1, 0, 0, -2, 0, 0, -1, 0], [0, 0, -2, 2, -2, 1, -3, 1, 0, -3, -3, 0, 0, 0, -2, 0, -1, 0, -2, -1, 0, 0], [0, 0, -2, 2, -2, 1, -3, 1, 0, -3, -3, 0, 0, 0, -2, 0, -1, 0, -1, -2, 0, 0], [-1, 0, -1, 0, 0, -1, -1, 0, 1, -2, -1, 0, -2, -1, -1, 0, 0, -1, 0, 0, -2, 0], [0, -1, 3, -1, -1, -3, -1, 0, -3, 0, 3, -1, -3, 0, 3, -1, 0, 0, 0, 0, 0, -2]]

Basis of the generic Picard lattice:
[1, 0, 0, 0, 0, 0, 0, 0, 0, 0, 0, 0, 0, 0, 0, 0, 0, 0, 1, -1, 0, 0]
[0, 1, 0, 0, 0, 0, 0, 0, 0, 0, 0, 0, 0, 0, 0, 0, 0, 0, 0, -1, 0, -1]
[0, 0, 1, 0, 0, 0, 0, 0, 0, 0, 0, 0, 0, 0, -1, 0, 0, 0, 0, -1, 0, -1]
[0, 0, 0, 1, 0, 0, 0, 0, 0, 0, 0, 0, 0, 0, 0, 0, 0, 0, 2, 0, 1, -1]
[0, 0, 0, 0, 1, 0, 0, 0, 0, 0, 0, 0, 1, 0, 0, 0, 0, 0, 3, -4, -1, -4]
[0, 0, 0, 0, 0, 1, 0, 0, 0, 0, 0, 0, 0, 0, 1, 0, 0, 0, 1, 1, -2, 0]
[0, 0, 0, 0, 0, 0, 1, 0, 0, 0, 0, 0, 0, 0, -1, 0, 0, 0, 2, -3, 1, -4]
[0, 0, 0, 0, 0, 0, 0, 1, 0, 0, 0, 0, 0, 0, 0, 0, 0, 0, 1, 1, 0, 0]
[0, 0, 0, 0, 0, 0, 0, 0, 1, 0, 0, 0, 1, 0, 0, 0, 0, 0, 4, -5, 0, -6]
[0, 0, 0, 0, 0, 0, 0, 0, 0, 1, 0, 0, 1, 0, -1, 0, 0, 0, 3, -5, -2, -6]
[0, 0, 0, 0, 0, 0, 0, 0, 0, 0, 1, 0, 0, 0, -1, 0, 0, 0, -2, 0, 0, 0]
[0, 0, 0, 0, 0, 0, 0, 0, 0, 0, 0, 1, 0, 0, 0, 0, 0, 0, 1, -1, 0, -2]
[0, 0, 0, 0, 0, 0, 0, 0, 0, 0, 0, 0, 2, 0, 0, 0, 0, 0, 4, -5, -3, -6]
[0, 0, 0, 0, 0, 0, 0, 0, 0, 0, 0, 0, 0, 1, 0, 0, 0, 0, 0, -1, -1, 0]
[0, 0, 0, 0, 0, 0, 0, 0, 0, 0, 0, 0, 0, 0, 0, 1, 0, 0, 1, -1, 0, -1]
[0, 0, 0, 0, 0, 0, 0, 0, 0, 0, 0, 0, 0, 0, 0, 0, 1, 0, -1, 0, 0, 1]
[0, 0, 0, 0, 0, 0, 0, 0, 0, 0, 0, 0, 0, 0, 0, 0, 0, 1, 0, -1, -1, -1]

Class of hyperplane section:
[0, -3, -3, -2, -3, 0, 2, 0, 2, 0, 0, 0, 1, 0, 1, -3, 0, 0, 0, 0, 0, -3]

Action of the group on homology:
[[1, 0, 3, -2, 1, -2, 3, -2, -1, 4, 4, 0, 1, 1, 3, 0, 1, 1, 1, 1, 1, 0], [0, -1, 2, 0, -1, -2, -1, 0, -1, 0, 1, 0, -1, 0, 2, 0, 0, 0, 0, 0, 0, 0], [0, -1, -1, 2, -1, 1, -3, 2, 0, -3, -3, 0, -1, -1, -1, 0, -1, 0, -1, -1, -1, 0], [0, 0, -6, 5, -2, 4, -6, 4, 2, -8, -8, 0, -2, -2, -6, 0, -2, -2, -2, -2, -2, 0], [0, -1, -1, 2, -2, 0, -4, 1, 0, -5, -4, 0, -2, -1, -1, 0, -1, -1, -1, -1, -1, 0], [0, -1, -1, 1, 0, 1, -1, 1, 0, -1, -1, 0, -1, -1, -1, 0, -1, 0, 0, 0, 0, 0], [0, 0, 0, 0, 1, 0, 1, 0, 1, 1, 0, 0, 1, 0, 0, 0, 0, 0, 0, 0, 0, 0], [0, 1, 3, -2, 1, -2, 3, -2, 0, 4, 3, 0, 2, 1, 3, 0, 1, 1, 1, 1, 1, 0], [0, 0, 2, -2, 2, -2, 4, -2, 0, 4, 4, 0, 0, 0, 2, 0, 0, 1, 2, 2, 1, 0], [0, 0, 1, -1, 0, 0, 1, 0, -1, 2, 2, 0, 0, 1, 1, 0, 1, 0, 0, 0, 0, 0], [0, 0, -1, 1, -1, 0, -1, 0, 0, -2, -1, 0, -1, -1, -1, 0, -1, 0, 0, 0, 0, 0], [0, 2, -3, 1, 1, 3, 1, 0, 3, 0, -3, 1, 3, 0, -3, 1, 0, 0, 0, 0, 0, 1], [0, 1, -2, 1, -1, 2, -1, 1, 0, -2, -2, 0, 1, 0, -2, 0, 0, 0, -1, -1, 0, 0], [0, 0, -1, 1, 0, 0, -1, 0, 1, -1, -2, 0, 0, 0, -1, 0, -1, 0, 0, 0, 0, 0], [0, 0, 1, -1, 1, -1, 2, -1, 0, 2, 2, 0, 0, 0, 1, 0, 0, 0, 1, 1, 1, 0], [0, -1, 3, -1, -1, -3, -1, -1, -2, 0, 2, 0, -2, 0, 3, 0, 0, 0, 0, 0, 0, -1], [0, 1, -3, 1, 1, 2, -1, 1, 2, -2, -3, 0, 0, -1, -3, 0, 0, -1, 0, 0, -1, 0], [0, 0, 1, -1, 1, -1, 1, -1, 1, 1, 1, 0, 0, 0, 0, 0, 0, 0, 1, 1, 0, 0], [0, 1, -2, 1, 0, 2, -1, 1, 1, -1, -2, 0, 1, 0, -2, 0, 0, 0, 0, -1, 0, 0], [0, 1, -2, 1, 0, 2, -1, 1, 1, -1, -2, 0, 1, 0, -2, 0, 0, 0, -1, 0, 0, 0], [0, 0, 1, -1, 1, -1, 1, -1, 0, 1, 1, 0, 0, 0, 2, 0, 0, 0, 1, 1, 0, 0], [0, -1, 3, -1, -1, -3, -1, -1, -2, 0, 2, 0, -2, 0, 3, -1, 0, 0, 0, 0, 0, 0]]
[[0, 1, 0, 0, -1, -1, 0, -1, 0, 0, 0, 0, 0, 1, 0, 0, 0, 0, 0, 0, 0, 0], [0, 0, -1, 2, -2, 0, -3, 1, 0, -3, -3, 0, -1, -1, -1, 0, -1, 0, -1, -1, 0, 0], [0, -1, -1, 2, -1, 1, -3, 2, 0, -3, -3, 0, -1, -1, -1, 0, -1, 0, -1, -1, -1, 0], [0, -2, -1, 1, 2, 1, -1, 2, 1, -1, -1, 0, -2, -2, -1, 0, 0, -1, 0, 0, -1, 0], [0, -1, -1, 2, -1, 0, -3, 1, 0, -3, -3, 0, -1, -1, -1, 0, -1, 0, -1, -1, 0, 0], [0, 0, -3, 2, -1, 2, -3, 1, 1, -4, -4, 1, -1, -1, -3, 0, -1, -1, -1, -1, -1, 0], [0, 0, 0, 0, 0, 0, 1, 0, 0, 0, 0, 0, 0, 0, 0, 0, 0, 0, 0, 0, 0, 0], [0, 1, 3, -2, 0, -2, 3, -2, -1, 3, 3, 0, 1, 1, 3, 0, 1, 1, 1, 1, 1, 0], [0, 2, -2, 0, 0, 0, 0, -2, 2, -2, -2, 2, 0, 0, -2, 0, 0, -1, 0, 0, -1, 0], [1, 0, 1, 0, 0, 1, 1, 1, -1, 3, 2, -1, 2, 1, 1, 0, 0, 1, 0, 0, 1, 0], [-1, 0, -1, 0, 0, -1, -1, -1, 1, -2, -1, 1, -2, -1, -1, 0, 0, -1, 0, 0, -1, 0], [0, 0, 3, -2, 1, -1, 3, -1, -1, 4, 4, 0, 1, 1, 3, 0, 1, 1, 1, 1, 1, 0], [-1, -1, 2, -2, 2, -1, 2, 0, 0, 3, 3, -1, 0, 0, 2, 0, 1, 0, 1, 1, 0, 0], [1, 0, 0, 0, 0, 0, 0, -1, 0, -1, -1, 1, 0, 0, 0, 0, 0, 0, 0, 0, 0, 0], [0, 1, -1, 0, 0, 0, 0, -1, 1, -1, -1, 1, 0, 0, -1, 0, 0, -1, 0, 0, 0, 0], [0, 0, 0, 1, -2, -1, -2, 0, -1, -2, -1, 0, -1, 0, 0, 0, -1, 0, -1, 0, 0, 0], [0, -1, 3, -2, 1, -2, 1, 0, -2, 2, 4, -1, -2, 0, 3, -1, 1, 0, 1, 1, 0, -1], [0, 1, -1, 0, 0, 0, 0, -1, 1, -1, -1, 1, 0, 0, -2, 0, 0, 0, 0, 0, 0, 0], [0, 0, 0, -1, 2, 1, 2, 0, 1, 2, 1, 0, 1, 0, 0, 0, 1, 0, 1, 1, 0, 1], [0, 0, 0, -1, 2, 1, 2, 0, 1, 2, 1, 0, 1, 0, 0, 1, 1, 0, 1, 1, 0, 0], [0, 1, -1, 0, 0, 0, 0, -1, 0, -1, -1, 1, 0, 0, 0, 0, 0, 0, 0, 0, 0, 0], [0, 0, 0, 1, -2, -1, -2, 0, -1, -2, -1, 0, -1, 0, 0, 0, -1, 0, 0, -1, 0, 0]]
[[0, 0, 1, -1, 0, -2, 0, -1, 0, 0, 1, 0, 0, 0, 1, 0, 1, 0, 0, 0, 0, 0], [1, 0, 0, 1, 0, 1, 0, 0, 0, 0, -1, 1, 1, 0, 1, 1, -1, 0, 0, 0, 0, 0], [1, 0, -2, 3, 0, 4, -1, 2, 1, -1, -4, 1, 1, -1, -1, 1, -2, 0, -1, 0, 0, 0], [0, 0, -2, 2, 0, 2, -1, 1, 1, -2, -3, 0, -2, -1, -2, 0, -1, -1, 0, 0, -1, 0], [2, 0, -1, 2, 0, 3, 0, 1, 0, 0, -2, 1, 1, 0, 0, 1, -1, 0, 0, 0, 0, 0], [-1, 0, -1, 0, 0, 0, -1, 0, 0, -2, -1, 0, -1, -1, 0, 0, 0, 0, 0, 0, -1, 0], [0, 0, 0, 0, 1, 0, 1, 0, 1, 1, 0, 0, 1, 0, 0, 0, 0, 0, 0, 0, 0, 0], [1, 0, -2, 2, 0, 2, -1, 1, 2, -1, -3, 1, 2, 0, -3, 1, -1, 0, -1, -1, 0, 0], [-2, 0, -1, -1, 0, -3, -1, -1, 1, -3, 0, 0, -2, -1, -1, 0, 1, 0, 0, 0, -2, 0], [0, 0, 2, -1, -1, -1, 0, 0, -2, 1, 2, -1, 0, 1, 2, -1, 0, 0, 0, 0, 1, 0], [-1, 0, 0, -1, 0, -2, 0, -1, 0, -1, 1, 0, -2, -1, 0, 0, 1, 0, 1, 0, -1, 0], [0, 0, 0, 0, 0, 0, 0, 0, 1, 0, 0, 0, 0, 0, -2, 0, 0, 0, 0, 0, 0, 0], [0, 0, 0, 0, 0, 1, 1, 0, 0, 1, 0, 0, 0, 0, -1, 0, 0, 0, 0, 0, 1, 0], [0, 0, 0, 0, 0, -1, -1, 0, 0, -1, 0, 0, -1, 0, 0, 0, 0, 0, 0, 0, -1, -1], [-1, 0, 0, -1, 0, -2, 0, -1, 0, -1, 1, 0, -1, 0, 0, 0, 1, 0, 0, 0, -1, 0], [1, 0, 2, 0, -1, -1, 0, 0, -2, 2, 2, 0, 1, 1, 3, 0, 0, 1, 0, 0, 1, 0], [0, 0, -3, 2, 0, 2, -2, 1, 2, -3, -4, 0, -1, -1, -4, 0, -1, -1, -1, 0, -1, 0], [0, 1, -3, 1, 1, 2, 0, 0, 3, -1, -3, 1, 2, 0, -3, 1, 0, 0, 0, 0, -1, 1], [0, 0, -2, 2, -1, 2, -2, 1, 1, -2, -3, 0, 0, 0, -3, 0, -1, 0, -1, -1, 0, 0], [0, 0, -1, 0, 1, 1, 0, 0, 1, 0, -1, 0, 0, 0, -2, 0, 0, 0, 0, 0, 0, 0], [0, -1, 0, 0, 0, -1, -1, 0, 0, -1, 0, 0, -1, 0, 0, 0, 0, 0, 0, 0, -1, 0], [1, 0, 1, 0, 0, 0, 0, 0, -1, 1, 1, 1, 0, 0, 2, 0, 0, 0, 0, 0, 0, 0]]

####################
# ALGEBRAIC CURVES #
####################


There are 256 conics:
[1, -1, -2, -3, -2, -1, 2, 2, 0, 0, -1, 1, 0, 0, 0, -1, 0, 0, 0, 0, 0, -1]
[-1, -2, -1, 1, -1, 1, 0, -2, 2, 0, 1, -1, 1, 0, 1, -2, 0, 0, 0, 0, 0, -2]
[0, -1, -1, -1, -2, 0, 2, 0, 0, 0, -1, 0, 0, 0, 0, -1, 0, 0, 1, 0, 0, -2]
[0, -2, -2, -1, -1, 0, 0, 0, 2, 0, 1, 0, 1, 0, 1, -2, 0, 0, -1, 0, 0, -1]
[0, -1, -1, -1, -2, 0, 2, 0, 0, 0, -1, 0, 0, 0, 0, -2, 0, 0, 0, 1, 0, -1]
[0, -2, -2, -1, -1, 0, 0, 0, 2, 0, 1, 0, 1, 0, 1, -1, 0, 0, 0, -1, 0, -2]
[1, -1, -1, -2, -2, 0, 2, 1, 1, -1, 0, 0, 0, 0, 0, -1, 0, 0, 0, 0, 1, -1]
[-1, -2, -2, 0, -1, 0, 0, -1, 1, 1, 0, 0, 1, 0, 1, -2, 0, 0, 0, 0, -1, -2]
[0, 0, -1, -1, -1, 0, 2, 1, 0, -1, 0, 0, 0, 1, 0, -1, 0, 0, 0, 0, 0, -1]
[0, -3, -2, -1, -2, 0, 0, -1, 2, 1, 0, 0, 1, -1, 1, -2, 0, 0, 0, 0, 0, -2]
[0, -1, -1, -1, -2, 0, 2, 0, 0, 0, -1, 0, 0, 0, 0, -1, 1, 0, 0, 0, 0, -1]
[0, -2, -2, -1, -1, 0, 0, 0, 2, 0, 1, 0, 1, 0, 1, -2, -1, 0, 0, 0, 0, -2]
[0, -1, -1, -2, -2, 0, 2, 1, 1, 0, -1, 0, -1, 1, 0, -1, 0, 0, 0, 0, 1, -1]
[0, -2, -2, 0, -1, 0, 0, -1, 1, 0, 1, 0, 2, -1, 1, -2, 0, 0, 0, 0, -1, -2]
[0, -1, -1, -1, 0, 1, 0, -1, 2, 0, 1, -1, 0, 0, 1, -1, -1, 0, -1, -1, 0, -1]
[0, -2, -2, -1, -3, -1, 2, 1, 0, 0, -1, 1, 1, 0, 0, -2, 1, 0, 1, 1, 0, -2]
[1, 0, -1, -3, -1, 1, 2, 1, 2, -1, 0, -1, -2, 1, 1, 0, -1, 1, -1, -1, 1, 0]
[-1, -3, -2, 1, -2, -1, 0, -1, 0, 1, 0, 1, 3, -1, 0, -3, 1, -1, 1, 1, -1, -3]
[1, -1, -2, -2, -2, 0, 2, 1, 1, -1, 0, 0, 0, 0, 1, -1, 0, 1, 0, 0, 0, -1]
[-1, -2, -1, 0, -1, 0, 0, -1, 1, 1, 0, 0, 1, 0, 0, -2, 0, -1, 0, 0, 0, -2]
[1, -1, -2, -3, -2, 0, 2, 2, 2, -1, 0, 0, -1, 1, 1, -1, -1, 1, 0, 0, 1, -1]
[-1, -2, -1, 1, -1, 0, 0, -2, 0, 1, 0, 0, 2, -1, 0, -2, 1, -1, 0, 0, -1, -2]
[1, -2, -2, -3, -3, 0, 2, 1, 2, 0, -1, 0, -1, 0, 1, -1, 0, 1, 0, 0, 1, -1]
[-1, -1, -1, 1, 0, 0, 0, -1, 0, 0, 1, 0, 2, 0, 0, -2, 0, -1, 0, 0, -1, -2]
[0, -1, -2, -2, -2, 0, 2, 1, 1, 0, -1, 0, -1, 1, 1, -1, 0, 1, 0, 0, 0, -1]
[0, -2, -1, 0, -1, 0, 0, -1, 1, 0, 1, 0, 2, -1, 0, -2, 0, -1, 0, 0, 0, -2]
[1, -1, -2, -3, -2, 0, 2, 2, 2, -1, 0, 0, -1, 1, 1, 0, 0, 1, 0, -1, 1, -1]
[-1, -2, -1, 1, -1, 0, 0, -2, 0, 1, 0, 0, 2, -1, 0, -3, 0, -1, 0, 1, -1, -2]
[1, -1, -2, -3, -2, 0, 2, 2, 2, -1, 0, 0, -1, 1, 1, -1, 0, 1, -1, 0, 1, 0]
[-1, -2, -1, 1, -1, 0, 0, -2, 0, 1, 0, 0, 2, -1, 0, -2, 0, -1, 1, 0, -1, -3]
[0, -1, -1, -1, -2, 1, 2, 0, 2, -1, 0, -1, -1, 1, 1, -1, 0, 1, 0, 0, 1, -1]
[0, -2, -2, -1, -1, -1, 0, 0, 0, 1, 0, 1, 2, -1, 0, -2, 0, -1, 0, 0, -1, -2]
[0, -1, -1, -2, -1, -1, 1, 1, 0, 0, -1, 0, 1, -1, 0, -1, 0, 0, 0, 0, 0, -1]
[0, -2, -2, 0, -2, 1, 1, -1, 2, 0, 1, 0, 0, 1, 1, -2, 0, 0, 0, 0, 0, -2]
[1, -2, -2, -2, -3, 1, 1, 0, 3, 0, 1, 0, 0, 0, 1, -2, 0, 0, -1, 0, 0, -2]
[-1, -1, -1, 0, 0, -1, 1, 0, -1, 0, -1, 0, 1, 0, 0, -1, 0, 0, 1, 0, 0, -1]
[0, 0, 0, -1, 0, 0, 1, 0, 0, 0, -1, -1, 0, 0, 0, -1, 0, 0, 0, -1, 0, 0]
[0, -3, -3, -1, -3, 0, 1, 0, 2, 0, 1, 1, 1, 0, 1, -2, 0, 0, 0, 1, 0, -3]
[0, -1, -1, -1, 0, -1, 1, 1, 0, -1, 0, 0, 1, 0, 0, -1, 0, 0, 0, 0, 1, 0]
[0, -2, -2, -1, -3, 1, 1, -1, 2, 1, 0, 0, 0, 0, 1, -2, 0, 0, 0, 0, -1, -3]
[1, -3, -3, -2, -3, 0, 1, 0, 2, 1, 0, 1, 0, 0, 1, -2, 0, 0, 0, 0, 0, -2]
[-1, 0, 0, 0, 0, 0, 1, 0, 0, -1, 0, -1, 1, 0, 0, -1, 0, 0, 0, 0, 0, -1]
[1, -2, -3, -3, -3, 1, 1, 0, 4, 0, 1, 0, -1, 1, 2, -1, -1, 0, -1, -1, 1, -2]
[-1, -1, 0, 1, 0, -1, 1, 0, -2, 0, -1, 0, 2, -1, -1, -2, 1, 0, 1, 1, -1, -1]
[0, -1, -1, -1, -1, -1, 1, 1, 0, 0, -1, 0, 1, 0, 0, -2, 0, 0, 1, 0, 0, -1]
[0, -2, -2, -1, -2, 1, 1, -1, 2, 0, 1, 0, 0, 0, 1, -1, 0, 0, -1, 0, 0, -2]
[1, -2, -3, -2, -3, 1, 1, -1, 3, 0, 1, 0, 0, 0, 2, -2, -1, 0, -1, 0, 0, -2]
[-1, -1, 0, 0, 0, -1, 1, 1, -1, 0, -1, 0, 1, 0, -1, -1, 1, 0, 1, 0, 0, -1]
[0, -1, -1, -1, -1, 0, 1, 0, 1, -1, 0, 0, 1, 0, 1, -2, 0, 0, 0, 0, 0, -1]
[0, -2, -2, -1, -2, 0, 1, 0, 1, 1, 0, 0, 0, 0, 0, -1, 0, 0, 0, 0, 0, -2]
[1, -2, -3, -2, -3, 0, 1, 0, 2, 1, 0, 0, 0, 0, 1, -2, -1, 0, 0, 0, 0, -2]
[-1, -1, 0, 0, 0, 0, 1, 0, 0, -1, 0, 0, 1, 0, 0, -1, 1, 0, 0, 0, 0, -1]
[0, -1, -1, -2, -1, 0, 1, 1, 2, -1, 0, 0, 0, 1, 1, -1, 0, 0, 0, -1, 1, -1]
[0, -2, -2, 0, -2, 0, 1, -1, 0, 1, 0, 0, 1, -1, 0, -2, 0, 0, 0, 1, -1, -2]
[0, -1, -2, -1, -2, 1, 1, -1, 2, 0, 1, -1, 0, 0, 1, -1, -1, 0, -1, 0, 0, -2]
[0, -2, -1, -1, -1, -1, 1, 1, 0, 0, -1, 1, 1, 0, 0, -2, 1, 0, 1, 0, 0, -1]
[1, -2, -3, -2, -2, 0, 1, 0, 2, 0, 1, 0, 0, 0, 1, -1, -1, 0, -1, 0, 1, -1]
[-1, -1, 0, 0, -1, 0, 1, 0, 0, 0, -1, 0, 1, 0, 0, -2, 1, 0, 1, 0, -1, -2]
[1, -1, -2, -2, -2, 1, 1, -1, 2, 1, 0, -1, -1, 0, 1, -1, -1, 0, -1, -1, 0, -1]
[-1, -2, -1, 0, -1, -1, 1, 1, 0, -1, 0, 1, 2, 0, 0, -2, 1, 0, 1, 1, 0, -2]
[0, -1, 0, -1, -1, 0, 1, 1, 1, -1, 0, 0, 1, 0, 0, -2, 1, 0, 0, 0, 0, -1]
[0, -2, -3, -1, -2, 0, 1, -1, 1, 1, 0, 0, 0, 0, 1, -1, -1, 0, 0, 0, 0, -2]
[1, -2, -3, -3, -3, 0, 1, 0, 2, 1, 0, 0, 0, -1, 1, -1, -1, 0, -1, 0, 0, -2]
[-1, -1, 0, 1, 0, 0, 1, 0, 0, -1, 0, 0, 1, 1, 0, -2, 1, 0, 1, 0, 0, -1]
[0, -1, -1, -1, -1, -1, 1, 0, -1, 1, -1, 0, 1, -1, -1, -1, 0, -1, 0, 0, 0, -1]
[0, -2, -2, -1, -2, 1, 1, 0, 3, -1, 1, 0, 0, 1, 2, -2, 0, 1, 0, 0, 0, -2]
[1, -2, -2, -3, -2, 1, 1, 1, 4, -1, 1, 0, -1, 1, 2, -1, 0, 1, -1, -1, 1, -1]
[-1, -1, -1, 1, -1, -1, 1, -1, -2, 1, -1, 0, 2, -1, -1, -2, 0, -1, 1, 1, -1, -2]
[0, -1, -1, -1, -2, 0, 1, -1, 0, 1, -1, 0, 1, -1, 0, -2, 0, -1, 0, 0, -1, -2]
[0, -2, -2, -1, -1, 0, 1, 1, 2, -1, 1, 0, 0, 1, 1, -1, 0, 1, 0, 0, 1, -1]
[0, -1, -1, -1, -1, 1, 1, 0, 2, 0, 0, -1, -1, 1, 1, -1, 0, 1, 0, -1, 0, -1]
[0, -2, -2, -1, -2, -1, 1, 0, 0, 0, 0, 1, 2, -1, 0, -2, 0, -1, 0, 1, 0, -2]
[0, -1, -2, -2, -1, 0, 1, 1, 2, 0, 0, 0, -1, 1, 1, -1, 0, 1, -1, -1, 1, -1]
[0, -2, -1, 0, -2, 0, 1, -1, 0, 0, 0, 0, 2, -1, 0, -2, 0, -1, 1, 1, -1, -2]
[1, -2, -2, -2, -2, 0, 1, 1, 2, 0, 0, 0, 0, 0, 1, -2, 0, 1, 0, 0, 0, -1]
[-1, -1, -1, 0, -1, 0, 1, -1, 0, 0, 0, 0, 1, 0, 0, -1, 0, -1, 0, 0, 0, -2]
[0, -1, -1, -1, -1, 0, 1, 0, 0, 0, 0, 0, 1, 0, 0, -1, 0, -1, 0, 0, -1, -1]
[0, -2, -2, -1, -2, 0, 1, 0, 2, 0, 0, 0, 0, 0, 1, -2, 0, 1, 0, 0, 1, -2]
[1, -1, -2, -3, -2, 1, 1, 1, 4, -1, 1, -1, -1, 1, 2, -1, -1, 1, -1, -1, 1, -1]
[-1, -2, -1, 1, -1, -1, 1, -1, -2, 1, -1, 1, 2, -1, -1, -2, 1, -1, 1, 1, -1, -2]
[0, -1, -1, -1, -1, 1, 1, 0, 2, -1, 1, -1, 0, 0, 1, -1, 0, 1, -1, 0, 0, -1]
[0, -2, -2, -1, -2, -1, 1, 0, 0, 1, -1, 1, 1, 0, 0, -2, 0, -1, 1, 0, 0, -2]
[1, -1, -2, -2, -1, 0, 1, 1, 2, -1, 1, 0, 0, 0, 1, -1, 0, 1, -1, -1, 1, -1]
[-1, -2, -1, 0, -2, 0, 1, -1, 0, 1, -1, 0, 1, 0, 0, -2, 0, -1, 1, 1, -1, -2]
[0, -1, -2, -1, -1, 0, 1, 0, 1, 0, 0, 0, 0, 0, 1, -2, 0, 1, -1, 0, 0, -1]
[0, -2, -1, -1, -2, 0, 1, 0, 1, 0, 0, 0, 1, 0, 0, -1, 0, -1, 1, 0, 0, -2]
[0, -1, -1, -1, -1, 1, 1, -1, 2, 0, 0, -1, -1, 0, 1, -1, 0, 1, -1, -1, 1, -1]
[0, -2, -2, -1, -2, -1, 1, 1, 0, 0, 0, 1, 2, 0, 0, -2, 0, -1, 1, 1, -1, -2]
[0, 0, -1, -1, 0, 1, 1, 0, 2, -1, 1, -1, -1, 1, 1, -1, -1, 1, -1, -1, 1, -1]
[0, -3, -2, -1, -3, -1, 1, 0, 0, 1, -1, 1, 2, -1, 0, -2, 1, -1, 1, 1, -1, -2]
[1, -1, -2, -2, -1, 1, 1, 0, 3, -1, 1, -1, -1, 1, 2, -1, -1, 1, -1, -1, 1, 0]
[-1, -2, -1, 0, -2, -1, 1, 0, -1, 1, -1, 1, 2, -1, -1, -2, 1, -1, 1, 1, -1, -3]
[0, -1, -1, 0, -1, 0, 1, -1, 0, 0, 0, 0, 1, 0, 0, -2, 0, -1, 0, 0, 0, -1]
[0, -2, -2, -2, -2, 0, 1, 1, 2, 0, 0, 0, 0, 0, 1, -1, 0, 1, 0, 0, 0, -2]
[1, -2, -3, -3, -2, 0, 1, 1, 3, 0, 0, 0, -1, 1, 2, -1, -1, 1, 0, -1, 1, -1]
[-1, -1, 0, 1, -1, 0, 1, -1, -1, 0, 0, 0, 2, -1, -1, -2, 1, -1, 0, 1, -1, -2]
[0, -1, -2, -1, -1, 0, 1, 0, 1, 0, 0, 0, 0, 0, 1, -1, 0, 1, 0, -1, 0, -2]
[0, -2, -1, -1, -2, 0, 1, 0, 1, 0, 0, 0, 1, 0, 0, -2, 0, -1, 0, 1, 0, -1]
[0, -1, -1, -1, -2, 0, 1, 0, 1, 0, 0, 0, 1, 0, 0, -2, 0, -1, 0, 0, 0, -2]
[0, -2, -2, -1, -1, 0, 1, 0, 1, 0, 0, 0, 0, 0, 1, -1, 0, 1, 0, 0, 0, -1]
[0, -1, -2, -2, -1, 1, 1, 0, 3, -1, 1, -1, -1, 1, 2, 0, -1, 1, -1, -1, 1, -1]
[0, -2, -1, 0, -2, -1, 1, 0, -1, 1, -1, 1, 2, -1, -1, -3, 1, -1, 1, 1, -1, -2]
[1, -2, -3, -3, -2, 0, 1, 1, 3, -1, 1, 0, 0, 0, 2, -1, -1, 1, -1, 0, 1, -1]
[-1, -1, 0, 1, -1, 0, 1, -1, -1, 1, -1, 0, 1, 0, -1, -2, 1, -1, 1, 0, -1, -2]
[1, -1, -2, -3, -1, 0, 1, 1, 2, 0, 0, 0, -1, 0, 1, -1, -1, 1, -1, -1, 1, -1]
[-1, -2, -1, 1, -2, 0, 1, -1, 0, 0, 0, 0, 2, 0, 0, -2, 1, -1, 1, 1, -1, -2]
[1, -1, -2, -3, -2, 1, 1, 0, 3, 0, 0, -1, -1, 0, 2, -1, -1, 1, -1, -1, 0, -1]
[-1, -2, -1, 1, -1, -1, 1, 0, -1, 0, 0, 1, 2, 0, -1, -2, 1, -1, 1, 1, 0, -2]
[0, -1, -2, -1, -1, 0, 1, 0, 1, 0, 0, -1, 0, 0, 1, -1, -1, 1, 0, 0, 0, -1]
[0, -2, -1, -1, -2, 0, 1, 0, 1, 0, 0, 1, 1, 0, 0, -2, 1, -1, 0, 0, 0, -2]
[1, -1, -2, -3, -1, 0, 1, 1, 2, 0, 0, -1, -1, 0, 1, 0, -1, 1, -1, -1, 1, 0]
[-1, -2, -1, 1, -2, 0, 1, -1, 0, 0, 0, 1, 2, 0, 0, -3, 1, -1, 1, 1, -1, -3]
[0, -1, -1, -1, -1, 0, 1, -1, 0, 1, -1, -1, 0, -1, 0, -1, -1, 0, 0, 0, 0, -1]
[0, -2, -2, -1, -2, 0, 1, 1, 2, -1, 1, 1, 1, 1, 1, -2, 1, 0, 0, 0, 0, -2]
[0, -1, -1, -1, -1, 0, 1, -1, 0, 0, 0, -1, 1, -1, 0, -1, -1, 0, -1, 0, -1, -1]
[0, -2, -2, -1, -2, 0, 1, 1, 2, 0, 0, 1, 0, 1, 1, -2, 1, 0, 1, 0, 1, -2]
[1, -1, -2, -2, -1, -1, 1, 1, 0, 0, 0, 0, 1, -1, 0, -1, -1, 0, 0, 0, 0, -1]
[-1, -2, -1, 0, -2, 1, 1, -1, 2, 0, 0, 0, 0, 1, 1, -2, 1, 0, 0, 0, 0, -2]
[0, -1, -1, -1, 0, 0, 1, -1, 0, 0, 0, -1, 0, 0, 0, 0, -1, 0, -1, -1, 0, 0]
[0, -2, -2, -1, -3, 0, 1, 1, 2, 0, 0, 1, 1, 0, 1, -3, 1, 0, 1, 1, 0, -3]
[0, 0, -1, -1, 0, 0, 1, 0, 0, 0, 0, -1, 0, 0, 0, 0, -1, 0, 0, -1, 0, -1]
[0, -3, -2, -1, -3, 0, 1, 0, 2, 0, 0, 1, 1, 0, 1, -3, 1, 0, 0, 1, 0, -2]
[0, -1, -2, -1, -1, -1, 1, 0, -1, 1, -1, 0, 1, -1, 0, -1, 0, 0, 0, 0, -1, -1]
[0, -2, -1, -1, -2, 1, 1, 0, 3, -1, 1, 0, 0, 1, 1, -2, 0, 0, 0, 0, 1, -2]
[0, -1, -1, -1, -1, 0, 1, -1, 0, 1, -1, -1, 0, 0, 0, -1, -1, 0, 0, -1, -1, -1]
[0, -2, -2, -1, -2, 0, 1, 1, 2, -1, 1, 1, 1, 0, 1, -2, 1, 0, 0, 1, 1, -2]
[0, -1, -2, -2, -1, -1, 1, 1, 0, 1, -1, 0, 0, 0, 0, -1, -1, 0, 0, 0, 0, -1]
[0, -2, -1, 0, -2, 1, 1, -1, 2, -1, 1, 0, 1, 0, 1, -2, 1, 0, 0, 0, 0, -2]
[0, -1, -1, -2, -1, 0, 1, 0, 1, 0, 0, -1, 0, 0, 0, 0, -1, 0, -1, -1, 0, -1]
[0, -2, -2, 0, -2, 0, 1, 0, 1, 0, 0, 1, 1, 0, 1, -3, 1, 0, 1, 1, 0, -2]
[0, -1, -1, -1, -2, 1, 1, 0, 2, 0, 0, 0, 0, 0, 1, -2, 1, 0, 0, 0, 0, -2]
[0, -2, -2, -1, -1, -1, 1, 0, 0, 0, 0, 0, 1, 0, 0, -1, -1, 0, 0, 0, 0, -1]
[0, -1, -2, -1, -2, 1, 1, 0, 3, -1, 1, 0, 0, 1, 2, -2, 0, 0, 0, 0, 1, -2]
[0, -2, -1, -1, -1, -1, 1, 0, -1, 1, -1, 0, 1, -1, -1, -1, 0, 0, 0, 0, -1, -1]
[0, -1, -1, -1, -1, 1, 1, 0, 2, -1, 1, 0, 0, 1, 1, -2, 0, 0, -1, 0, 0, -1]
[0, -2, -2, -1, -2, -1, 1, 0, 0, 1, -1, 0, 1, -1, 0, -1, 0, 0, 1, 0, 0, -2]
[0, 0, -1, -1, 0, 0, 1, 0, 0, 0, 0, -1, 0, 0, 0, -1, -1, 0, -1, 0, 0, 0]
[0, -3, -2, -1, -3, 0, 1, 0, 2, 0, 0, 1, 1, 0, 1, -2, 1, 0, 1, 0, 0, -3]
[0, -1, -1, 0, -1, 0, 1, -1, 0, 0, 0, -1, 1, -1, 0, -1, 0, 0, 0, 0, 0, -1]
[0, -2, -2, -2, -2, 0, 1, 1, 2, 0, 0, 1, 0, 1, 1, -2, 0, 0, 0, 0, 0, -2]
[1, -1, -1, -2, -1, 0, 1, 0, 1, 0, 0, -1, 0, 0, 0, -1, -1, 0, -1, -1, 0, 0]
[-1, -2, -2, 0, -2, 0, 1, 0, 1, 0, 0, 1, 1, 0, 1, -2, 1, 0, 1, 1, 0, -3]
[0, -1, -1, -1, -1, 0, 1, 0, 1, 0, 0, -1, 0, 0, 0, -1, -1, 0, 0, 0, 1, -1]
[0, -2, -2, -1, -2, 0, 1, 0, 1, 0, 0, 1, 1, 0, 1, -2, 1, 0, 0, 0, -1, -2]
[0, -1, -1, -1, -1, 1, 1, 0, 2, -1, 1, 0, 0, 1, 1, -1, 0, 0, 0, -1, 0, -2]
[0, -2, -2, -1, -2, -1, 1, 0, 0, 1, -1, 0, 1, -1, 0, -2, 0, 0, 0, 1, 0, -1]
[1, -2, -2, -2, -2, 0, 1, 1, 2, -1, 1, 1, 1, 0, 1, -2, 0, 0, 0, 0, 0, -2]
[-1, -1, -1, 0, -1, 0, 1, -1, 0, 1, -1, -1, 0, 0, 0, -1, 0, 0, 0, 0, 0, -1]
[0, -1, -2, -1, -1, -1, 1, 1, 0, 0, 0, 0, 1, 0, 0, -1, 0, 0, 0, 0, 0, -1]
[0, -2, -1, -1, -2, 1, 1, -1, 2, 0, 0, 0, 0, 0, 1, -2, 0, 0, 0, 0, 0, -2]
[1, -2, -3, -3, -3, 0, 1, 1, 3, 0, 0, 1, 0, 0, 2, -2, 0, 0, 0, 0, 1, -2]
[-1, -1, 0, 1, 0, 0, 1, -1, -1, 0, 0, -1, 1, 0, -1, -1, 0, 0, 0, 0, -1, -1]
[0, -1, -2, -2, -1, 0, 1, 0, 1, 0, 0, 0, 0, 0, 1, -1, -1, 0, -1, 0, 0, -1]
[0, -2, -1, 0, -2, 0, 1, 0, 1, 0, 0, 0, 1, 0, 0, -2, 1, 0, 1, 0, 0, -2]
[1, -1, -2, -2, -1, 0, 1, 0, 1, 0, 0, 0, 0, 0, 1, -1, -1, 0, 0, -1, 0, -1]
[-1, -2, -1, 0, -2, 0, 1, 0, 1, 0, 0, 0, 1, 0, 0, -2, 1, 0, 0, 1, 0, -2]
[1, -1, -2, -3, -1, 0, 1, 1, 2, -1, 1, 0, 0, 0, 1, 0, -1, 0, -1, -1, 1, -1]
[-1, -2, -1, 1, -2, 0, 1, -1, 0, 1, -1, 0, 1, 0, 0, -3, 1, 0, 1, 1, -1, -2]
[0, -1, -2, -1, -1, 0, 1, 0, 1, -1, 1, 0, 1, 0, 1, -1, -1, 0, 0, 0, 0, -2]
[0, -2, -1, -1, -2, 0, 1, 0, 1, 1, -1, 0, 0, 0, 0, -2, 1, 0, 0, 0, 0, -1]
[0, -1, -1, -1, -1, 0, 1, 1, 1, 0, 0, 0, 0, 1, 0, -2, 0, 0, 0, 0, 0, -1]
[0, -2, -2, -1, -2, 0, 1, -1, 1, 0, 0, 0, 1, -1, 1, -1, 0, 0, 0, 0, 0, -2]
[0, -1, -1, -1, -1, 0, 1, 0, 0, 0, 0, 0, 1, -1, 0, -1, 0, 0, 0, 0, -1, -2]
[0, -2, -2, -1, -2, 0, 1, 0, 2, 0, 0, 0, 0, 1, 1, -2, 0, 0, 0, 0, 1, -1]
[1, -2, -2, -3, -2, 0, 1, 0, 2, 0, 0, 0, 0, 0, 1, -1, -1, 0, -1, -1, 0, -1]
[-1, -1, -1, 1, -1, 0, 1, 0, 0, 0, 0, 0, 1, 0, 0, -2, 1, 0, 1, 1, 0, -2]
[0, -1, -1, 0, -1, 0, 1, 0, 0, 0, 0, 0, 1, 0, 0, -2, 1, 0, 0, 0, -1, -1]
[0, -2, -2, -2, -2, 0, 1, 0, 2, 0, 0, 0, 0, 0, 1, -1, -1, 0, 0, 0, 1, -2]
[1, -2, -2, -3, -2, 0, 1, 1, 2, 0, 0, 0, 0, 0, 1, -1, -1, 0, 0, 0, 0, -1]
[-1, -1, -1, 1, -1, 0, 1, -1, 0, 0, 0, 0, 1, 0, 0, -2, 1, 0, 0, 0, 0, -2]
[1, -1, -2, -3, -2, 0, 1, 1, 2, 0, 0, 0, 0, 0, 1, -1, -1, 0, 0, -1, 0, -2]
[-1, -2, -1, 1, -1, 0, 1, -1, 0, 0, 0, 0, 1, 0, 0, -2, 1, 0, 0, 1, 0, -1]
[0, -1, 0, 0, -1, 1, 1, -1, 1, 0, 0, -1, 0, 0, 0, -2, 0, 0, 0, 0, 0, -1]
[0, -2, -3, -2, -2, -1, 1, 1, 1, 0, 0, 1, 1, 0, 1, -1, 0, 0, 0, 0, 0, -2]
[1, -1, -2, -2, -2, 0, 1, 1, 2, 0, 0, 0, 0, 0, 1, -2, 0, 0, 0, 0, 1, -1]
[-1, -2, -1, 0, -1, 0, 1, -1, 0, 0, 0, 0, 1, 0, 0, -1, 0, 0, 0, 0, -1, -2]
[0, -1, -1, -1, -1, 0, 1, 0, 1, 0, 0, 0, 0, 0, 0, -2, 0, 0, -1, 0, 1, -1]
[0, -2, -2, -1, -2, 0, 1, 0, 1, 0, 0, 0, 1, 0, 1, -1, 0, 0, 1, 0, -1, -2]
[0, -1, -1, -1, -2, 1, 1, -1, 2, 0, 0, -1, 0, 0, 1, -2, 0, 0, -1, 0, 0, -1]
[0, -2, -2, -1, -1, -1, 1, 1, 0, 0, 0, 1, 1, 0, 0, -1, 0, 0, 1, 0, 0, -2]
[0, -1, -1, -1, -1, 1, 1, -1, 2, -1, 1, -1, 0, 0, 1, -1, -1, 0, -1, 0, 1, -1]
[0, -2, -2, -1, -2, -1, 1, 1, 0, 1, -1, 1, 1, 0, 0, -2, 1, 0, 1, 0, -1, -2]
[1, 0, -1, -2, -1, 1, 1, 0, 2, -1, 1, -1, 0, 0, 1, -1, -1, 0, -1, -1, 0, -1]
[-1, -3, -2, 0, -2, -1, 1, 0, 0, 1, -1, 1, 1, 0, 0, -2, 1, 0, 1, 1, 0, -2]
[0, -1, -1, 0, -1, 0, 1, -1, 0, 0, 0, 0, 1, -1, 0, -2, 0, 0, 0, 0, 0, -2]
[0, -2, -2, -2, -2, 0, 1, 1, 2, 0, 0, 0, 0, 1, 1, -1, 0, 0, 0, 0, 0, -1]
[0, -1, -2, -1, -2, 0, 1, 0, 1, 0, 0, 0, 1, -1, 1, -2, 0, 0, 0, 1, 0, -2]
[0, -2, -1, -1, -1, 0, 1, 0, 1, 0, 0, 0, 0, 1, 0, -1, 0, 0, 0, -1, 0, -1]
[0, -1, -2, -1, -1, 0, 1, 0, 1, 0, 0, 0, 0, 0, 1, -1, 0, 0, 0, 0, 1, -1]
[0, -2, -1, -1, -2, 0, 1, 0, 1, 0, 0, 0, 1, 0, 0, -2, 0, 0, 0, 0, -1, -2]
[0, 0, -1, -1, 0, 0, 1, 0, 0, 0, 0, 0, 0, 0, 0, -1, 0, 0, -1, -1, 0, -1]
[0, -3, -2, -1, -3, 0, 1, 0, 2, 0, 0, 0, 1, 0, 1, -2, 0, 0, 1, 1, 0, -2]
[0, -1, -2, -1, -1, 0, 1, 0, 1, -1, 1, 0, 1, 0, 1, -1, 0, 0, -1, 0, 0, -1]
[0, -2, -1, -1, -2, 0, 1, 0, 1, 1, -1, 0, 0, 0, 0, -2, 0, 0, 1, 0, 0, -2]
[0, -1, -1, 0, 0, 0, 1, 0, 0, -1, 1, 0, 1, 0, 0, -1, 0, 0, 0, 0, 0, -1]
[0, -2, -2, -2, -3, 0, 1, 0, 2, 1, -1, 0, 0, 0, 1, -2, 0, 0, 0, 0, 0, -2]
[1, -1, -1, -3, -2, 1, 1, 0, 3, 0, 0, -1, -1, 0, 1, -1, -1, 0, -1, -1, 1, -1]
[-1, -2, -2, 1, -1, -1, 1, 0, -1, 0, 0, 1, 2, 0, 0, -2, 1, 0, 1, 1, -1, -2]
[1, -2, -2, -2, -2, 0, 1, 0, 2, 0, 0, 0, 0, 0, 1, -2, -1, 0, 0, 0, 1, -1]
[-1, -1, -1, 0, -1, 0, 1, 0, 0, 0, 0, 0, 1, 0, 0, -1, 1, 0, 0, 0, -1, -2]
[1, -1, -2, -3, -2, 0, 1, 1, 2, 0, 0, 0, 0, 0, 1, -2, -1, 0, -1, 0, 0, -1]
[-1, -2, -1, 1, -1, 0, 1, -1, 0, 0, 0, 0, 1, 0, 0, -1, 1, 0, 1, 0, 0, -2]
[0, -1, -1, -1, -2, 1, 1, -1, 2, 0, 0, -1, 0, 0, 1, -2, -1, 0, 0, 0, 0, -2]
[0, -2, -2, -1, -1, -1, 1, 1, 0, 0, 0, 1, 1, 0, 0, -1, 1, 0, 0, 0, 0, -1]
[1, -2, -2, -2, -3, 0, 1, 0, 2, 0, 0, 0, 1, -1, 1, -2, 0, 0, 0, 0, 0, -2]
[-1, -1, -1, 0, 0, 0, 1, 0, 0, 0, 0, 0, 0, 1, 0, -1, 0, 0, 0, 0, 0, -1]
[0, -1, -2, -1, -1, 0, 1, 0, 1, 0, 0, 0, 0, 1, 1, -1, 0, 0, 0, -1, 0, -1]
[0, -2, -1, -1, -2, 0, 1, 0, 1, 0, 0, 0, 1, -1, 0, -2, 0, 0, 0, 1, 0, -2]
[1, -1, -2, -3, -1, 0, 1, 1, 2, 0, 0, 0, -1, 1, 1, -1, -1, 0, -1, -1, 1, 0]
[-1, -2, -1, 1, -2, 0, 1, -1, 0, 0, 0, 0, 2, -1, 0, -2, 1, 0, 1, 1, -1, -3]
[0, -1, -1, -1, -1, 1, 1, -1, 2, 0, 0, -1, -1, 1, 1, -1, -1, 0, 0, -1, 1, -1]
[0, -2, -2, -1, -2, -1, 1, 1, 0, 0, 0, 1, 2, -1, 0, -2, 1, 0, 0, 1, -1, -2]
[0, 0, -1, -2, -1, 1, 1, 0, 2, 0, 0, -1, -1, 1, 1, -1, -1, 0, -1, -1, 0, -1]
[0, -3, -2, 0, -2, -1, 1, 0, 0, 0, 0, 1, 2, -1, 0, -2, 1, 0, 1, 1, 0, -2]
[0, -1, -2, -1, -1, 0, 1, 0, 1, 0, 0, 0, 0, 1, 1, -2, -1, 0, 0, 0, 0, -1]
[0, -2, -1, -1, -2, 0, 1, 0, 1, 0, 0, 0, 1, -1, 0, -1, 1, 0, 0, 0, 0, -2]
[0, -1, -1, -1, -1, 1, 1, -1, 2, -1, 1, -1, 0, 1, 1, -1, -1, 0, -1, -1, 0, -1]
[0, -2, -2, -1, -2, -1, 1, 1, 0, 1, -1, 1, 1, -1, 0, -2, 1, 0, 1, 1, 0, -2]
[0, -1, -2, -2, -1, 0, 1, 1, 2, -1, 1, 0, 0, 1, 1, -1, -1, 0, -1, 0, 1, -1]
[0, -2, -1, 0, -2, 0, 1, -1, 0, 1, -1, 0, 1, -1, 0, -2, 1, 0, 1, 0, -1, -2]
[1, -1, -2, -2, -1, 0, 1, 1, 2, -1, 1, 0, 0, 1, 1, -1, -1, 0, 0, -1, 1, -1]
[-1, -2, -1, 0, -2, 0, 1, -1, 0, 1, -1, 0, 1, -1, 0, -2, 1, 0, 0, 1, -1, -2]
[0, -1, -1, -1, -1, 1, 1, 0, 2, -1, 1, -1, 0, 1, 1, -1, -1, 0, 0, 0, 0, -1]
[0, -2, -2, -1, -2, -1, 1, 0, 0, 1, -1, 1, 1, -1, 0, -2, 1, 0, 0, 0, 0, -2]
[0, -1, -1, -1, -1, 0, 1, 1, 1, -1, 1, 0, 1, 0, 0, -1, 0, 0, 0, 0, 0, -2]
[0, -2, -2, -1, -2, 0, 1, -1, 1, 1, -1, 0, 0, 0, 1, -2, 0, 0, 0, 0, 0, -1]
[1, -2, -2, -2, -2, 0, 1, 1, 2, -1, 1, 0, 1, 0, 1, -1, 0, 0, 0, 0, 0, -1]
[-1, -1, -1, 0, -1, 0, 1, -1, 0, 1, -1, 0, 0, 0, 0, -2, 0, 0, 0, 0, 0, -2]
[0, -1, -1, -1, -1, 0, 1, 0, 0, 1, -1, 0, 0, 0, 0, -2, 0, 0, 0, 0, -1, -1]
[0, -2, -2, -1, -2, 0, 1, 0, 2, -1, 1, 0, 1, 0, 1, -1, 0, 0, 0, 0, 1, -2]
[0, -1, -2, -1, -2, 0, 1, 0, 1, 1, -1, 0, 0, 0, 1, -2, 0, 0, 1, 0, 0, -2]
[0, -2, -1, -1, -1, 0, 1, 0, 1, -1, 1, 0, 1, 0, 0, -1, 0, 0, -1, 0, 0, -1]
[0, -1, -1, 0, -1, 0, 1, 0, 0, 0, 0, 0, 1, 0, 0, -2, 0, 0, 1, 0, -1, -2]
[0, -2, -2, -2, -2, 0, 1, 0, 2, 0, 0, 0, 0, 0, 1, -1, 0, 0, -1, 0, 1, -1]
[1, -2, -2, -2, -2, 0, 1, 0, 2, 0, 0, 0, 0, 0, 1, -1, 0, 0, 0, -1, 1, -1]
[-1, -1, -1, 0, -1, 0, 1, 0, 0, 0, 0, 0, 1, 0, 0, -2, 0, 0, 0, 1, -1, -2]
[0, -1, -2, -1, -1, -1, 1, 1, 0, 0, 0, 1, 1, 0, 0, -2, 0, 0, 0, 0, 0, -2]
[0, -2, -1, -1, -2, 1, 1, -1, 2, 0, 0, -1, 0, 0, 1, -1, 0, 0, 0, 0, 0, -1]
[0, -1, -2, -1, -2, 0, 1, 0, 1, 0, 0, 0, 1, 0, 1, -2, 0, 0, 0, 0, -1, -2]
[0, -2, -1, -1, -1, 0, 1, 0, 1, 0, 0, 0, 0, 0, 0, -1, 0, 0, 0, 0, 1, -1]
[1, -1, -2, -3, -2, 0, 1, 1, 2, 0, 0, 0, 0, 0, 1, -1, 0, 0, -1, -1, 0, -1]
[-1, -2, -1, 1, -1, 0, 1, -1, 0, 0, 0, 0, 1, 0, 0, -2, 0, 0, 1, 1, 0, -2]
[1, -2, -3, -2, -2, -1, 1, 1, 1, 0, 0, 1, 1, 0, 1, -2, 0, 0, 0, 0, 0, -1]
[-1, -1, 0, 0, -1, 1, 1, -1, 1, 0, 0, -1, 0, 0, 0, -1, 0, 0, 0, 0, 0, -2]
[0, -1, 0, -1, -1, 1, 1, -1, 1, 0, 0, -1, 0, 0, 0, -1, 0, 0, -1, -1, -1, -1]
[0, -2, -3, -1, -2, -1, 1, 1, 1, 0, 0, 1, 1, 0, 1, -2, 0, 0, 1, 1, 1, -2]
[0, -1, -1, -1, -2, 1, 1, -1, 2, 0, 0, -1, 0, 0, 1, -1, 0, 0, 0, -1, 0, -2]
[0, -2, -2, -1, -1, -1, 1, 1, 0, 0, 0, 1, 1, 0, 0, -2, 0, 0, 0, 1, 0, -1]
[0, -1, -2, -2, -2, 0, 1, 1, 2, 0, 0, 0, 0, 0, 1, -1, 0, 0, 0, 0, 1, -2]
[0, -2, -1, 0, -1, 0, 1, -1, 0, 0, 0, 0, 1, 0, 0, -2, 0, 0, 0, 0, -1, -1]
[0, -1, -1, -2, -1, 0, 1, 1, 1, 0, 0, 0, 0, 0, 0, -1, 0, 0, -1, 0, 0, -1]
[0, -2, -2, 0, -2, 0, 1, -1, 1, 0, 0, 0, 1, 0, 1, -2, 0, 0, 1, 0, 0, -2]
[1, -1, -1, -2, -1, 0, 1, 1, 1, 0, 0, 0, 0, 0, 0, -1, 0, 0, 0, -1, 0, -1]
[-1, -2, -2, 0, -2, 0, 1, -1, 1, 0, 0, 0, 1, 0, 1, -2, 0, 0, 0, 1, 0, -2]
[0, -1, -1, -1, -1, 0, 1, 0, 1, 0, 0, 0, 0, 0, 0, -1, 0, 0, 0, -1, 1, -2]
[0, -2, -2, -1, -2, 0, 1, 0, 1, 0, 0, 0, 1, 0, 1, -2, 0, 0, 0, 1, -1, -1]

################
# DISCRIMINANT #
################

The discriminant has 5 components of degree 1, 3 components of degree 2, 1 component of degree 5, and 1 component of degree 10:
2*Z[0] + Z[1]
2*Z[0] - Z[1]
4*Z[0]^2 - 4*Z[0]*Z[1] + Z[1]^2 + 4*Z[3]^2
8*Z[0]^2 + 4*Z[0]*Z[1] + 12*Z[0]*Z[2] + 2*Z[1]*Z[2] + 4*Z[2]^2 - Z[3]^2
8*Z[0]^2 + 4*Z[0]*Z[1] - 12*Z[0]*Z[2] - 2*Z[1]*Z[2] + 4*Z[2]^2 - Z[3]^2
8*Z[0]^2 + 4*Z[0]*Z[1] - 4*Z[2]^2 + 4*Z[2]*Z[3] - Z[3]^2
8*Z[0]^2 + 4*Z[0]*Z[1] - 4*Z[2]^2 - 4*Z[2]*Z[3] - Z[3]^2
Z[0]

#############
# MONODROMY #
#############


Generators of the monodromy group on the second homology group:
[[-1, 1, -1, 0, -1, -1, -1, 0, 1, -1, 0, 0, -1, 0, -2, 0, 0, 0, 0, 0, -1, 0], [0, 0, 1, 0, -1, -1, -1, 0, -1, -1, 0, 0, -1, 0, 2, 0, 0, 0, 0, 0, -1, 0], [1, -1, 0, 2, -1, 1, -2, 1, -1, -2, -3, 0, 0, 0, 1, 0, -1, 0, -1, -1, 0, 0], [2, -1, 1, 1, 1, 1, 1, 0, -1, 1, 0, 0, 1, 0, 2, 0, 0, 0, 0, 0, 1, 0], [0, -1, 1, 0, 0, -1, -1, 0, -1, -1, 0, 0, -1, 0, 2, 0, 0, 0, 0, 0, -1, 0], [0, 0, -3, 2, 0, 2, -2, 1, 1, -3, -4, 0, -1, -1, -2, 0, -1, -1, -1, 0, -1, 0], [0, 0, 0, 0, 0, 0, 1, 0, 0, 0, 0, 0, 0, 0, 0, 0, 0, 0, 0, 0, 0, 0], [0, 0, 0, 0, 0, 0, 0, 1, 0, 0, 0, 0, 0, 0, 0, 0, 0, 0, 0, 0, 0, 0], [-1, 1, -5, 2, 1, 1, -2, 1, 4, -4, -5, 0, -2, -2, -5, 0, -1, -2, -1, 1, -2, 0], [0, 0, 3, -2, 0, -1, 2, -1, -1, 4, 4, 0, 1, 1, 2, 0, 1, 1, 1, 0, 1, 0], [0, 0, -3, 2, 0, 1, -2, 1, 1, -3, -3, 0, -1, -1, -2, 0, -1, -1, -1, 0, -1, 0], [1, 0, -1, 1, 1, 2, 1, 1, 1, 1, -1, 0, 2, 0, -1, 1, 0, 0, 0, 0, 1, 0], [1, 0, 1, 0, 0, 1, 1, 0, -1, 2, 1, 0, 3, 1, 1, 0, 0, 1, 0, -1, 2, 0], [0, 0, -1, 0, 1, 0, 0, 0, 1, -1, -1, 0, -1, -1, -1, 0, 0, 0, 0, 1, -1, 0], [-1, 1, -2, 0, 1, 0, 0, 0, 2, -1, -1, 0, -1, -1, -2, 0, 0, -1, 0, 1, -1, 0], [-1, 0, 1, -1, -1, -2, -1, -1, -1, -1, 1, 1, -2, 0, 1, 0, 0, 0, 0, 0, -1, 0], [1, 0, 0, 0, 1, 1, 1, 0, 0, 1, 0, 0, 1, 0, 0, 0, 0, 0, 1, 0, 1, 0], [0, 0, -1, 0, 1, 0, 0, 0, 1, -1, -1, 0, -1, 0, -1, 0, 0, -1, 0, 1, -1, 0], [1, 0, 0, 0, 1, 1, 1, 0, 0, 1, 0, 0, 1, 0, 0, 0, 1, 0, 0, 0, 1, 0], [1, 0, 1, 0, 0, 1, 1, 0, -1, 2, 1, 0, 2, 1, 1, 0, 0, 1, 0, 0, 2, 0], [-1, 0, -1, 0, 0, -1, -1, 0, 1, -2, -1, 0, -2, -1, -1, 0, 0, -1, 0, 1, -1, 0], [-1, -1, 3, -1, -2, -4, -2, 0, -3, -1, 3, -1, -4, 0, 3, -1, 0, 0, 0, 0, -1, -1]]
[[1, 0, 0, 0, 0, 0, 0, 0, 0, 0, 0, 0, 0, 0, 0, 0, 0, 0, 0, 0, 0, 0], [0, 1, 0, 0, 0, 0, 0, 0, 0, 0, 0, 0, 0, 0, 0, 0, 0, 0, 0, 0, 0, 0], [0, 0, 1, 0, 0, 0, 0, 0, 0, 0, 0, 0, 0, 0, 0, 0, 0, 0, 0, 0, 0, 0], [0, 0, 0, 1, 0, 0, 0, 0, 0, 0, 0, 0, 0, 0, 0, 0, 0, 0, 0, 0, 0, 0], [0, 0, 0, 0, 1, 0, 0, 0, 0, 0, 0, 0, 0, 0, 0, 0, 0, 0, 0, 0, 0, 0], [0, 0, 0, 0, 0, 1, 0, 0, 0, 0, 0, 0, 0, 0, 0, 0, 0, 0, 0, 0, 0, 0], [0, 0, 0, 0, 0, 0, 1, 0, 0, 0, 0, 0, 0, 0, 0, 0, 0, 0, 0, 0, 0, 0], [0, 0, 0, 0, 0, 0, 0, 1, 0, 0, 0, 0, 0, 0, 0, 0, 0, 0, 0, 0, 0, 0], [0, 0, 0, 0, 0, 0, 0, 0, 1, 0, 0, 0, 0, 0, 0, 0, 0, 0, 0, 0, 0, 0], [0, 0, 0, 0, 0, 0, 0, 0, 0, 1, 0, 0, 0, 0, 0, 0, 0, 0, 0, 0, 0, 0], [0, 0, 0, 0, 0, 0, 0, 0, 0, 0, 1, 0, 0, 0, 0, 0, 0, 0, 0, 0, 0, 0], [0, 0, 0, 0, 0, 0, 0, 0, 0, 0, 0, 1, 0, 0, 0, 0, 0, 0, 0, 0, 0, 0], [0, 0, 0, 0, 0, 0, 0, 0, 0, 0, 0, 0, 1, 0, 0, 0, 0, 0, 0, 0, 0, 0], [0, 0, 0, 0, 0, 0, 0, 0, 0, 0, 0, 0, 0, 1, 0, 0, 0, 0, 0, 0, 0, 0], [0, 0, 0, 0, 0, 0, 0, 0, 0, 0, 0, 0, 0, 0, 1, 0, 0, 0, 0, 0, 0, 0], [0, 0, 0, 0, 0, 0, 0, 0, 0, 0, 0, 0, 0, 0, 0, 1, 0, 0, 0, 0, 0, 0], [0, 0, 0, 0, 0, 0, 0, 0, 0, 0, 0, 0, 0, 0, 0, 0, 1, 0, 0, 0, 0, 0], [0, 0, 0, 0, 0, 0, 0, 0, 0, 0, 0, 0, 0, 0, 0, 0, 0, 1, 0, 0, 0, 0], [0, 0, 0, 0, 0, 0, 0, 0, 0, 0, 0, 0, 0, 0, 0, 0, 0, 0, 1, 0, 0, 0], [0, 0, 0, 0, 0, 0, 0, 0, 0, 0, 0, 0, 0, 0, 0, 0, 0, 0, 0, 1, 0, 0], [0, 0, 0, 0, 0, 0, 0, 0, 0, 0, 0, 0, 0, 0, 0, 0, 0, 0, 0, 0, 1, 0], [0, 0, 0, 0, 0, 0, 0, 0, 0, 0, 0, 0, 0, 0, 0, 0, 0, 0, 0, 0, 0, 1]]
[[1, 0, 0, 0, 0, 0, 0, 0, 0, 0, 0, 0, 0, 0, 0, 0, 0, 0, 0, 0, 0, 0], [0, 1, 0, 0, 0, 0, 0, 0, 0, 0, 0, 0, 0, 0, 0, 0, 0, 0, 0, 0, 0, 0], [0, 0, 1, 0, 0, 0, 0, 0, 0, 0, 0, 0, 0, 0, 0, 0, 0, 0, 0, 0, 0, 0], [0, 0, 0, 1, 0, 0, 0, 0, 0, 0, 0, 0, 0, 0, 0, 0, 0, 0, 0, 0, 0, 0], [0, 0, 0, 0, 1, 0, 0, 0, 0, 0, 0, 0, 0, 0, 0, 0, 0, 0, 0, 0, 0, 0], [0, 0, 0, 0, 0, 1, 0, 0, 0, 0, 0, 0, 0, 0, 0, 0, 0, 0, 0, 0, 0, 0], [0, 0, 0, 0, 0, 0, 1, 0, 0, 0, 0, 0, 0, 0, 0, 0, 0, 0, 0, 0, 0, 0], [0, 0, 0, 0, 0, 0, 0, 1, 0, 0, 0, 0, 0, 0, 0, 0, 0, 0, 0, 0, 0, 0], [0, 0, 0, 0, 0, 0, 0, 0, 1, 0, 0, 0, 0, 0, 0, 0, 0, 0, 0, 0, 0, 0], [0, 0, 0, 0, 0, 0, 0, 0, 0, 1, 0, 0, 0, 0, 0, 0, 0, 0, 0, 0, 0, 0], [0, 0, 0, 0, 0, 0, 0, 0, 0, 0, 1, 0, 0, 0, 0, 0, 0, 0, 0, 0, 0, 0], [0, 0, 0, 0, 0, 0, 0, 0, 0, 0, 0, 1, 0, 0, 0, 0, 0, 0, 0, 0, 0, 0], [0, 0, 0, 0, 0, 0, 0, 0, 0, 0, 0, 0, 1, 0, 0, 0, 0, 0, 0, 0, 0, 0], [0, 0, 0, 0, 0, 0, 0, 0, 0, 0, 0, 0, 0, 1, 0, 0, 0, 0, 0, 0, 0, 0], [0, 0, 0, 0, 0, 0, 0, 0, 0, 0, 0, 0, 0, 0, 1, 0, 0, 0, 0, 0, 0, 0], [0, 0, 0, 0, 0, 0, 0, 0, 0, 0, 0, 0, 0, 0, 0, 1, 0, 0, 0, 0, 0, 0], [0, 0, 0, 0, 0, 0, 0, 0, 0, 0, 0, 0, 0, 0, 0, 0, 1, 0, 0, 0, 0, 0], [0, 0, 0, 0, 0, 0, 0, 0, 0, 0, 0, 0, 0, 0, 0, 0, 0, 1, 0, 0, 0, 0], [0, 0, 0, 0, 0, 0, 0, 0, 0, 0, 0, 0, 0, 0, 0, 0, 0, 0, 1, 0, 0, 0], [0, 0, 0, 0, 0, 0, 0, 0, 0, 0, 0, 0, 0, 0, 0, 0, 0, 0, 0, 1, 0, 0], [0, 0, 0, 0, 0, 0, 0, 0, 0, 0, 0, 0, 0, 0, 0, 0, 0, 0, 0, 0, 1, 0], [0, 0, 0, 0, 0, 0, 0, 0, 0, 0, 0, 0, 0, 0, 0, 0, 0, 0, 0, 0, 0, 1]]
[[1, 0, 0, 0, 0, 0, 0, 0, 0, 0, 0, 0, 0, 0, 0, 0, 0, 0, 0, 0, 0, 0], [0, 1, 0, 0, 0, 0, 0, 0, 0, 0, 0, 0, 0, 0, 0, 0, 0, 0, 0, 0, 0, 0], [0, 0, 1, 0, 0, 0, 0, 0, 0, 0, 0, 0, 0, 0, 0, 0, 0, 0, 0, 0, 0, 0], [0, 0, 0, 1, 0, 0, 0, 0, 0, 0, 0, 0, 0, 0, 0, 0, 0, 0, 0, 0, 0, 0], [0, 0, 0, 0, 1, 0, 0, 0, 0, 0, 0, 0, 0, 0, 0, 0, 0, 0, 0, 0, 0, 0], [0, 0, 0, 0, 0, 1, 0, 0, 0, 0, 0, 0, 0, 0, 0, 0, 0, 0, 0, 0, 0, 0], [0, 0, 0, 0, 0, 0, 1, 0, 0, 0, 0, 0, 0, 0, 0, 0, 0, 0, 0, 0, 0, 0], [0, 0, 0, 0, 0, 0, 0, 1, 0, 0, 0, 0, 0, 0, 0, 0, 0, 0, 0, 0, 0, 0], [0, 0, 0, 0, 0, 0, 0, 0, 1, 0, 0, 0, 0, 0, 0, 0, 0, 0, 0, 0, 0, 0], [0, 0, 0, 0, 0, 0, 0, 0, 0, 1, 0, 0, 0, 0, 0, 0, 0, 0, 0, 0, 0, 0], [0, 0, 0, 0, 0, 0, 0, 0, 0, 0, 1, 0, 0, 0, 0, 0, 0, 0, 0, 0, 0, 0], [0, 0, 0, 0, 0, 0, 0, 0, 0, 0, 0, 1, 0, 0, 0, 0, 0, 0, 0, 0, 0, 0], [0, 0, 0, 0, 0, 0, 0, 0, 0, 0, 0, 0, 1, 0, 0, 0, 0, 0, 0, 0, 0, 0], [0, 0, 0, 0, 0, 0, 0, 0, 0, 0, 0, 0, 0, 1, 0, 0, 0, 0, 0, 0, 0, 0], [0, 0, 0, 0, 0, 0, 0, 0, 0, 0, 0, 0, 0, 0, 1, 0, 0, 0, 0, 0, 0, 0], [0, 0, 0, 0, 0, 0, 0, 0, 0, 0, 0, 0, 0, 0, 0, 1, 0, 0, 0, 0, 0, 0], [0, 0, 0, 0, 0, 0, 0, 0, 0, 0, 0, 0, 0, 0, 0, 0, 1, 0, 0, 0, 0, 0], [0, 0, 0, 0, 0, 0, 0, 0, 0, 0, 0, 0, 0, 0, 0, 0, 0, 1, 0, 0, 0, 0], [0, 0, 0, 0, 0, 0, 0, 0, 0, 0, 0, 0, 0, 0, 0, 0, 0, 0, 1, 0, 0, 0], [0, 0, 0, 0, 0, 0, 0, 0, 0, 0, 0, 0, 0, 0, 0, 0, 0, 0, 0, 1, 0, 0], [0, 0, 0, 0, 0, 0, 0, 0, 0, 0, 0, 0, 0, 0, 0, 0, 0, 0, 0, 0, 1, 0], [0, 0, 0, 0, 0, 0, 0, 0, 0, 0, 0, 0, 0, 0, 0, 0, 0, 0, 0, 0, 0, 1]]
[[1, 0, 0, 0, 0, 0, 0, 0, 0, 0, 0, 0, 0, 0, 0, 0, 0, 0, 0, 0, 0, 0], [0, 1, 0, 0, 0, 0, 0, 0, 0, 0, 0, 0, 0, 0, 0, 0, 0, 0, 0, 0, 0, 0], [0, 0, 1, 0, 0, 0, 0, 0, 0, 0, 0, 0, 0, 0, 0, 0, 0, 0, 0, 0, 0, 0], [0, 0, 0, 1, 0, 0, 0, 0, 0, 0, 0, 0, 0, 0, 0, 0, 0, 0, 0, 0, 0, 0], [0, 0, 0, 0, 1, 0, 0, 0, 0, 0, 0, 0, 0, 0, 0, 0, 0, 0, 0, 0, 0, 0], [0, 0, 0, 0, 0, 1, 0, 0, 0, 0, 0, 0, 0, 0, 0, 0, 0, 0, 0, 0, 0, 0], [0, 0, 0, 0, 0, 0, 1, 0, 0, 0, 0, 0, 0, 0, 0, 0, 0, 0, 0, 0, 0, 0], [0, 0, 0, 0, 0, 0, 0, 1, 0, 0, 0, 0, 0, 0, 0, 0, 0, 0, 0, 0, 0, 0], [0, 0, 0, 0, 0, 0, 0, 0, 1, 0, 0, 0, 0, 0, 0, 0, 0, 0, 0, 0, 0, 0], [0, 0, 0, 0, 0, 0, 0, 0, 0, 1, 0, 0, 0, 0, 0, 0, 0, 0, 0, 0, 0, 0], [0, 0, 0, 0, 0, 0, 0, 0, 0, 0, 1, 0, 0, 0, 0, 0, 0, 0, 0, 0, 0, 0], [0, 0, 0, 0, 0, 0, 0, 0, 0, 0, 0, 1, 0, 0, 0, 0, 0, 0, 0, 0, 0, 0], [0, 0, 0, 0, 0, 0, 0, 0, 0, 0, 0, 0, 1, 0, 0, 0, 0, 0, 0, 0, 0, 0], [0, 0, 0, 0, 0, 0, 0, 0, 0, 0, 0, 0, 0, 1, 0, 0, 0, 0, 0, 0, 0, 0], [0, 0, 0, 0, 0, 0, 0, 0, 0, 0, 0, 0, 0, 0, 1, 0, 0, 0, 0, 0, 0, 0], [0, 0, 0, 0, 0, 0, 0, 0, 0, 0, 0, 0, 0, 0, 0, 1, 0, 0, 0, 0, 0, 0], [0, 0, 0, 0, 0, 0, 0, 0, 0, 0, 0, 0, 0, 0, 0, 0, 1, 0, 0, 0, 0, 0], [0, 0, 0, 0, 0, 0, 0, 0, 0, 0, 0, 0, 0, 0, 0, 0, 0, 1, 0, 0, 0, 0], [0, 0, 0, 0, 0, 0, 0, 0, 0, 0, 0, 0, 0, 0, 0, 0, 0, 0, 1, 0, 0, 0], [0, 0, 0, 0, 0, 0, 0, 0, 0, 0, 0, 0, 0, 0, 0, 0, 0, 0, 0, 1, 0, 0], [0, 0, 0, 0, 0, 0, 0, 0, 0, 0, 0, 0, 0, 0, 0, 0, 0, 0, 0, 0, 1, 0], [0, 0, 0, 0, 0, 0, 0, 0, 0, 0, 0, 0, 0, 0, 0, 0, 0, 0, 0, 0, 0, 1]]
[[-1, 2, -1, -3, 0, 1, 0, -3, 1, 0, 1, 1, 1, 0, -3, 0, 1, 2, 2, 1, 0, 1], [0, 0, 1, 0, -1, -1, -1, 0, 0, -1, 0, 0, -1, 0, 0, 0, 0, -1, 0, 0, 0, 0], [2, -2, 2, 3, 0, -1, 0, 3, -1, 0, -1, -1, -1, 0, 3, 0, -1, -2, -2, -1, 0, -1], [0, -2, -2, 3, 1, 1, -2, 3, 1, -2, -3, 0, -2, -1, -1, 0, -1, -2, -1, -1, -1, 0], [0, -1, 1, 0, 0, -1, -1, 0, 0, -1, 0, 0, -1, 0, 0, 0, 0, -1, 0, 0, 0, 0], [1, 0, -3, 3, 0, 3, -1, 2, 2, -2, -4, 0, 1, -1, -3, 1, -1, -1, -1, -1, 0, 0], [0, 0, 0, 0, 0, 0, 1, 0, 0, 0, 0, 0, 0, 0, 0, 0, 0, 0, 0, 0, 0, 0], [0, 1, 3, -2, 0, -2, 3, -2, -1, 3, 3, 0, 1, 1, 3, 0, 1, 1, 1, 1, 1, 0], [-1, 4, -7, 0, 1, 6, 0, -2, 6, -2, -5, 2, 5, -1, -9, 2, 0, 2, 2, 0, 0, 2], [1, -1, 3, 0, -1, -2, 0, 1, -3, 2, 3, -1, -1, 1, 4, -1, 0, 0, -1, 0, 0, -1], [-1, 1, -3, 0, 1, 2, 0, -1, 3, -1, -2, 1, 1, -1, -4, 1, 0, 0, 1, 0, 0, 1], [0, 0, 1, 0, 1, -1, 2, 0, 0, 2, 1, 0, 0, 0, 2, 0, 0, 0, 0, 1, 0, 0], [0, -2, 3, 0, 1, -3, 1, 1, -2, 2, 2, -1, -2, 0, 5, -1, 0, -1, -1, 0, 0, -1], [-1, 2, -4, 0, 0, 3, -1, -1, 3, -2, -3, 1, 2, 0, -6, 1, 0, 1, 1, 0, 0, 1], [-1, 2, -4, 0, 0, 3, -1, -1, 3, -2, -3, 1, 2, -1, -5, 1, 0, 1, 1, 0, 0, 1], [0, 0, 2, -1, -2, -1, -1, -1, -2, 0, 2, 0, 0, 1, 1, 0, 0, 1, 0, 0, 1, 0], [0, 0, -2, 1, 1, 2, 0, 1, 1, 0, -2, 0, 1, 0, -1, 0, 0, 0, 0, 0, 0, 1], [0, 1, -2, 0, 0, 2, 0, -1, 2, -1, -2, 1, 2, 0, -3, 1, 0, 1, 1, 0, 0, 1], [0, -1, 2, 0, 0, -2, 0, 1, -2, 1, 2, -1, -2, 0, 3, -1, 0, 0, 0, 0, 0, -1], [0, 0, -1, 0, 1, 1, 0, 0, 0, 0, -1, 1, 0, 0, 0, 0, 0, 0, 0, 0, 0, 0], [-1, 2, -2, -2, 1, 2, 1, -2, 2, 0, 0, 1, 2, 0, -3, 1, 1, 1, 2, 1, 0, 1], [0, 0, 2, -1, -1, -2, 0, -1, -1, 0, 2, 0, -1, 0, 1, 0, 1, 0, 0, 0, 0, 0]]
[[-1, 1, -4, 0, 1, 2, -1, -1, 2, -4, -3, 1, -1, -2, -4, 0, 0, -1, 1, 0, -1, 1], [0, 0, -4, 3, -1, 3, -4, 2, 1, -5, -5, 1, -2, -2, -4, 0, -2, -1, -1, -1, -1, 0], [1, -1, -3, 4, -1, 4, -3, 3, 1, -3, -5, 1, 0, -1, -3, 1, -2, 0, -2, -1, -1, 0], [0, -2, -4, 5, -2, 4, -6, 4, 1, -6, -6, 0, -2, -2, -4, 0, -2, -1, -2, -2, -1, 0], [0, -1, -7, 5, -1, 6, -7, 3, 2, -9, -9, 2, -3, -3, -7, 0, -3, -2, -2, -2, -2, 0], [0, 0, 0, 0, 0, -1, 0, 0, 0, 0, 0, 0, 0, 0, 0, 0, 0, 0, 0, 0, 0, 0], [0, 0, 0, 0, 0, 0, 1, 0, 0, 0, 0, 0, 0, 0, 0, 0, 0, 0, 0, 0, 0, 0], [0, 1, 0, -1, 1, 1, 2, -1, 0, 1, 1, 1, 0, 0, 0, 0, 0, 0, 1, 1, 0, 0], [-2, 2, -6, 0, 2, 2, 0, -2, 4, -4, -4, 2, 0, -2, -6, 0, 0, -1, 2, 0, -1, 2], [0, 0, 6, -3, 0, -5, 3, -1, -2, 6, 6, -2, 1, 2, 6, 0, 2, 1, 0, 1, 1, -1], [0, 0, 1, -1, 0, -2, 0, -1, -1, 0, 2, 0, -1, 0, 1, -1, 0, 0, 1, 0, 0, 0], [0, 0, 3, -2, 1, -1, 3, -1, -1, 4, 4, 0, 1, 1, 3, 0, 1, 1, 1, 1, 1, 0], [2, -1, 7, -2, 0, -3, 4, 0, -3, 8, 7, -2, 3, 3, 7, 0, 1, 2, 0, 1, 2, -1], [-2, 0, -8, 3, 0, 5, -5, 1, 3, -9, -8, 2, -3, -3, -8, 0, -2, -2, 0, -1, -2, 1], [-1, 1, -3, 0, 1, 1, 0, -1, 2, -2, -2, 1, 0, -1, -3, 0, 0, -1, 1, 0, 0, 1], [0, 0, -2, 1, -1, 1, -3, 0, 0, -4, -3, 1, -2, -1, -2, 0, -1, -1, 0, -1, -1, 0], [0, -1, -1, 1, 0, 2, -1, 1, 0, -1, -1, 0, -1, -1, -1, 0, 0, 0, 0, 0, 0, 0], [-1, 1, -6, 2, 0, 4, -3, 0, 3, -6, -6, 2, -1, -2, -7, 0, -1, -1, 0, -1, -1, 1], [0, 0, -1, 1, 0, 2, 0, 1, 1, 0, -1, 0, 1, 0, -1, 1, 0, 0, 0, 0, 0, 0], [0, 0, -2, 1, 0, 3, -1, 1, 1, -1, -2, 0, 1, 0, -2, 0, 0, 0, 0, 0, 0, 1], [-1, 1, -6, 2, 0, 4, -3, 0, 2, -6, -6, 2, -1, -2, -5, 0, -1, -1, 0, -1, -1, 1], [0, 0, -1, 1, -1, 0, -2, 0, 0, -3, -2, 1, -2, -1, -1, 0, -1, -1, -1, 0, -1, 0]]
[[1, 0, 0, 0, 0, 0, 0, 0, 0, 0, 0, 0, 0, 0, 0, 0, 0, 0, 0, 0, 0, 0], [0, 1, 0, 0, 0, 0, 0, 0, 0, 0, 0, 0, 0, 0, 0, 0, 0, 0, 0, 0, 0, 0], [0, 0, 1, 0, 0, 0, 0, 0, 0, 0, 0, 0, 0, 0, 0, 0, 0, 0, 0, 0, 0, 0], [0, 0, 0, 1, 0, 0, 0, 0, 0, 0, 0, 0, 0, 0, 0, 0, 0, 0, 0, 0, 0, 0], [0, 0, 0, 0, 1, 0, 0, 0, 0, 0, 0, 0, 0, 0, 0, 0, 0, 0, 0, 0, 0, 0], [0, 0, 0, 0, 0, 1, 0, 0, 0, 0, 0, 0, 0, 0, 0, 0, 0, 0, 0, 0, 0, 0], [0, 0, 0, 0, 0, 0, 1, 0, 0, 0, 0, 0, 0, 0, 0, 0, 0, 0, 0, 0, 0, 0], [0, 0, 0, 0, 0, 0, 0, 1, 0, 0, 0, 0, 0, 0, 0, 0, 0, 0, 0, 0, 0, 0], [0, 0, 0, 0, 0, 0, 0, 0, 1, 0, 0, 0, 0, 0, 0, 0, 0, 0, 0, 0, 0, 0], [0, 0, 0, 0, 0, 0, 0, 0, 0, 1, 0, 0, 0, 0, 0, 0, 0, 0, 0, 0, 0, 0], [0, 0, 0, 0, 0, 0, 0, 0, 0, 0, 1, 0, 0, 0, 0, 0, 0, 0, 0, 0, 0, 0], [0, 0, 0, 0, 0, 0, 0, 0, 0, 0, 0, 1, 0, 0, 0, 0, 0, 0, 0, 0, 0, 0], [0, 0, 0, 0, 0, 0, 0, 0, 0, 0, 0, 0, 1, 0, 0, 0, 0, 0, 0, 0, 0, 0], [0, 0, 0, 0, 0, 0, 0, 0, 0, 0, 0, 0, 0, 1, 0, 0, 0, 0, 0, 0, 0, 0], [0, 0, 0, 0, 0, 0, 0, 0, 0, 0, 0, 0, 0, 0, 1, 0, 0, 0, 0, 0, 0, 0], [0, 0, 0, 0, 0, 0, 0, 0, 0, 0, 0, 0, 0, 0, 0, 1, 0, 0, 0, 0, 0, 0], [0, 0, 0, 0, 0, 0, 0, 0, 0, 0, 0, 0, 0, 0, 0, 0, 1, 0, 0, 0, 0, 0], [0, 0, 0, 0, 0, 0, 0, 0, 0, 0, 0, 0, 0, 0, 0, 0, 0, 1, 0, 0, 0, 0], [0, 0, 0, 0, 0, 0, 0, 0, 0, 0, 0, 0, 0, 0, 0, 0, 0, 0, 1, 0, 0, 0], [0, 0, 0, 0, 0, 0, 0, 0, 0, 0, 0, 0, 0, 0, 0, 0, 0, 0, 0, 1, 0, 0], [0, 0, 0, 0, 0, 0, 0, 0, 0, 0, 0, 0, 0, 0, 0, 0, 0, 0, 0, 0, 1, 0], [0, 0, 0, 0, 0, 0, 0, 0, 0, 0, 0, 0, 0, 0, 0, 0, 0, 0, 0, 0, 0, 1]]
[[1, 0, 0, 0, 0, 0, 0, 0, 0, 0, 0, 0, 0, 0, 0, 0, 0, -1, 0, 0, 0, 0], [0, 0, 1, 0, 0, 0, 0, 1, -1, 1, 1, -1, 0, 0, 2, 0, 0, -1, 0, 0, 0, 0], [0, -1, 1, 1, -1, 1, -1, 2, -2, 0, 0, -1, 0, 0, 2, 0, 0, 0, -1, -1, 0, 0], [0, 0, 0, 1, 0, 0, 0, 0, 0, 0, 0, 0, 0, 0, 0, 0, 0, 2, 0, 0, 0, 0], [0, 0, 0, 0, 1, 0, 0, 0, 0, 0, 0, 0, 0, 0, 0, 0, 0, 0, 0, 0, 0, 0], [0, 2, -4, 1, 1, 3, 0, -1, 4, -2, -4, 2, 2, 0, -5, 1, 0, 0, 0, 0, -1, 1], [0, -1, 1, 0, 0, 0, 1, 1, -1, 1, 1, -1, 0, 0, 2, 0, 0, -1, 0, 0, 0, 0], [0, -2, 4, -1, -1, -2, 0, 2, -4, 2, 4, -2, -2, 0, 5, -1, 0, -2, 0, 0, 1, -1], [0, 1, -2, 1, -1, 1, -1, 0, 1, -2, -2, 1, 0, 0, -2, 0, 0, -2, -1, -1, 0, 0], [0, 0, 0, 0, 0, 0, 0, 0, 0, 1, 0, 0, 0, 0, 0, 0, 0, 1, 0, 0, 0, 0], [0, 1, -1, 0, 0, 0, 0, -1, 1, -1, 0, 1, 0, 0, -2, 0, 0, 0, 0, 0, 0, 0], [0, -2, 4, -1, -1, -2, 0, 1, -4, 2, 4, -1, -2, 0, 5, -1, 0, 0, 0, 0, 1, -1], [0, -1, 3, -1, -1, -2, 0, 0, -3, 1, 3, -1, -1, 0, 3, -1, 0, 2, 0, 0, 1, -1], [0, 0, 0, 0, 0, 0, 0, 0, 0, 0, 0, 0, 0, 1, 0, 0, 0, -1, 0, 0, 0, 0], [0, 1, -1, 0, 0, 0, 0, -1, 1, -1, -1, 1, 0, 0, -1, 0, 0, -1, 0, 0, 0, 0], [0, 0, 0, 0, 0, 0, 0, 0, 0, 0, 0, 0, 0, 0, 0, 1, 0, -1, 0, 0, 0, 0], [0, 0, 1, -1, 1, -1, 1, -1, 1, 1, 1, 0, 0, 0, 0, 0, 1, 1, 1, 1, 0, 0], [0, 0, 0, 0, 0, 0, 0, 0, 0, 0, 0, 0, 0, 0, 0, 0, 0, -1, 0, 0, 0, 0], [0, 0, 0, 0, 0, 0, 0, 0, 0, 0, 0, 0, 0, 0, 0, 0, 0, 1, 1, 0, 0, 0], [0, 0, 0, 0, 0, 0, 0, 0, 0, 0, 0, 0, 0, 0, 0, 0, 0, 1, 0, 1, 0, 0], [0, 1, -3, 1, 1, 2, 0, 0, 3, -1, -3, 1, 2, 0, -3, 1, 0, -1, 0, 0, 0, 1], [0, 0, 0, 0, 0, 0, 0, 0, 0, 0, 0, 0, 0, 0, 0, 0, 0, -1, 0, 0, 0, 1]]
[[1, 0, 0, 0, 0, 0, 0, 0, 0, 0, 0, 0, 0, 0, 0, 0, 0, 0, 0, 0, 0, 0], [0, 1, 0, 0, 0, 0, 0, 0, 0, 0, 0, 0, 0, 0, 0, 0, 0, 0, 0, 0, 0, 0], [0, 0, 1, 0, 0, 0, 0, 0, 0, 0, 0, 0, 0, 0, 0, 0, 0, 0, 0, 0, 0, 0], [0, 0, 0, 1, 0, 0, 0, 0, 0, 0, 0, 0, 0, 0, 0, 0, 0, 0, 0, 0, 0, 0], [0, 0, 0, 0, 1, 0, 0, 0, 0, 0, 0, 0, 0, 0, 0, 0, 0, 0, 0, 0, 0, 0], [0, 0, 0, 0, 0, 1, 0, 0, 0, 0, 0, 0, 0, 0, 0, 0, 0, 0, 0, 0, 0, 0], [0, 0, 0, 0, 0, 0, 1, 0, 0, 0, 0, 0, 0, 0, 0, 0, 0, 0, 0, 0, 0, 0], [0, 0, 0, 0, 0, 0, 0, 1, 0, 0, 0, 0, 0, 0, 0, 0, 0, 0, 0, 0, 0, 0], [0, 0, 0, 0, 0, 0, 0, 0, 1, 0, 0, 0, 0, 0, 0, 0, 0, 0, 0, 0, 0, 0], [0, 0, 0, 0, 0, 0, 0, 0, 0, 1, 0, 0, 0, 0, 0, 0, 0, 0, 0, 0, 0, 0], [0, 0, 0, 0, 0, 0, 0, 0, 0, 0, 1, 0, 0, 0, 0, 0, 0, 0, 0, 0, 0, 0], [0, 0, 0, 0, 0, 0, 0, 0, 0, 0, 0, 1, 0, 0, 0, 0, 0, 0, 0, 0, 0, 0], [0, 0, 0, 0, 0, 0, 0, 0, 0, 0, 0, 0, 1, 0, 0, 0, 0, 0, 0, 0, 0, 0], [0, 0, 0, 0, 0, 0, 0, 0, 0, 0, 0, 0, 0, 1, 0, 0, 0, 0, 0, 0, 0, 0], [0, 0, 0, 0, 0, 0, 0, 0, 0, 0, 0, 0, 0, 0, 1, 0, 0, 0, 0, 0, 0, 0], [0, 0, 0, 0, 0, 0, 0, 0, 0, 0, 0, 0, 0, 0, 0, 1, 0, 0, 0, 0, 0, 0], [0, 0, 0, 0, 0, 0, 0, 0, 0, 0, 0, 0, 0, 0, 0, 0, 1, 0, 0, 0, 0, 0], [0, 0, 0, 0, 0, 0, 0, 0, 0, 0, 0, 0, 0, 0, 0, 0, 0, 1, 0, 0, 0, 0], [0, 0, 0, 0, 0, 0, 0, 0, 0, 0, 0, 0, 0, 0, 0, 0, 0, 0, 1, 0, 0, 0], [0, 0, 0, 0, 0, 0, 0, 0, 0, 0, 0, 0, 0, 0, 0, 0, 0, 0, 0, 1, 0, 0], [0, 0, 0, 0, 0, 0, 0, 0, 0, 0, 0, 0, 0, 0, 0, 0, 0, 0, 0, 0, 1, 0], [0, 0, 0, 0, 0, 0, 0, 0, 0, 0, 0, 0, 0, 0, 0, 0, 0, 0, 0, 0, 0, 1]]
[[0, 0, 0, 0, -1, 0, -1, 0, 0, 0, 0, 0, 0, 1, -1, 0, 0, 1, 0, 0, 0, 0], [0, 0, 3, -1, -1, -2, 1, -1, -2, 2, 3, 0, 0, 1, 3, 0, 1, 1, 0, 0, 1, 0], [0, 0, 2, 0, 0, -1, 1, 0, -1, 1, 1, 0, 0, 0, 3, 0, 0, -1, 0, 0, 1, 0], [0, 2, -9, 3, 4, 9, -1, 0, 7, -5, -11, 4, 4, -2, -9, 2, -2, -1, 0, 0, -1, 2], [0, 1, -2, 1, 1, 3, 0, 0, 2, 0, -3, 1, 3, 0, -2, 1, 0, 1, 0, 0, 1, 1], [0, 0, 0, 0, 0, 1, 0, 0, 0, 0, 0, 0, 0, 0, 0, 0, 0, 0, 0, 0, 0, 0], [0, 0, 0, 0, 0, 0, 1, 0, 0, 0, 0, 0, 0, 0, 0, 0, 0, 0, 0, 0, 0, 0], [0, -1, 1, 1, -2, -2, -1, 1, -1, -1, 0, -1, -1, 0, 1, 0, 0, 0, -1, -1, 0, 0], [0, 0, -1, 0, 0, 1, -1, 0, 2, -1, -1, 0, 0, 0, -3, 0, 0, 1, 0, 0, -1, 0], [1, -1, 4, -1, -1, -3, 1, 0, -4, 3, 5, -1, -1, 1, 5, -1, 0, 0, 0, 0, 1, -1], [-1, 1, -4, 1, 1, 3, -1, 0, 4, -2, -4, 1, 1, -1, -5, 1, 0, 0, 0, 0, -1, 1], [0, 0, -2, 2, -1, 0, -2, 1, 1, -3, -3, 0, -1, -1, -2, 0, -1, -1, -1, -1, -1, 0], [-1, 0, -1, 0, 1, -1, 0, 0, 1, -1, -1, 0, -1, -1, 0, 0, 0, -2, 0, 0, -1, 0], [1, 1, -3, 1, 1, 4, 0, 0, 3, -1, -4, 1, 3, 0, -4, 1, 0, 1, 0, 0, 0, 1], [0, 0, -1, 0, 0, 1, -1, 0, 1, -1, -1, 0, 0, 0, -2, 0, 0, 1, 0, 0, -1, 0], [0, 0, 3, -1, -1, -2, 1, 0, -2, 3, 4, -1, 0, 1, 3, 0, 1, 1, 0, 1, 1, 0], [0, 1, -7, 3, 1, 6, -3, 1, 4, -6, -9, 2, 2, -1, -7, 1, -2, -1, -1, -1, -1, 1], [0, 0, 0, 0, 0, 0, 0, 0, 0, 0, 0, 0, 0, 0, 0, 0, 0, 1, 0, 0, 0, 0], [0, 0, -3, 1, 1, 2, -1, 0, 2, -3, -4, 1, 0, -1, -3, 0, -1, -1, 0, 0, -1, 1], [0, 0, -3, 1, 1, 2, -1, 0, 2, -3, -4, 1, 0, -1, -3, 1, -1, -1, 0, 0, -1, 0], [0, 0, -1, 0, 0, 1, -1, 0, 1, -1, -1, 0, 0, 0, -3, 0, 0, 1, 0, 0, 0, 0], [0, 0, 3, -1, -1, -2, 1, 0, -2, 3, 4, -1, 0, 1, 3, 0, 1, 1, 1, 0, 1, 0]]
[[0, 0, 4, -3, 0, -5, 3, -2, -3, 4, 7, -1, -2, 1, 5, -1, 2, 0, 1, 1, 0, 0], [0, 0, -1, 1, 0, 1, 0, 1, 1, 0, -1, 0, 1, 0, -1, 1, 0, 0, 0, 0, 0, 1], [0, 0, -5, 4, 0, 6, -3, 2, 4, -5, -9, 2, 3, -1, -6, 2, -2, 0, -2, -1, 0, 1], [2, 2, -20, 12, 4, 23, -8, 5, 16, -15, -31, 8, 11, -3, -23, 6, -7, 0, -4, -2, -1, 2], [1, 1, -10, 6, 2, 11, -4, 3, 8, -7, -15, 3, 6, -1, -11, 3, -3, 0, -2, -1, -1, 2], [0, 0, -4, 2, 1, 5, -1, 1, 3, -2, -5, 2, 2, 0, -5, 1, -1, 0, -1, 0, 0, 1], [0, 0, 0, 0, 0, 0, 1, 0, 0, 0, 0, 0, 0, 0, 0, 0, 0, 0, 0, 0, 0, 0], [-1, 0, 8, -5, -1, -9, 4, -2, -6, 6, 12, -3, -4, 1, 10, -2, 3, 0, 2, 1, 0, -1], [-1, 0, 6, -5, 1, -7, 5, -3, -3, 7, 11, -1, -3, 2, 6, -2, 3, 0, 2, 2, 0, 0], [0, -1, 4, -1, -2, -4, 0, 0, -4, 2, 5, -2, -2, 0, 5, -1, 0, 0, 0, 0, 1, -1], [0, 1, -4, 1, 2, 4, 0, 0, 4, -1, -4, 2, 2, 0, -5, 1, 0, 0, 0, 0, -1, 1], [0, 0, 4, -2, -1, -4, 1, -1, -3, 2, 5, -1, -2, 0, 5, -1, 1, 0, 1, 0, 0, -1], [0, 0, 0, 0, 0, 0, -1, 0, 0, -1, -1, 0, 0, -1, 0, 0, 0, 0, 0, -1, 0, -1], [0, 0, 0, 0, 0, 0, 0, 0, 0, 0, 0, 0, 0, 1, 0, 0, 0, 0, 0, 0, 0, 0], [0, 0, 2, -2, 1, -2, 2, -1, -1, 3, 4, 0, -1, 1, 2, -1, 1, 0, 1, 1, 0, 0], [0, 0, 3, -1, -2, -4, 0, 0, -3, 2, 5, -2, -2, 1, 3, -1, 1, 0, 0, 0, 0, 0], [1, 1, -6, 3, 2, 8, -2, 1, 5, -5, -10, 3, 4, -1, -7, 2, -2, 0, -1, 0, 0, 0], [-1, 0, 2, -2, 0, -4, 1, -1, -1, 1, 4, -1, -3, 0, 2, -1, 1, -1, 1, 1, -1, 0], [0, 1, -5, 3, 0, 5, -3, 1, 3, -5, -8, 2, 2, -1, -5, 1, -2, 0, -1, -1, 0, 0], [0, 0, 0, 0, 0, 0, -1, 0, 0, -1, -1, 0, -1, -1, 0, 0, 0, 0, 0, 0, 0, -1], [0, 1, 0, -1, 1, 0, 2, -1, 1, 2, 1, 0, 1, 1, 0, 0, 1, 0, 1, 1, 0, 1], [0, 0, 0, 0, 0, 0, 0, 0, 0, 0, 0, 0, 0, 0, 0, 0, 0, 0, 0, 0, 0, 1]]
[[1, 0, 0, 0, 0, 0, 0, 0, 0, 0, 0, 0, 0, 0, 0, 0, 0, 0, 0, 0, 0, 0], [0, 1, 0, 0, 0, 0, 0, 0, 0, 0, 0, 0, 0, 0, 0, 0, 0, 0, 0, 0, 0, 0], [0, 0, 1, 0, 0, 0, 0, 0, 0, 0, 0, 0, 0, 0, 0, 0, 0, 0, 0, 0, 0, 0], [0, 0, 0, 1, 0, 0, 0, 0, 0, 0, 0, 0, 0, 0, 0, 0, 0, 0, 0, 0, 0, 0], [0, 0, 0, 0, 1, 0, 0, 0, 0, 0, 0, 0, 0, 0, 0, 0, 0, 0, 0, 0, 0, 0], [0, 0, 0, 0, 0, 1, 0, 0, 0, 0, 0, 0, 0, 0, 0, 0, 0, 0, 0, 0, 0, 0], [0, 0, 0, 0, 0, 0, 1, 0, 0, 0, 0, 0, 0, 0, 0, 0, 0, 0, 0, 0, 0, 0], [0, 0, 0, 0, 0, 0, 0, 1, 0, 0, 0, 0, 0, 0, 0, 0, 0, 0, 0, 0, 0, 0], [0, 0, 0, 0, 0, 0, 0, 0, 1, 0, 0, 0, 0, 0, 0, 0, 0, 0, 0, 0, 0, 0], [0, 0, 0, 0, 0, 0, 0, 0, 0, 1, 0, 0, 0, 0, 0, 0, 0, 0, 0, 0, 0, 0], [0, 0, 0, 0, 0, 0, 0, 0, 0, 0, 1, 0, 0, 0, 0, 0, 0, 0, 0, 0, 0, 0], [0, 0, 0, 0, 0, 0, 0, 0, 0, 0, 0, 1, 0, 0, 0, 0, 0, 0, 0, 0, 0, 0], [0, 0, 0, 0, 0, 0, 0, 0, 0, 0, 0, 0, 1, 0, 0, 0, 0, 0, 0, 0, 0, 0], [0, 0, 0, 0, 0, 0, 0, 0, 0, 0, 0, 0, 0, 1, 0, 0, 0, 0, 0, 0, 0, 0], [0, 0, 0, 0, 0, 0, 0, 0, 0, 0, 0, 0, 0, 0, 1, 0, 0, 0, 0, 0, 0, 0], [0, 0, 0, 0, 0, 0, 0, 0, 0, 0, 0, 0, 0, 0, 0, 1, 0, 0, 0, 0, 0, 0], [0, 0, 0, 0, 0, 0, 0, 0, 0, 0, 0, 0, 0, 0, 0, 0, 1, 0, 0, 0, 0, 0], [0, 0, 0, 0, 0, 0, 0, 0, 0, 0, 0, 0, 0, 0, 0, 0, 0, 1, 0, 0, 0, 0], [0, 0, 0, 0, 0, 0, 0, 0, 0, 0, 0, 0, 0, 0, 0, 0, 0, 0, 1, 0, 0, 0], [0, 0, 0, 0, 0, 0, 0, 0, 0, 0, 0, 0, 0, 0, 0, 0, 0, 0, 0, 1, 0, 0], [0, 0, 0, 0, 0, 0, 0, 0, 0, 0, 0, 0, 0, 0, 0, 0, 0, 0, 0, 0, 1, 0], [0, 0, 0, 0, 0, 0, 0, 0, 0, 0, 0, 0, 0, 0, 0, 0, 0, 0, 0, 0, 0, 1]]
[[-2, 2, -7, 1, 2, -2, -1, -3, 8, -7, -4, 2, -5, -4, -10, 0, 1, -2, 2, 1, -4, 2], [-1, 0, 5, -3, -2, -5, 1, -2, -4, 3, 7, -1, -2, 1, 5, -1, 2, 1, 1, 0, 1, 0], [1, -2, 8, -2, -3, 0, 1, 2, -9, 7, 6, -2, 4, 4, 11, 0, 0, 2, -2, -1, 4, -1], [4, -3, 7, 2, -2, 6, 0, 6, -9, 7, 0, -2, 8, 5, 12, 1, -3, 2, -5, -1, 5, -3], [2, -1, 2, 2, -1, 3, -1, 2, -2, 1, -3, 0, 4, 2, 3, 1, -1, 1, -3, -1, 2, -1], [2, 0, -1, 2, 1, 6, 2, 2, 0, 3, -3, 1, 6, 2, 0, 2, -1, 1, -2, 0, 2, 0], [-2, 0, 4, -4, -2, -6, 1, -2, -4, 2, 8, -2, -4, 0, 4, -2, 2, 0, 2, 0, 0, 0], [-3, 1, 1, -3, -2, -7, -1, -3, 0, -2, 5, -1, -6, -2, -1, -2, 2, -1, 3, 0, -1, 1], [-3, 4, -9, 0, 3, -2, 1, -4, 10, -5, -2, 2, -4, -4, -13, 0, 2, -2, 4, 1, -4, 3], [0, -1, 2, -1, 0, -1, 0, 0, -2, 1, 2, 0, -1, 0, 3, 0, 0, 0, 0, 0, 0, -1], [0, 1, -2, 1, 0, 1, 0, 0, 2, 0, -1, 0, 1, 0, -3, 0, 0, 0, 0, 0, 0, 1], [-1, 0, 1, -1, -1, -2, -1, 0, -1, 0, 2, -1, -2, -1, 1, -1, 0, 0, 1, 0, 0, 0], [1, -2, 5, -1, -1, 0, 0, 2, -5, 4, 3, -2, 2, 2, 7, -1, -1, 1, -1, 0, 2, -1], [0, 2, -8, 4, 2, 4, -1, 0, 8, -6, -9, 2, 1, -2, -10, 2, -1, -1, 0, 0, -2, 1], [-1, 2, -4, 0, 2, -1, 1, -2, 5, -2, -1, 1, -2, -2, -6, 0, 1, -1, 2, 1, -2, 1], [-1, 1, -2, 0, 0, -2, -1, -2, 3, -3, -1, 1, -3, -1, -4, 0, 1, -1, 1, 0, -2, 1], [3, -1, -2, 4, 2, 8, 0, 4, 1, 0, -8, 1, 6, 1, 0, 2, -3, 0, -3, 0, 2, -1], [-1, 2, -5, 1, 1, 0, -1, -2, 5, -5, -4, 2, -2, -2, -7, 0, 0, -1, 1, 0, -2, 1], [1, -1, 0, 2, 0, 4, -1, 3, -1, 0, -4, 0, 3, 1, 2, 1, -2, 0, -2, 0, 1, -1], [3, 0, -5, 5, 2, 8, -1, 3, 4, -3, -10, 2, 5, 0, -4, 2, -3, 0, -2, 0, 0, 0], [0, 2, -7, 3, 2, 3, -1, 0, 7, -5, -7, 2, 0, -2, -9, 1, 0, -1, 0, 0, -2, 1], [-1, 0, 4, -3, -2, -5, 0, -2, -3, 1, 6, -1, -3, 0, 3, -1, 2, 0, 1, 0, 0, 0]]
[[0, 0, -2, 0, 1, 0, 0, -1, 2, -2, -1, 1, -1, -1, -3, 0, 0, 0, 1, 0, -1, 1], [1, 0, 5, -2, 0, -2, 3, 0, -4, 6, 6, -1, 1, 2, 6, 0, 1, 1, 0, 1, 2, -1], [1, 0, 3, 0, 0, 1, 2, 1, -2, 4, 2, 0, 2, 1, 4, 1, 0, 0, -1, 1, 2, -1], [-4, 5, -23, 10, 3, 12, -8, 0, 19, -21, -24, 7, -2, -9, -26, 2, -4, -4, 1, -2, -7, 5], [-3, 5, -21, 8, 5, 12, -5, 0, 18, -16, -20, 7, -1, -8, -24, 2, -3, -3, 2, -1, -6, 5], [-1, 0, -2, 0, 1, 1, 0, -1, 2, -2, -1, 1, -1, -1, -3, 0, 0, 0, 1, 0, -1, 1], [3, -3, 15, -5, -3, -7, 5, 1, -13, 13, 14, -5, 2, 6, 18, -1, 2, 2, -2, 1, 5, -4], [3, -3, 15, -5, -3, -7, 4, 2, -13, 13, 14, -5, 2, 6, 18, -1, 2, 2, -2, 1, 5, -4], [2, -4, 16, -7, -2, -10, 5, -1, -12, 13, 17, -5, 0, 6, 17, -2, 3, 3, 0, 1, 4, -3], [0, -1, 3, -1, -1, -2, 0, 0, -3, 2, 2, -1, 0, 1, 4, 0, 0, 0, -1, 0, 1, -1], [1, -1, 5, -2, -1, -3, 1, 0, -4, 4, 6, -2, 0, 2, 5, -1, 1, 1, 0, 0, 1, -1], [2, -2, 10, -3, -3, -5, 1, 1, -9, 7, 8, -3, 1, 4, 12, -1, 1, 1, -2, 0, 3, -3], [1, 0, 2, 0, -1, 0, 0, 1, -2, 2, 1, -1, 2, 1, 3, 0, 0, 0, -1, 0, 1, -1], [-3, 3, -15, 5, 3, 7, -4, -1, 13, -13, -14, 5, -2, -5, -18, 1, -2, -2, 2, -1, -5, 4], [0, -1, 3, -2, 0, -3, 1, -1, -2, 2, 4, -1, -1, 1, 3, -1, 1, 1, 1, 0, 0, 0], [0, 1, -3, 1, 1, 2, 0, 0, 3, -1, -2, 1, 0, -1, -4, 1, 0, 0, 1, 0, -1, 1], [-5, 5, -25, 9, 4, 12, -8, -1, 21, -23, -25, 8, -3, -10, -29, 2, -3, -4, 2, -2, -8, 6], [0, 0, 0, 0, 0, 0, 0, 0, 0, 0, 0, 0, 0, 0, 0, 0, 0, 1, 0, 0, 0, 0], [-2, 2, -10, 4, 1, 5, -4, 0, 8, -10, -11, 3, -1, -4, -11, 1, -2, -2, 1, -1, -3, 2], [-4, 4, -20, 7, 3, 9, -7, -1, 17, -19, -20, 6, -3, -8, -24, 1, -3, -3, 2, -1, -7, 5], [-2, 2, -10, 3, 2, 4, -3, -1, 9, -9, -9, 3, -2, -4, -13, 0, -1, -1, 2, -1, -3, 3], [2, -1, 7, -2, -1, -2, 3, 1, -6, 8, 7, -2, 2, 3, 9, 0, 1, 1, -1, 1, 3, -1]]
[[0, 0, -1, 0, 0, 0, -1, 0, 1, -2, -1, 0, -1, -1, -2, 0, 0, 0, 0, 0, -1, 0], [0, 1, 0, 0, 0, 1, 0, 0, 0, 0, 0, 1, 0, 0, 0, 0, 0, 0, 0, 0, 0, 0], [1, 1, -2, 2, 1, 5, 1, 1, 2, 1, -3, 2, 3, 0, -2, 1, -1, 0, 0, 0, 1, 1], [0, 1, -6, 4, 1, 7, -1, 1, 4, -3, -7, 3, 3, -1, -6, 1, -2, 0, 0, -1, 0, 2], [0, 1, -4, 2, 2, 6, 0, 1, 3, -1, -4, 3, 2, -1, -4, 1, -1, 0, 0, 0, 0, 1], [0, 0, 0, 0, 0, 0, 0, 0, 0, 0, 0, -1, 0, 0, 0, 0, 0, 0, 0, 0, 0, 0], [0, 0, 0, 0, 0, 0, 1, 0, 0, 0, 0, 0, 0, 0, 0, 0, 0, 0, 0, 0, 0, 0], [0, 0, 0, 0, 0, 0, 0, 1, 0, 0, 0, 0, 0, 0, 0, 0, 0, 0, 0, 0, 0, 0], [-1, 0, -1, 0, 0, -2, -1, 0, 2, -2, -1, -2, -1, -1, -2, 0, 0, 0, 0, 0, -1, 0], [0, -1, 4, -2, -1, -4, 0, -1, -3, 2, 4, -1, -2, 1, 4, -1, 1, 0, 0, 0, 0, -1], [0, 0, 0, 0, 0, -1, 0, 0, 0, 0, 1, -1, 0, 0, 0, 0, 0, 0, 0, 0, 0, 0], [0, 0, 0, 0, 0, -1, 0, 0, 0, 0, 0, 0, 0, 0, 0, 0, 0, 0, 0, 0, 0, 0], [1, 0, 1, 0, 0, 0, 1, 0, -1, 2, 1, 0, 2, 1, 2, 0, 0, 0, 0, 0, 1, 0], [-1, 1, -5, 2, 1, 4, -1, 1, 4, -3, -5, 1, 1, -1, -6, 1, -1, 0, 0, 0, -1, 1], [-1, 0, -1, 0, 0, -1, -1, 0, 1, -2, -1, -1, -1, -1, -1, 0, 0, 0, 0, 0, -1, 0], [0, 0, 0, 0, 0, 1, 0, 0, 0, 0, 0, 1, 0, 0, 0, 1, 0, 0, 0, 0, 0, 0], [0, 1, -6, 3, 1, 6, -1, 1, 4, -3, -7, 2, 3, -1, -6, 1, -1, 0, 0, -1, 0, 2], [0, 0, 0, 0, 0, 0, 0, 0, 0, 0, 0, 0, 0, 0, 0, 0, 0, 1, 0, 0, 0, 0], [0, 0, 0, 0, 0, 0, 0, 0, 0, 0, 0, 0, 0, 0, 0, 0, 0, 0, 1, 0, 0, 0], [0, 0, -2, 1, 0, 2, -1, 0, 1, -2, -3, 1, 1, 0, -2, 0, -1, 0, 0, 0, 0, 1], [-1, 0, -1, 0, 0, 0, -1, 0, 1, -2, -1, 0, -1, -1, -2, 0, 0, 0, 0, 0, 0, 0], [0, 0, 2, -1, 0, -1, 1, 0, -1, 2, 3, 0, -1, 0, 2, 0, 1, 0, 0, 1, 0, 0]]
[[1, 0, 0, 0, 0, 0, 0, 0, 0, 0, 0, 0, 0, 0, 0, 0, 0, 0, 0, 0, 0, 0], [0, 1, 0, 0, 0, 0, 0, 0, 0, 0, 0, 0, 0, 0, 0, 0, 0, 0, 0, 0, 0, 0], [0, 0, 1, 0, 0, 0, 0, 0, 0, 0, 0, 0, 0, 0, 0, 0, 0, 0, 0, 0, 0, 0], [0, 0, 0, 1, 0, 0, 0, 0, 0, 0, 0, 0, 0, 0, 0, 0, 0, 0, 0, 0, 0, 0], [0, 0, 0, 0, 1, 0, 0, 0, 0, 0, 0, 0, 0, 0, 0, 0, 0, 0, 0, 0, 0, 0], [0, 0, 0, 0, 0, 1, 0, 0, 0, 0, 0, 0, 0, 0, 0, 0, 0, 0, 0, 0, 0, 0], [0, 0, 0, 0, 0, 0, 1, 0, 0, 0, 0, 0, 0, 0, 0, 0, 0, 0, 0, 0, 0, 0], [0, 0, 0, 0, 0, 0, 0, 1, 0, 0, 0, 0, 0, 0, 0, 0, 0, 0, 0, 0, 0, 0], [0, 0, 0, 0, 0, 0, 0, 0, 1, 0, 0, 0, 0, 0, 0, 0, 0, 0, 0, 0, 0, 0], [0, 0, 0, 0, 0, 0, 0, 0, 0, 1, 0, 0, 0, 0, 0, 0, 0, 0, 0, 0, 0, 0], [0, 0, 0, 0, 0, 0, 0, 0, 0, 0, 1, 0, 0, 0, 0, 0, 0, 0, 0, 0, 0, 0], [0, 0, 0, 0, 0, 0, 0, 0, 0, 0, 0, 1, 0, 0, 0, 0, 0, 0, 0, 0, 0, 0], [0, 0, 0, 0, 0, 0, 0, 0, 0, 0, 0, 0, 1, 0, 0, 0, 0, 0, 0, 0, 0, 0], [0, 0, 0, 0, 0, 0, 0, 0, 0, 0, 0, 0, 0, 1, 0, 0, 0, 0, 0, 0, 0, 0], [0, 0, 0, 0, 0, 0, 0, 0, 0, 0, 0, 0, 0, 0, 1, 0, 0, 0, 0, 0, 0, 0], [0, 0, 0, 0, 0, 0, 0, 0, 0, 0, 0, 0, 0, 0, 0, 1, 0, 0, 0, 0, 0, 0], [0, 0, 0, 0, 0, 0, 0, 0, 0, 0, 0, 0, 0, 0, 0, 0, 1, 0, 0, 0, 0, 0], [0, 0, 0, 0, 0, 0, 0, 0, 0, 0, 0, 0, 0, 0, 0, 0, 0, 1, 0, 0, 0, 0], [0, 0, 0, 0, 0, 0, 0, 0, 0, 0, 0, 0, 0, 0, 0, 0, 0, 0, 1, 0, 0, 0], [0, 0, 0, 0, 0, 0, 0, 0, 0, 0, 0, 0, 0, 0, 0, 0, 0, 0, 0, 1, 0, 0], [0, 0, 0, 0, 0, 0, 0, 0, 0, 0, 0, 0, 0, 0, 0, 0, 0, 0, 0, 0, 1, 0], [0, 0, 0, 0, 0, 0, 0, 0, 0, 0, 0, 0, 0, 0, 0, 0, 0, 0, 0, 0, 0, 1]]
[[1, -1, 9, -5, -2, -6, 2, -1, -8, 9, 11, -3, 1, 5, 10, -1, 2, 2, 0, 1, 3, -2], [0, 0, 1, 0, 0, -1, 0, 0, -1, 1, 1, 0, 0, 0, 2, 0, 0, 1, 0, 0, 0, 0], [-2, 1, -14, 9, 2, 8, -5, 2, 12, -15, -18, 5, -2, -7, -15, 2, -4, -3, -1, -2, -5, 3], [-2, 3, -25, 15, 4, 15, -7, 3, 21, -25, -30, 8, -3, -12, -27, 3, -6, -6, -1, -3, -8, 5], [-2, 2, -20, 12, 3, 11, -7, 3, 16, -20, -24, 6, -3, -9, -21, 2, -5, -4, -1, -3, -7, 4], [-1, 0, -4, 2, 1, 2, -1, 0, 3, -4, -4, 2, -2, -2, -4, 0, -1, -1, 0, 0, -2, 1], [1, -1, 9, -5, -1, -5, 3, -1, -7, 9, 10, -3, 2, 4, 10, -1, 2, 2, 0, 1, 3, -2], [1, -1, 9, -5, -1, -5, 2, 0, -7, 9, 10, -3, 2, 4, 10, -1, 2, 2, 0, 1, 3, -2], [2, -3, 25, -15, -4, -16, 7, -4, -21, 23, 30, -7, 0, 11, 27, -4, 6, 5, 1, 4, 7, -5], [0, 0, 0, 0, 0, 1, 1, 0, 0, 1, 0, 0, 1, 0, 0, 1, 0, 0, 0, 0, 1, 0], [1, -1, 9, -5, -3, -6, 1, -1, -9, 7, 11, -3, -1, 4, 10, -2, 2, 2, 0, 1, 2, -2], [1, 0, 4, -2, -1, -1, 1, 0, -3, 4, 4, -1, 2, 2, 4, 0, 1, 1, 0, 0, 2, -1], [0, 1, -5, 3, 0, 4, -1, 1, 4, -5, -6, 1, 1, -2, -6, 1, -1, -1, 0, -1, -1, 1], [0, 0, -4, 2, 2, 2, -1, 0, 4, -4, -5, 2, -1, -2, -4, 0, -1, -1, 0, 0, -2, 1], [1, -1, 11, -7, -1, -7, 4, -2, -9, 11, 14, -3, 0, 5, 12, -2, 3, 2, 1, 2, 3, -2], [0, 0, 0, 0, 0, -1, -1, 0, 0, 0, 0, 0, -1, 0, 0, 0, 0, 0, 0, 0, -1, 0], [-2, 2, -18, 10, 4, 10, -5, 2, 16, -18, -21, 6, -3, -9, -20, 2, -4, -5, 0, -2, -6, 3], [0, 0, 4, -3, 0, -3, 1, -1, -3, 4, 5, -1, 0, 2, 4, -1, 1, 1, 0, 1, 1, -1], [-1, 2, -12, 6, 3, 8, -2, 1, 11, -10, -14, 4, 1, -5, -13, 2, -2, -3, 0, -1, -3, 3], [-1, 2, -14, 8, 3, 9, -3, 2, 13, -12, -16, 4, 0, -6, -16, 2, -3, -3, 0, -1, -4, 3], [0, 0, 0, 0, 0, -1, -1, 0, 0, 0, 0, 0, -1, 0, 0, -1, 0, 0, 0, 0, 0, 0], [0, -1, 5, -2, -2, -4, -1, 0, -5, 3, 5, -2, -1, 2, 6, -1, 0, 1, 0, 0, 1, -1]]
[[1, -2, 16, -10, -5, -14, 1, -3, -16, 11, 21, -7, -5, 5, 18, -4, 5, 1, 1, 1, 4, -4], [0, 1, 0, 0, 0, 0, 0, 0, 0, 0, 0, 0, 0, 0, 0, 0, 0, 0, 0, 0, 0, 0], [0, 3, -20, 13, 6, 18, -2, 4, 20, -14, -27, 9, 7, -6, -23, 5, -6, -1, -2, -2, -5, 5], [0, 4, -32, 21, 10, 28, -2, 6, 32, -22, -42, 14, 10, -10, -36, 8, -10, -2, -2, -2, -8, 8], [0, 3, -20, 12, 7, 17, -1, 3, 20, -14, -26, 9, 6, -6, -23, 5, -6, -2, -1, -1, -5, 5], [0, 2, -9, 5, 2, 8, -1, 1, 8, -6, -11, 4, 3, -2, -10, 2, -2, -1, -1, -1, -2, 2], [0, -1, 7, -4, -2, -6, 1, -1, -7, 5, 9, -3, -2, 2, 8, -2, 2, 1, 0, 0, 2, -2], [0, -2, 15, -9, -4, -13, 1, -2, -14, 10, 19, -6, -5, 4, 16, -4, 4, 1, 1, 1, 4, -4], [0, -3, 29, -19, -10, -26, 2, -6, -29, 20, 39, -13, -9, 10, 33, -7, 10, 1, 2, 2, 7, -7], [0, 0, -3, 2, 1, 3, 0, 1, 3, -1, -4, 1, 1, -1, -3, 1, -1, 0, 0, 0, -1, 1], [0, -1, 9, -6, -3, -8, 1, -2, -9, 6, 13, -4, -3, 3, 10, -2, 3, 0, 1, 1, 2, -2], [0, -2, 9, -5, -2, -7, 1, -1, -8, 6, 11, -3, -3, 2, 10, -2, 2, 1, 1, 1, 2, -2], [0, 0, -7, 5, 3, 7, 0, 2, 8, -5, -10, 3, 3, -3, -8, 2, -3, 0, 0, 0, -2, 2], [0, 0, 3, -2, -1, -3, 0, -1, -3, 2, 4, -1, -1, 2, 3, -1, 1, 0, 0, 0, 1, -1], [0, -1, 12, -8, -4, -11, 1, -3, -12, 8, 16, -5, -4, 4, 14, -3, 4, 0, 1, 1, 3, -3], [0, 0, 3, -2, -1, -3, 0, -1, -3, 2, 4, -1, -1, 1, 3, 0, 1, 0, 0, 0, 1, -1], [0, 2, -17, 11, 6, 15, -1, 3, 18, -12, -23, 8, 5, -6, -20, 4, -5, -1, -1, -1, -4, 4], [0, -1, 12, -8, -4, -11, 1, -3, -12, 8, 16, -5, -4, 4, 13, -3, 4, 1, 1, 1, 3, -3], [0, 1, -9, 6, 3, 8, -1, 2, 9, -6, -12, 4, 3, -3, -10, 2, -3, 0, 0, -1, -2, 2], [0, 1, -9, 6, 3, 8, -1, 2, 9, -6, -12, 4, 3, -3, -10, 2, -3, 0, -1, 0, -2, 2], [0, 0, 4, -3, -2, -4, 0, -1, -5, 3, 6, -2, -1, 2, 5, -1, 2, 0, 0, 0, 2, -1], [0, 0, 3, -2, -1, -3, 0, -1, -3, 2, 4, -1, -1, 1, 3, -1, 1, 0, 0, 0, 1, 0]]
[[1, 0, 0, 0, 0, 0, 0, 0, 0, 0, 0, 0, 0, 0, 0, 0, 0, 0, 0, 0, 0, 0], [0, 1, 0, 0, 0, 0, 0, 0, 0, 0, 0, 0, 0, 0, 0, 0, 0, 0, 0, 0, 0, 0], [0, 0, 1, 0, 0, 0, 0, 0, 0, 0, 0, 0, 0, 0, 0, 0, 0, 0, 0, 0, 0, 0], [0, 0, 0, 1, 0, 0, 0, 0, 0, 0, 0, 0, 0, 0, 0, 0, 0, 0, 0, 0, 0, 0], [0, 0, 0, 0, 1, 0, 0, 0, 0, 0, 0, 0, 0, 0, 0, 0, 0, 0, 0, 0, 0, 0], [0, 0, 0, 0, 0, 1, 0, 0, 0, 0, 0, 0, 0, 0, 0, 0, 0, 0, 0, 0, 0, 0], [0, 0, 0, 0, 0, 0, 1, 0, 0, 0, 0, 0, 0, 0, 0, 0, 0, 0, 0, 0, 0, 0], [0, 0, 0, 0, 0, 0, 0, 1, 0, 0, 0, 0, 0, 0, 0, 0, 0, 0, 0, 0, 0, 0], [0, 0, 0, 0, 0, 0, 0, 0, 1, 0, 0, 0, 0, 0, 0, 0, 0, 0, 0, 0, 0, 0], [0, 0, 0, 0, 0, 0, 0, 0, 0, 1, 0, 0, 0, 0, 0, 0, 0, 0, 0, 0, 0, 0], [0, 0, 0, 0, 0, 0, 0, 0, 0, 0, 1, 0, 0, 0, 0, 0, 0, 0, 0, 0, 0, 0], [0, 0, 0, 0, 0, 0, 0, 0, 0, 0, 0, 1, 0, 0, 0, 0, 0, 0, 0, 0, 0, 0], [0, 0, 0, 0, 0, 0, 0, 0, 0, 0, 0, 0, 1, 0, 0, 0, 0, 0, 0, 0, 0, 0], [0, 0, 0, 0, 0, 0, 0, 0, 0, 0, 0, 0, 0, 1, 0, 0, 0, 0, 0, 0, 0, 0], [0, 0, 0, 0, 0, 0, 0, 0, 0, 0, 0, 0, 0, 0, 1, 0, 0, 0, 0, 0, 0, 0], [0, 0, 0, 0, 0, 0, 0, 0, 0, 0, 0, 0, 0, 0, 0, 1, 0, 0, 0, 0, 0, 0], [0, 0, 0, 0, 0, 0, 0, 0, 0, 0, 0, 0, 0, 0, 0, 0, 1, 0, 0, 0, 0, 0], [0, 0, 0, 0, 0, 0, 0, 0, 0, 0, 0, 0, 0, 0, 0, 0, 0, 1, 0, 0, 0, 0], [0, 0, 0, 0, 0, 0, 0, 0, 0, 0, 0, 0, 0, 0, 0, 0, 0, 0, 1, 0, 0, 0], [0, 0, 0, 0, 0, 0, 0, 0, 0, 0, 0, 0, 0, 0, 0, 0, 0, 0, 0, 1, 0, 0], [0, 0, 0, 0, 0, 0, 0, 0, 0, 0, 0, 0, 0, 0, 0, 0, 0, 0, 0, 0, 1, 0], [0, 0, 0, 0, 0, 0, 0, 0, 0, 0, 0, 0, 0, 0, 0, 0, 0, 0, 0, 0, 0, 1]]
[[1, 0, 0, 0, 0, 0, 0, 0, 0, 0, 0, 0, 0, 0, 0, 0, 0, 0, 0, 0, 0, 0], [0, 1, 0, 0, 0, 0, 0, 0, 0, 0, 0, 0, 0, 0, 0, 0, 0, 0, 0, 0, 0, 0], [0, 0, 1, 0, 0, 0, 0, 0, 0, 0, 0, 0, 0, 0, 0, 0, 0, 0, 0, 0, 0, 0], [0, 0, 0, 1, 0, 0, 0, 0, 0, 0, 0, 0, 0, 0, 0, 0, 0, 0, 0, 0, 0, 0], [0, 0, 0, 0, 1, 0, 0, 0, 0, 0, 0, 0, 0, 0, 0, 0, 0, 0, 0, 0, 0, 0], [0, 0, 0, 0, 0, 1, 0, 0, 0, 0, 0, 0, 0, 0, 0, 0, 0, 0, 0, 0, 0, 0], [0, 0, 0, 0, 0, 0, 1, 0, 0, 0, 0, 0, 0, 0, 0, 0, 0, 0, 0, 0, 0, 0], [0, 0, 0, 0, 0, 0, 0, 1, 0, 0, 0, 0, 0, 0, 0, 0, 0, 0, 0, 0, 0, 0], [0, 0, 0, 0, 0, 0, 0, 0, 1, 0, 0, 0, 0, 0, 0, 0, 0, 0, 0, 0, 0, 0], [0, 0, 0, 0, 0, 0, 0, 0, 0, 1, 0, 0, 0, 0, 0, 0, 0, 0, 0, 0, 0, 0], [0, 0, 0, 0, 0, 0, 0, 0, 0, 0, 1, 0, 0, 0, 0, 0, 0, 0, 0, 0, 0, 0], [0, 0, 0, 0, 0, 0, 0, 0, 0, 0, 0, 1, 0, 0, 0, 0, 0, 0, 0, 0, 0, 0], [0, 0, 0, 0, 0, 0, 0, 0, 0, 0, 0, 0, 1, 0, 0, 0, 0, 0, 0, 0, 0, 0], [0, 0, 0, 0, 0, 0, 0, 0, 0, 0, 0, 0, 0, 1, 0, 0, 0, 0, 0, 0, 0, 0], [0, 0, 0, 0, 0, 0, 0, 0, 0, 0, 0, 0, 0, 0, 1, 0, 0, 0, 0, 0, 0, 0], [0, 0, 0, 0, 0, 0, 0, 0, 0, 0, 0, 0, 0, 0, 0, 1, 0, 0, 0, 0, 0, 0], [0, 0, 0, 0, 0, 0, 0, 0, 0, 0, 0, 0, 0, 0, 0, 0, 1, 0, 0, 0, 0, 0], [0, 0, 0, 0, 0, 0, 0, 0, 0, 0, 0, 0, 0, 0, 0, 0, 0, 1, 0, 0, 0, 0], [0, 0, 0, 0, 0, 0, 0, 0, 0, 0, 0, 0, 0, 0, 0, 0, 0, 0, 1, 0, 0, 0], [0, 0, 0, 0, 0, 0, 0, 0, 0, 0, 0, 0, 0, 0, 0, 0, 0, 0, 0, 1, 0, 0], [0, 0, 0, 0, 0, 0, 0, 0, 0, 0, 0, 0, 0, 0, 0, 0, 0, 0, 0, 0, 1, 0], [0, 0, 0, 0, 0, 0, 0, 0, 0, 0, 0, 0, 0, 0, 0, 0, 0, 0, 0, 0, 0, 1]]
[[-1, 0, 0, 0, -1, -2, -1, 0, 0, -1, 0, -1, -1, 0, 0, 0, 0, 0, 0, 0, 0, 0], [0, 1, -3, 3, -1, 3, -1, 1, 2, -2, -4, 1, 1, -1, -3, 1, -1, 0, -1, -1, 0, 1], [0, 0, -4, 4, 0, 5, -1, 2, 3, -3, -5, 2, 0, -2, -5, 1, -2, -1, -1, -1, -1, 1], [0, 0, -2, 1, 2, 2, 0, 0, 2, -2, -2, 2, -2, -2, -2, 0, 0, -2, 0, 0, -2, 0], [0, 0, -5, 5, -1, 5, -3, 2, 3, -5, -7, 2, 0, -2, -5, 1, -2, -1, -2, -2, -1, 1], [0, 0, 2, -2, 1, -1, 2, -1, -1, 3, 3, -1, 1, 1, 2, 0, 1, 1, 1, 1, 1, 0], [0, 0, 0, 0, 0, 0, 1, 0, 0, 0, 0, 0, 0, 0, 0, 0, 0, 0, 0, 0, 0, 0], [0, 0, -3, 3, -1, 3, -1, 2, 2, -2, -4, 1, 1, -1, -3, 1, -1, 0, -1, -1, 0, 1], [0, 0, 4, -4, 2, -4, 4, -2, -1, 6, 6, -2, 2, 2, 4, 0, 2, 2, 2, 2, 2, 0], [0, 0, 2, -1, -1, -2, -1, 0, -2, 0, 2, -1, -1, 0, 2, -1, 0, 0, 0, 0, 0, -1], [0, 0, 3, -3, 1, -3, 2, -2, -1, 4, 4, -1, 1, 2, 3, 0, 2, 1, 1, 1, 1, 0], [0, 0, 0, 0, 0, 0, 0, 0, 0, 0, 0, 1, 0, 0, 0, 0, 0, 0, 0, 0, 0, 0], [0, 0, -1, 0, 1, 1, 0, 0, 1, 0, -1, 1, 0, 0, -1, 0, 0, -1, 0, 0, -1, 0], [0, 0, -2, 1, 1, 2, 1, 0, 2, -1, -2, 1, 1, -1, -2, 1, 0, 0, 0, 0, 0, 1], [0, 0, 2, -2, 1, -2, 2, -1, -1, 3, 3, -1, 1, 1, 3, 0, 1, 1, 1, 1, 1, 0], [0, 0, -1, 2, -2, 1, -2, 1, 0, -2, -2, 0, 0, 0, -1, 0, -1, 0, -1, -1, 0, 1], [0, 0, -2, 1, 1, 2, 0, 1, 1, -1, -1, 1, -1, -1, -2, 0, 0, -1, 0, 0, -1, 0], [0, 0, 0, 0, 0, 0, 0, 0, 0, 0, 0, 0, 0, 0, 0, 0, 0, 1, 0, 0, 0, 0], [0, 0, -1, 0, 1, 1, 0, 0, 1, -1, -1, 1, -1, -1, -1, 0, 0, -1, 0, 1, -1, 0], [0, 0, -1, 0, 1, 1, 0, 0, 1, -1, -1, 1, -1, -1, -1, 0, 0, -1, 1, 0, -1, 0], [0, 0, 0, 0, 0, 0, 0, 0, 0, 0, 0, 0, 0, 0, 0, 0, 0, 0, 0, 0, 1, 0], [0, 0, -1, 2, -2, 1, -2, 1, 0, -2, -2, 0, 0, 0, -1, 1, -1, 0, -1, -1, 0, 0]]
[[1, 0, 0, 0, 0, 0, 0, 0, 0, 0, 0, 0, 0, 0, 0, 0, 0, 0, 0, 0, 0, 0], [0, 1, 0, 0, 0, 0, 0, 0, 0, 0, 0, 0, 0, 0, 0, 0, 0, 0, 0, 0, 0, 0], [0, 0, 1, 0, 0, 0, 0, 0, 0, 0, 0, 0, 0, 0, 0, 0, 0, 0, 0, 0, 0, 0], [0, 0, 0, 1, 0, 0, 0, 0, 0, 0, 0, 0, 0, 0, 0, 0, 0, 0, 0, 0, 0, 0], [0, 0, 0, 0, 1, 0, 0, 0, 0, 0, 0, 0, 0, 0, 0, 0, 0, 0, 0, 0, 0, 0], [0, 0, 0, 0, 0, 1, 0, 0, 0, 0, 0, 0, 0, 0, 0, 0, 0, 0, 0, 0, 0, 0], [0, 0, 0, 0, 0, 0, 1, 0, 0, 0, 0, 0, 0, 0, 0, 0, 0, 0, 0, 0, 0, 0], [0, 0, 0, 0, 0, 0, 0, 1, 0, 0, 0, 0, 0, 0, 0, 0, 0, 0, 0, 0, 0, 0], [0, 0, 0, 0, 0, 0, 0, 0, 1, 0, 0, 0, 0, 0, 0, 0, 0, 0, 0, 0, 0, 0], [0, 0, 0, 0, 0, 0, 0, 0, 0, 1, 0, 0, 0, 0, 0, 0, 0, 0, 0, 0, 0, 0], [0, 0, 0, 0, 0, 0, 0, 0, 0, 0, 1, 0, 0, 0, 0, 0, 0, 0, 0, 0, 0, 0], [0, 0, 0, 0, 0, 0, 0, 0, 0, 0, 0, 1, 0, 0, 0, 0, 0, 0, 0, 0, 0, 0], [0, 0, 0, 0, 0, 0, 0, 0, 0, 0, 0, 0, 1, 0, 0, 0, 0, 0, 0, 0, 0, 0], [0, 0, 0, 0, 0, 0, 0, 0, 0, 0, 0, 0, 0, 1, 0, 0, 0, 0, 0, 0, 0, 0], [0, 0, 0, 0, 0, 0, 0, 0, 0, 0, 0, 0, 0, 0, 1, 0, 0, 0, 0, 0, 0, 0], [0, 0, 0, 0, 0, 0, 0, 0, 0, 0, 0, 0, 0, 0, 0, 1, 0, 0, 0, 0, 0, 0], [0, 0, 0, 0, 0, 0, 0, 0, 0, 0, 0, 0, 0, 0, 0, 0, 1, 0, 0, 0, 0, 0], [0, 0, 0, 0, 0, 0, 0, 0, 0, 0, 0, 0, 0, 0, 0, 0, 0, 1, 0, 0, 0, 0], [0, 0, 0, 0, 0, 0, 0, 0, 0, 0, 0, 0, 0, 0, 0, 0, 0, 0, 1, 0, 0, 0], [0, 0, 0, 0, 0, 0, 0, 0, 0, 0, 0, 0, 0, 0, 0, 0, 0, 0, 0, 1, 0, 0], [0, 0, 0, 0, 0, 0, 0, 0, 0, 0, 0, 0, 0, 0, 0, 0, 0, 0, 0, 0, 1, 0], [0, 0, 0, 0, 0, 0, 0, 0, 0, 0, 0, 0, 0, 0, 0, 0, 0, 0, 0, 0, 0, 1]]
[[1, 0, 4, -3, 0, -4, 2, -2, -3, 3, 6, -1, -2, 1, 4, -1, 2, 0, 1, 1, 0, -1], [0, -1, 3, -1, -1, -3, -1, 0, -3, 0, 3, 0, -3, 0, 3, -1, 0, 0, 0, 0, 0, -1], [0, 0, -3, 3, 0, 4, -2, 2, 2, -3, -6, 2, 2, -1, -2, 1, -2, 0, -1, -1, 0, 1], [0, 0, -8, 7, 0, 8, -4, 4, 6, -6, -12, 2, 4, -2, -8, 2, -4, 0, -2, -2, 0, 2], [0, 0, -1, 1, 1, 1, -1, 1, 1, -1, -2, 1, 0, -1, -1, 0, -1, 0, 0, 0, 0, 0], [0, 0, -3, 2, -1, 2, -3, 1, 1, -4, -4, 1, -1, -1, -3, 0, -1, -1, -1, -1, -1, 0], [0, 0, 0, 0, 0, 0, 1, 0, 0, 0, 0, 0, 0, 0, 0, 0, 0, 0, 0, 0, 0, 0], [0, 0, 4, -3, 0, -4, 2, -2, -3, 2, 5, -1, -2, 1, 4, -1, 1, 0, 1, 1, 0, -1], [0, 0, 2, -2, -2, -6, -2, -2, -3, -2, 4, -2, -6, 0, 2, -2, 2, -2, 0, 0, -2, -2], [0, 0, 0, 0, 1, 2, 2, 0, 1, 3, 0, 1, 3, 1, 0, 1, 0, 1, 0, 0, 1, 1], [0, 0, 0, 0, -1, -2, -2, 0, -1, -2, 1, -1, -3, -1, 0, -1, 0, -1, 0, 0, -1, -1], [0, 0, 0, 0, 0, 0, 0, 0, 0, 0, 0, -1, 0, 0, 0, 0, 0, 0, 0, 0, 0, 0], [0, 0, -1, 1, 1, 3, 1, 1, 2, 1, -2, 0, 4, 0, -1, 1, -1, 1, 0, 0, 1, 1], [0, 0, 0, 0, -1, -2, -2, 0, -1, -2, 0, -1, -3, 0, 0, -1, 0, -1, 0, 0, -1, -1], [0, 0, 1, -1, -1, -3, -1, -1, -1, -1, 2, -1, -3, 0, 0, -1, 1, -1, 0, 0, -1, -1], [0, 0, 3, -2, 0, -3, 1, -1, -2, 2, 4, 0, -2, 0, 3, 0, 1, 0, 1, 1, 0, -1], [0, 0, -4, 3, 0, 4, -2, 1, 3, -4, -7, 1, 2, -1, -4, 1, -2, 0, -1, -1, 0, 1], [0, 0, 1, -1, -1, -3, -1, -1, -2, -1, 2, -1, -3, 0, 1, -1, 1, -1, 0, 0, 0, -1], [0, 0, -3, 2, 0, 3, -1, 1, 2, -2, -4, 0, 2, 0, -3, 1, -1, 0, 0, -1, 0, 1], [0, 0, -3, 2, 0, 3, -1, 1, 2, -2, -4, 0, 2, 0, -3, 1, -1, 0, -1, 0, 0, 1], [0, 0, 1, -1, -1, -3, -1, -1, -2, -1, 2, -1, -3, 0, 1, -1, 1, 0, 0, 0, -1, -1], [0, 0, 3, -2, 0, -3, 1, -1, -2, 2, 4, 0, -2, 0, 3, -1, 1, 0, 1, 1, 0, 0]]
[[1, 0, 0, 0, 0, 0, 0, 0, 0, 0, 0, 0, 0, 0, 0, 0, 0, 0, 0, 0, 0, 0], [0, 1, 0, 0, 0, 0, 0, 0, 0, 0, 0, 0, 0, 0, 0, 0, 0, 0, 0, 0, 0, 0], [0, 0, 1, 0, 0, 0, 0, 0, 0, 0, 0, 0, 0, 0, 0, 0, 0, 0, 0, 0, 0, 0], [0, 0, 0, 1, 0, 0, 0, 0, 0, 0, 0, 0, 0, 0, 0, 0, 0, 0, 0, 0, 0, 0], [0, 0, 0, 0, 1, 0, 0, 0, 0, 0, 0, 0, 0, 0, 0, 0, 0, 0, 0, 0, 0, 0], [0, 0, 0, 0, 0, 1, 0, 0, 0, 0, 0, 0, 0, 0, 0, 0, 0, 0, 0, 0, 0, 0], [0, 0, 0, 0, 0, 0, 1, 0, 0, 0, 0, 0, 0, 0, 0, 0, 0, 0, 0, 0, 0, 0], [0, 0, 0, 0, 0, 0, 0, 1, 0, 0, 0, 0, 0, 0, 0, 0, 0, 0, 0, 0, 0, 0], [0, 0, 0, 0, 0, 0, 0, 0, 1, 0, 0, 0, 0, 0, 0, 0, 0, 0, 0, 0, 0, 0], [0, 0, 0, 0, 0, 0, 0, 0, 0, 1, 0, 0, 0, 0, 0, 0, 0, 0, 0, 0, 0, 0], [0, 0, 0, 0, 0, 0, 0, 0, 0, 0, 1, 0, 0, 0, 0, 0, 0, 0, 0, 0, 0, 0], [0, 0, 0, 0, 0, 0, 0, 0, 0, 0, 0, 1, 0, 0, 0, 0, 0, 0, 0, 0, 0, 0], [0, 0, 0, 0, 0, 0, 0, 0, 0, 0, 0, 0, 1, 0, 0, 0, 0, 0, 0, 0, 0, 0], [0, 0, 0, 0, 0, 0, 0, 0, 0, 0, 0, 0, 0, 1, 0, 0, 0, 0, 0, 0, 0, 0], [0, 0, 0, 0, 0, 0, 0, 0, 0, 0, 0, 0, 0, 0, 1, 0, 0, 0, 0, 0, 0, 0], [0, 0, 0, 0, 0, 0, 0, 0, 0, 0, 0, 0, 0, 0, 0, 1, 0, 0, 0, 0, 0, 0], [0, 0, 0, 0, 0, 0, 0, 0, 0, 0, 0, 0, 0, 0, 0, 0, 1, 0, 0, 0, 0, 0], [0, 0, 0, 0, 0, 0, 0, 0, 0, 0, 0, 0, 0, 0, 0, 0, 0, 1, 0, 0, 0, 0], [0, 0, 0, 0, 0, 0, 0, 0, 0, 0, 0, 0, 0, 0, 0, 0, 0, 0, 1, 0, 0, 0], [0, 0, 0, 0, 0, 0, 0, 0, 0, 0, 0, 0, 0, 0, 0, 0, 0, 0, 0, 1, 0, 0], [0, 0, 0, 0, 0, 0, 0, 0, 0, 0, 0, 0, 0, 0, 0, 0, 0, 0, 0, 0, 1, 0], [0, 0, 0, 0, 0, 0, 0, 0, 0, 0, 0, 0, 0, 0, 0, 0, 0, 0, 0, 0, 0, 1]]

#################
# GALOIS GROUPS #
#################


Generators of the monodromy group on the generic Picard lattice:
[[-1, 1, 1, -1, -2, -1, -1, 0, -1, 1, 2, 0, 1, 0, 0, 1], [0, 0, -1, -1, -2, 3, -5, 0, -3, -3, -2, 0, 1, 0, 0, 1], [1, 0, 0, 0, -1, 0, -3, -1, -1, -2, -2, 0, 1, 0, 0, 1], [2, -1, -1, 2, 2, 1, 1, 0, 1, -1, -2, 0, -1, 0, 0, -1], [0, -1, -1, -1, -1, 3, -5, 0, -3, -3, -2, 0, 1, 0, 0, 1], [-1, 0, -1, -1, 0, 1, 0, 0, -1, 0, 0, -1, 0, -1, 0, 0], [0, 0, 0, 0, 0, 0, 1, 0, 0, 0, 0, 0, 0, 0, 0, 0], [0, 0, 0, 0, 0, 0, 0, 1, 0, 0, 0, 0, 0, 0, 0, 0], [-3, 0, -1, -2, 1, 0, 3, 1, 0, 2, 2, -2, -1, -2, 0, -1], [1, 0, 1, 1, 0, 0, 0, 0, 1, 1, 0, 1, 0, 1, 0, 0], [-1, 0, -1, -1, 0, 0, 0, 0, -1, 0, 1, -1, 0, -1, 0, 0], [1, 0, 0, 2, 1, -1, 2, 1, 2, 1, 0, 0, -1, 1, 0, -1], [-1, -1, -1, -1, 1, 2, 1, 1, -1, 0, 0, -1, -1, -1, 0, 0], [-1, 0, 0, -2, -1, 1, -2, -1, -2, -1, 0, 1, 1, 0, 0, 1], [2, 0, 0, 3, 1, 0, 1, 1, 2, 0, -2, 1, -1, 1, -1, -1], [-1, -1, -1, -1, 1, 2, 1, 1, -1, 0, 0, -1, 0, -1, 0, -1]]
[[1, 0, 0, 0, 0, 0, 0, 0, 0, 0, 0, 0, 0, 0, 0, 0], [0, 1, 0, 0, 0, 0, 0, 0, 0, 0, 0, 0, 0, 0, 0, 0], [0, 0, 1, 0, 0, 0, 0, 0, 0, 0, 0, 0, 0, 0, 0, 0], [0, 0, 0, 1, 0, 0, 0, 0, 0, 0, 0, 0, 0, 0, 0, 0], [0, 0, 0, 0, 1, 0, 0, 0, 0, 0, 0, 0, 0, 0, 0, 0], [0, 0, 0, 0, 0, 1, 0, 0, 0, 0, 0, 0, 0, 0, 0, 0], [0, 0, 0, 0, 0, 0, 1, 0, 0, 0, 0, 0, 0, 0, 0, 0], [0, 0, 0, 0, 0, 0, 0, 1, 0, 0, 0, 0, 0, 0, 0, 0], [0, 0, 0, 0, 0, 0, 0, 0, 1, 0, 0, 0, 0, 0, 0, 0], [0, 0, 0, 0, 0, 0, 0, 0, 0, 1, 0, 0, 0, 0, 0, 0], [0, 0, 0, 0, 0, 0, 0, 0, 0, 0, 1, 0, 0, 0, 0, 0], [0, 0, 0, 0, 0, 0, 0, 0, 0, 0, 0, 1, 0, 0, 0, 0], [0, 0, 0, 0, 0, 0, 0, 0, 0, 0, 0, 0, 1, 0, 0, 0], [0, 0, 0, 0, 0, 0, 0, 0, 0, 0, 0, 0, 0, 1, 0, 0], [0, 0, 0, 0, 0, 0, 0, 0, 0, 0, 0, 0, 0, 0, 1, 0], [0, 0, 0, 0, 0, 0, 0, 0, 0, 0, 0, 0, 0, 0, 0, 1]]
[[1, 0, 0, 0, 0, 0, 0, 0, 0, 0, 0, 0, 0, 0, 0, 0], [0, 1, 0, 0, 0, 0, 0, 0, 0, 0, 0, 0, 0, 0, 0, 0], [0, 0, 1, 0, 0, 0, 0, 0, 0, 0, 0, 0, 0, 0, 0, 0], [0, 0, 0, 1, 0, 0, 0, 0, 0, 0, 0, 0, 0, 0, 0, 0], [0, 0, 0, 0, 1, 0, 0, 0, 0, 0, 0, 0, 0, 0, 0, 0], [0, 0, 0, 0, 0, 1, 0, 0, 0, 0, 0, 0, 0, 0, 0, 0], [0, 0, 0, 0, 0, 0, 1, 0, 0, 0, 0, 0, 0, 0, 0, 0], [0, 0, 0, 0, 0, 0, 0, 1, 0, 0, 0, 0, 0, 0, 0, 0], [0, 0, 0, 0, 0, 0, 0, 0, 1, 0, 0, 0, 0, 0, 0, 0], [0, 0, 0, 0, 0, 0, 0, 0, 0, 1, 0, 0, 0, 0, 0, 0], [0, 0, 0, 0, 0, 0, 0, 0, 0, 0, 1, 0, 0, 0, 0, 0], [0, 0, 0, 0, 0, 0, 0, 0, 0, 0, 0, 1, 0, 0, 0, 0], [0, 0, 0, 0, 0, 0, 0, 0, 0, 0, 0, 0, 1, 0, 0, 0], [0, 0, 0, 0, 0, 0, 0, 0, 0, 0, 0, 0, 0, 1, 0, 0], [0, 0, 0, 0, 0, 0, 0, 0, 0, 0, 0, 0, 0, 0, 1, 0], [0, 0, 0, 0, 0, 0, 0, 0, 0, 0, 0, 0, 0, 0, 0, 1]]
[[1, 0, 0, 0, 0, 0, 0, 0, 0, 0, 0, 0, 0, 0, 0, 0], [0, 1, 0, 0, 0, 0, 0, 0, 0, 0, 0, 0, 0, 0, 0, 0], [0, 0, 1, 0, 0, 0, 0, 0, 0, 0, 0, 0, 0, 0, 0, 0], [0, 0, 0, 1, 0, 0, 0, 0, 0, 0, 0, 0, 0, 0, 0, 0], [0, 0, 0, 0, 1, 0, 0, 0, 0, 0, 0, 0, 0, 0, 0, 0], [0, 0, 0, 0, 0, 1, 0, 0, 0, 0, 0, 0, 0, 0, 0, 0], [0, 0, 0, 0, 0, 0, 1, 0, 0, 0, 0, 0, 0, 0, 0, 0], [0, 0, 0, 0, 0, 0, 0, 1, 0, 0, 0, 0, 0, 0, 0, 0], [0, 0, 0, 0, 0, 0, 0, 0, 1, 0, 0, 0, 0, 0, 0, 0], [0, 0, 0, 0, 0, 0, 0, 0, 0, 1, 0, 0, 0, 0, 0, 0], [0, 0, 0, 0, 0, 0, 0, 0, 0, 0, 1, 0, 0, 0, 0, 0], [0, 0, 0, 0, 0, 0, 0, 0, 0, 0, 0, 1, 0, 0, 0, 0], [0, 0, 0, 0, 0, 0, 0, 0, 0, 0, 0, 0, 1, 0, 0, 0], [0, 0, 0, 0, 0, 0, 0, 0, 0, 0, 0, 0, 0, 1, 0, 0], [0, 0, 0, 0, 0, 0, 0, 0, 0, 0, 0, 0, 0, 0, 1, 0], [0, 0, 0, 0, 0, 0, 0, 0, 0, 0, 0, 0, 0, 0, 0, 1]]
[[1, 0, 0, 0, 0, 0, 0, 0, 0, 0, 0, 0, 0, 0, 0, 0], [0, 1, 0, 0, 0, 0, 0, 0, 0, 0, 0, 0, 0, 0, 0, 0], [0, 0, 1, 0, 0, 0, 0, 0, 0, 0, 0, 0, 0, 0, 0, 0], [0, 0, 0, 1, 0, 0, 0, 0, 0, 0, 0, 0, 0, 0, 0, 0], [0, 0, 0, 0, 1, 0, 0, 0, 0, 0, 0, 0, 0, 0, 0, 0], [0, 0, 0, 0, 0, 1, 0, 0, 0, 0, 0, 0, 0, 0, 0, 0], [0, 0, 0, 0, 0, 0, 1, 0, 0, 0, 0, 0, 0, 0, 0, 0], [0, 0, 0, 0, 0, 0, 0, 1, 0, 0, 0, 0, 0, 0, 0, 0], [0, 0, 0, 0, 0, 0, 0, 0, 1, 0, 0, 0, 0, 0, 0, 0], [0, 0, 0, 0, 0, 0, 0, 0, 0, 1, 0, 0, 0, 0, 0, 0], [0, 0, 0, 0, 0, 0, 0, 0, 0, 0, 1, 0, 0, 0, 0, 0], [0, 0, 0, 0, 0, 0, 0, 0, 0, 0, 0, 1, 0, 0, 0, 0], [0, 0, 0, 0, 0, 0, 0, 0, 0, 0, 0, 0, 1, 0, 0, 0], [0, 0, 0, 0, 0, 0, 0, 0, 0, 0, 0, 0, 0, 1, 0, 0], [0, 0, 0, 0, 0, 0, 0, 0, 0, 0, 0, 0, 0, 0, 1, 0], [0, 0, 0, 0, 0, 0, 0, 0, 0, 0, 0, 0, 0, 0, 0, 1]]
[[0, 0, 0, 0, 0, 1, 1, 0, 0, 0, 0, 0, -1, 0, 0, 0], [0, 0, 1, 0, 0, -1, 1, 0, 1, 0, 0, 0, 0, 0, 0, -1], [1, 0, 1, 0, 0, -1, -1, 0, 0, 0, 0, 0, 1, 0, 0, 0], [0, -1, 0, 0, 1, 0, -1, 1, 0, 1, 0, 0, 1, 0, 0, 0], [0, -1, 1, 0, 1, -1, 1, 0, 1, 0, 0, 0, 0, 0, 0, -1], [1, 1, 1, 1, -1, -2, 0, 0, 1, 1, 1, 0, 0, 1, 0, 0], [0, 0, 0, 0, 0, 0, 1, 0, 0, 0, 0, 0, 0, 0, 0, 0], [0, 0, -1, 1, 1, 1, 2, 0, 1, -1, -2, 0, -1, 0, 0, -1], [1, 2, 0, 2, -2, -1, -1, 0, 1, 0, 0, 0, -1, 2, 0, 0], [0, 0, 0, -1, -1, 1, -2, 0, -2, 0, 1, 0, 1, -1, 0, 1], [0, 0, 0, 1, 1, -1, 2, 0, 2, 1, 0, 0, -1, 1, 0, -1], [-1, -1, -2, 0, 2, 2, 2, 1, 0, 0, -1, -1, -1, -1, 0, -1], [0, 1, 1, 1, -1, -2, 1, 0, 1, 1, 1, 0, 0, 1, 0, 0], [0, 0, 1, 0, 0, -2, 2, -1, 1, 0, 1, 0, 0, 0, 0, 0], [0, -1, -2, 0, 2, 1, 1, 1, 0, 0, -1, -2, 0, -1, 1, -1], [1, 0, 0, 1, -1, 0, -1, 0, 0, -1, -1, 0, 0, 1, 0, 0]]
[[0, 0, -1, 0, 1, 1, 1, 0, 0, -1, -1, 0, -1, 0, 0, -1], [0, 1, 1, 0, -1, -1, 0, 0, 0, 1, 1, 1, 0, 0, -1, 1], [0, 0, 1, -1, -2, 0, -2, 0, -2, 1, 2, 0, 1, 0, 0, 2], [0, 0, 2, 0, -2, -2, -2, 0, 0, 1, 2, 0, 1, 0, 0, 2], [0, 1, 2, -1, -2, -1, -2, -1, -1, 1, 2, 2, 1, 0, -1, 2], [0, 0, 0, 0, 0, -1, 0, 0, 0, 0, 0, 0, 0, 0, 0, 0], [0, 0, 0, 0, 0, 0, 1, 0, 0, 0, 0, 0, 0, 0, 0, 0], [0, 0, -1, 1, 1, 3, 2, 1, 0, 0, -1, 1, -1, 0, -1, -1], [0, 0, -2, 1, 2, 0, 2, 0, 1, -1, -2, 0, -1, 0, 0, -2], [-1, 0, 0, -1, 0, 0, -1, 0, 0, 0, 0, -1, 0, 0, 1, 0], [1, 0, 0, 1, 0, 0, -1, 0, 0, -1, -1, 1, 0, 0, -1, 0], [0, -1, -1, 1, 2, 2, 2, 1, 1, 0, -1, 0, -1, 0, 0, -1], [-1, 0, 0, 0, 0, 0, 1, 0, 0, 0, 0, 1, 0, 0, -1, 0], [1, 1, 1, 0, -2, 0, -3, -1, -1, -1, -1, 2, 1, 1, -1, 1], [0, -1, 0, 1, 1, 1, 2, 1, 1, 1, 0, 0, -1, 0, 0, 0], [0, 1, 1, 0, 0, -2, 2, -1, 1, 1, 1, 1, 0, 0, 0, 0]]
[[1, 0, 0, 0, 0, 0, 0, 0, 0, 0, 0, 0, 0, 0, 0, 0], [0, 1, 0, 0, 0, 0, 0, 0, 0, 0, 0, 0, 0, 0, 0, 0], [0, 0, 1, 0, 0, 0, 0, 0, 0, 0, 0, 0, 0, 0, 0, 0], [0, 0, 0, 1, 0, 0, 0, 0, 0, 0, 0, 0, 0, 0, 0, 0], [0, 0, 0, 0, 1, 0, 0, 0, 0, 0, 0, 0, 0, 0, 0, 0], [0, 0, 0, 0, 0, 1, 0, 0, 0, 0, 0, 0, 0, 0, 0, 0], [0, 0, 0, 0, 0, 0, 1, 0, 0, 0, 0, 0, 0, 0, 0, 0], [0, 0, 0, 0, 0, 0, 0, 1, 0, 0, 0, 0, 0, 0, 0, 0], [0, 0, 0, 0, 0, 0, 0, 0, 1, 0, 0, 0, 0, 0, 0, 0], [0, 0, 0, 0, 0, 0, 0, 0, 0, 1, 0, 0, 0, 0, 0, 0], [0, 0, 0, 0, 0, 0, 0, 0, 0, 0, 1, 0, 0, 0, 0, 0], [0, 0, 0, 0, 0, 0, 0, 0, 0, 0, 0, 1, 0, 0, 0, 0], [0, 0, 0, 0, 0, 0, 0, 0, 0, 0, 0, 0, 1, 0, 0, 0], [0, 0, 0, 0, 0, 0, 0, 0, 0, 0, 0, 0, 0, 1, 0, 0], [0, 0, 0, 0, 0, 0, 0, 0, 0, 0, 0, 0, 0, 0, 1, 0], [0, 0, 0, 0, 0, 0, 0, 0, 0, 0, 0, 0, 0, 0, 0, 1]]
[[1, 0, 0, 0, 0, 0, 0, 0, 0, 0, 0, 0, 0, 0, 0, -1], [0, 0, -1, 0, 0, 2, -2, 1, -1, -1, -1, -1, 0, 0, 0, -1], [0, 0, 0, -1, -1, 1, -3, 0, -2, -1, 0, -1, 1, 0, 1, 1], [0, 0, 0, 1, 0, 0, 0, 0, 0, 0, 0, 0, 0, 0, 0, 2], [0, 0, 0, 0, 1, 0, 0, 0, 0, 0, 0, 0, 0, 0, 0, 0], [0, 1, 0, -1, -1, 0, -1, -1, -1, 0, 1, 0, 1, 0, 1, 0], [0, -1, -1, 0, 0, 2, -1, 1, -1, -1, -1, -1, 0, 0, 0, -1], [0, -1, 0, 1, 1, 1, 1, 2, 1, 0, -1, 0, -1, 0, -1, -2], [0, 2, 1, -1, -1, -3, 1, -2, 1, 1, 2, 1, 1, 0, 1, -1], [0, 0, 0, 0, 0, 0, 0, 0, 0, 1, 0, 0, 0, 0, 0, 1], [0, 1, 1, 0, 0, -2, 2, -1, 1, 1, 2, 1, 0, 0, 0, 0], [0, -1, 0, 1, 1, 1, 1, 1, 1, 0, -1, 1, -1, 0, -1, 0], [0, 0, 0, 0, 0, 0, 0, 0, 0, 0, 0, 0, 1, 0, 0, -1], [0, 0, 0, 0, 0, 0, 0, 0, 0, 0, 0, 0, 0, 1, 0, -1], [0, -1, 0, 1, 1, 1, 1, 1, 1, 0, -1, 0, -1, 0, 0, 0], [0, 0, 0, 0, 0, 0, 0, 0, 0, 0, 0, 0, 0, 0, 0, -1]]
[[1, 0, 0, 0, 0, 0, 0, 0, 0, 0, 0, 0, 0, 0, 0, 0], [0, 1, 0, 0, 0, 0, 0, 0, 0, 0, 0, 0, 0, 0, 0, 0], [0, 0, 1, 0, 0, 0, 0, 0, 0, 0, 0, 0, 0, 0, 0, 0], [0, 0, 0, 1, 0, 0, 0, 0, 0, 0, 0, 0, 0, 0, 0, 0], [0, 0, 0, 0, 1, 0, 0, 0, 0, 0, 0, 0, 0, 0, 0, 0], [0, 0, 0, 0, 0, 1, 0, 0, 0, 0, 0, 0, 0, 0, 0, 0], [0, 0, 0, 0, 0, 0, 1, 0, 0, 0, 0, 0, 0, 0, 0, 0], [0, 0, 0, 0, 0, 0, 0, 1, 0, 0, 0, 0, 0, 0, 0, 0], [0, 0, 0, 0, 0, 0, 0, 0, 1, 0, 0, 0, 0, 0, 0, 0], [0, 0, 0, 0, 0, 0, 0, 0, 0, 1, 0, 0, 0, 0, 0, 0], [0, 0, 0, 0, 0, 0, 0, 0, 0, 0, 1, 0, 0, 0, 0, 0], [0, 0, 0, 0, 0, 0, 0, 0, 0, 0, 0, 1, 0, 0, 0, 0], [0, 0, 0, 0, 0, 0, 0, 0, 0, 0, 0, 0, 1, 0, 0, 0], [0, 0, 0, 0, 0, 0, 0, 0, 0, 0, 0, 0, 0, 1, 0, 0], [0, 0, 0, 0, 0, 0, 0, 0, 0, 0, 0, 0, 0, 0, 1, 0], [0, 0, 0, 0, 0, 0, 0, 0, 0, 0, 0, 0, 0, 0, 0, 1]]
[[0, 0, 1, 0, -1, -1, 0, 0, 0, 1, 1, 0, 1, 0, 0, 1], [0, 0, 0, 0, 1, -1, 2, -1, 1, 0, 0, 0, 0, 0, 1, 0], [0, 0, -1, 1, 2, 0, 2, 0, 2, -1, -2, 0, -1, 0, 0, -2], [0, 0, -2, 0, 2, 2, 0, 0, 0, -1, -2, 0, -1, 0, 0, -2], [0, 0, -1, 1, 2, -1, 2, 0, 2, 0, -1, -1, -1, 0, 1, -1], [0, 0, 0, 0, 0, 1, 0, 0, 0, 0, 0, 0, 0, 0, 0, 0], [0, 0, 0, 0, 0, 0, 1, 0, 0, 0, 0, 0, 0, 0, 0, 0], [0, 0, 1, -1, -1, -3, 0, -1, 0, 0, 1, -1, 1, 0, 1, 1], [0, 0, 2, -1, -2, 0, -2, 0, -1, 1, 2, 0, 1, 0, 0, 2], [1, 0, 0, 1, 0, 0, 0, 0, 0, 0, 0, 1, 0, 0, -1, 0], [-1, 0, 0, -1, 0, 0, 0, 0, 0, 1, 1, -1, 0, 0, 1, 0], [0, 1, 1, -1, -2, -2, -2, -1, -1, 0, 1, 0, 1, 0, 0, 1], [1, 0, 0, 0, 0, 0, 0, 0, 0, 0, 0, -1, 0, 0, 1, 0], [-1, -1, -1, 0, 2, 0, 4, 1, 1, 1, 1, -2, -1, -1, 1, -1], [0, 1, 0, -1, -1, -1, -2, -1, -1, -1, 0, 0, 1, 0, 0, 0], [0, 0, 0, 0, 0, 0, 0, 0, 0, 0, 0, 0, 0, 0, 0, 1]]
[[0, -1, -2, -1, 2, 2, 2, 0, -1, 0, 0, -1, 0, -1, 1, -1], [0, -1, -1, 0, 1, 0, 1, 1, 0, 0, 0, -2, 0, 0, 1, -1], [-1, 0, 1, -1, 0, -3, 1, -1, 1, 0, 1, -1, 0, 0, 1, 0], [0, 2, 3, 1, -3, -4, -3, -1, 2, 0, 0, 2, 0, 2, -1, 1], [0, 0, 0, -1, -1, -1, -3, 0, -1, -1, 0, -2, 1, 0, 1, 0], [-1, -1, 0, -1, 2, -1, 4, 0, 1, 2, 2, -1, 0, -1, 1, -1], [0, 0, 0, 0, 0, 0, 1, 0, 0, 0, 0, 0, 0, 0, 0, 0], [0, 0, -2, 0, 0, 4, -2, 1, -2, -2, -2, 0, 0, 0, 0, 0], [-1, -2, -2, -1, 4, 3, 5, 1, 0, 2, 1, -1, 0, -2, 1, -2], [0, 0, 0, 1, 0, -1, 1, 0, 1, 0, 0, 0, -1, 0, -1, 0], [0, 0, 0, -1, 0, 1, -1, 0, -1, 1, 1, 0, 1, 0, 1, 0], [1, 1, 0, 1, -2, 2, -4, 0, -1, -2, -2, 2, 0, 1, -1, 1], [0, 0, 0, 0, 0, 0, 0, 0, 0, 0, 0, 0, 1, 0, 0, 0], [0, 0, 0, -1, 0, -1, 1, 0, -1, 1, 2, -2, 1, -1, 1, 0], [0, 1, 1, 1, -1, 0, -1, 0, 1, -1, -1, 2, -1, 1, -1, 0], [-1, -1, -1, -1, 1, 2, 1, 1, -1, 0, 0, -1, 0, -1, 0, -1]]
[[1, 0, 0, 0, 0, 0, 0, 0, 0, 0, 0, 0, 0, 0, 0, 0], [0, 1, 0, 0, 0, 0, 0, 0, 0, 0, 0, 0, 0, 0, 0, 0], [0, 0, 1, 0, 0, 0, 0, 0, 0, 0, 0, 0, 0, 0, 0, 0], [0, 0, 0, 1, 0, 0, 0, 0, 0, 0, 0, 0, 0, 0, 0, 0], [0, 0, 0, 0, 1, 0, 0, 0, 0, 0, 0, 0, 0, 0, 0, 0], [0, 0, 0, 0, 0, 1, 0, 0, 0, 0, 0, 0, 0, 0, 0, 0], [0, 0, 0, 0, 0, 0, 1, 0, 0, 0, 0, 0, 0, 0, 0, 0], [0, 0, 0, 0, 0, 0, 0, 1, 0, 0, 0, 0, 0, 0, 0, 0], [0, 0, 0, 0, 0, 0, 0, 0, 1, 0, 0, 0, 0, 0, 0, 0], [0, 0, 0, 0, 0, 0, 0, 0, 0, 1, 0, 0, 0, 0, 0, 0], [0, 0, 0, 0, 0, 0, 0, 0, 0, 0, 1, 0, 0, 0, 0, 0], [0, 0, 0, 0, 0, 0, 0, 0, 0, 0, 0, 1, 0, 0, 0, 0], [0, 0, 0, 0, 0, 0, 0, 0, 0, 0, 0, 0, 1, 0, 0, 0], [0, 0, 0, 0, 0, 0, 0, 0, 0, 0, 0, 0, 0, 1, 0, 0], [0, 0, 0, 0, 0, 0, 0, 0, 0, 0, 0, 0, 0, 0, 1, 0], [0, 0, 0, 0, 0, 0, 0, 0, 0, 0, 0, 0, 0, 0, 0, 1]]
[[-1, -1, 0, -1, 2, -1, 5, 0, 1, 2, 2, -1, -1, -1, 1, -1], [0, 0, 0, 0, 1, -1, 2, -1, 1, 0, 0, 0, 0, 0, 1, 0], [0, 0, -1, -1, 0, 0, -2, -1, -1, -2, -1, -1, 1, 0, 1, 0], [0, 1, -1, 0, -2, 2, -6, 0, -2, -3, -2, 0, 1, 0, -1, 1], [0, 1, 1, -1, -1, -2, -2, -2, 0, -1, 0, 0, 1, 0, 1, 1], [0, 0, -1, 0, 1, 0, 2, 0, 0, 1, 1, -1, 0, 0, 1, -1], [0, 0, 0, 0, 0, 0, 1, 0, 0, 0, 0, 0, 0, 0, 0, 0], [0, 0, 1, 1, 1, -3, 4, 0, 3, 1, 0, 0, -1, 0, 0, -1], [0, 0, 0, 1, 2, -2, 6, 1, 2, 4, 3, -1, -1, 0, 1, -2], [0, 0, 0, 0, -1, 2, -3, 0, -1, -1, -1, 2, 0, 1, -1, 1], [0, 0, 0, 0, 1, -2, 3, 0, 1, 2, 2, -2, 0, -1, 1, -1], [0, 0, 0, 1, 0, 0, 0, 1, 1, 0, -1, 0, -1, 0, -1, 0], [0, 1, 1, 1, -1, -2, 1, 0, 1, 1, 1, 0, 0, 1, 0, 0], [0, 0, 1, -1, 0, -1, 1, -1, 0, 1, 1, 0, 1, 0, 1, 0], [0, 0, -1, 1, 1, 1, 0, 1, 1, -1, -2, 0, -1, 0, -1, -1], [0, 1, 1, 0, 0, -2, 2, -1, 1, 1, 1, 1, 0, 0, 0, 0]]
[[1, -1, 0, 0, 1, 0, 1, 0, 0, 0, 0, 0, 0, 0, 0, 0], [0, 0, -1, 1, 2, 1, 3, 1, 1, 1, 0, 0, -1, 0, 0, -1], [-1, 0, -1, 1, 2, 1, 4, 1, 2, 1, 0, 0, -2, 0, 0, -2], [-1, 2, 0, 0, -2, -1, -2, -1, 0, -1, 0, 0, 0, 0, 0, 0], [0, 1, -1, 1, 1, 1, 1, 1, 1, 1, 0, 0, -1, 0, 0, -1], [0, -1, 0, 0, 1, 1, 1, 0, 0, 0, 0, 0, 0, 0, 0, 0], [0, 0, 0, 0, 0, 0, 1, 0, 0, 0, 0, 0, 0, 0, 0, 0], [0, 0, 0, 0, 0, 0, 0, 1, 0, 0, 0, 0, 0, 0, 0, 0], [1, -2, 1, 0, 1, 0, 0, 0, 0, 0, 0, 0, 1, 0, 0, 1], [-1, 0, 0, -1, 0, -1, 0, -1, 0, 0, 0, 0, 0, 0, 0, 0], [1, 0, 1, 0, -1, 0, -2, 0, -1, 0, 1, 0, 1, 0, 0, 1], [0, 1, 1, -1, -2, -1, -3, -1, -1, -1, 0, 1, 1, 0, 0, 1], [0, 0, 0, 0, 0, 0, 0, 0, 0, 0, 0, 0, 1, 0, 0, 0], [1, 0, 0, 1, 0, 1, 0, 1, 0, 1, 0, 0, 0, 1, 0, 0], [-1, 1, 0, -1, -1, -1, -1, -1, 0, -1, 0, 0, 0, 0, 1, 0], [0, 0, 0, 0, 0, 0, 0, 0, 0, 0, 0, 0, 0, 0, 0, 1]]
[[0, 0, 1, -1, -1, 0, -1, 0, -1, 0, 1, 0, 0, 0, 0, 1], [0, 1, 0, 0, 0, 1, 0, 0, 0, 0, 0, 1, 0, 0, 0, 0], [1, 0, -1, 2, 2, 1, 3, 1, 2, 1, -1, 0, -1, 0, 0, -2], [1, 0, -1, 2, 1, 0, 1, 0, 1, 0, -1, 0, 0, 0, 0, -1], [0, 0, -1, 1, 2, 2, 2, 1, 1, 1, 0, 1, -1, 0, 0, -1], [0, 0, 0, 0, 0, 0, 0, 0, 0, 0, 0, -1, 0, 0, 0, 0], [0, 0, 0, 0, 0, 0, 1, 0, 0, 0, 0, 0, 0, 0, 0, 0], [0, 0, 0, 0, 0, 0, 0, 1, 0, 0, 0, 0, 0, 0, 0, 0], [-1, 0, 1, -1, -1, -2, -1, 0, 0, 0, 1, -2, 0, 0, 0, 1], [0, 0, 1, -1, -1, 0, -2, -1, -1, 0, 0, 1, 1, 0, 0, 1], [0, 0, 0, 0, 0, -1, 0, 0, 0, 0, 1, -1, 0, 0, 0, 0], [0, 0, 0, 0, 0, -1, 0, 0, 0, 0, 0, 0, 0, 0, 0, 0], [-1, 0, 0, 0, 0, 0, 1, 1, 0, 1, 1, -1, 0, 0, 0, 0], [0, 0, 0, 0, 0, 1, 0, 0, 0, 0, 0, 1, 0, 1, 0, 0], [1, 0, -1, 1, 1, -1, 1, 0, 1, 0, -1, -1, 0, 0, 1, -1], [0, 0, 0, 0, 0, 0, 0, 0, 0, 0, 0, 0, 0, 0, 0, 1]]
[[1, 0, 0, 0, 0, 0, 0, 0, 0, 0, 0, 0, 0, 0, 0, 0], [0, 1, 0, 0, 0, 0, 0, 0, 0, 0, 0, 0, 0, 0, 0, 0], [0, 0, 1, 0, 0, 0, 0, 0, 0, 0, 0, 0, 0, 0, 0, 0], [0, 0, 0, 1, 0, 0, 0, 0, 0, 0, 0, 0, 0, 0, 0, 0], [0, 0, 0, 0, 1, 0, 0, 0, 0, 0, 0, 0, 0, 0, 0, 0], [0, 0, 0, 0, 0, 1, 0, 0, 0, 0, 0, 0, 0, 0, 0, 0], [0, 0, 0, 0, 0, 0, 1, 0, 0, 0, 0, 0, 0, 0, 0, 0], [0, 0, 0, 0, 0, 0, 0, 1, 0, 0, 0, 0, 0, 0, 0, 0], [0, 0, 0, 0, 0, 0, 0, 0, 1, 0, 0, 0, 0, 0, 0, 0], [0, 0, 0, 0, 0, 0, 0, 0, 0, 1, 0, 0, 0, 0, 0, 0], [0, 0, 0, 0, 0, 0, 0, 0, 0, 0, 1, 0, 0, 0, 0, 0], [0, 0, 0, 0, 0, 0, 0, 0, 0, 0, 0, 1, 0, 0, 0, 0], [0, 0, 0, 0, 0, 0, 0, 0, 0, 0, 0, 0, 1, 0, 0, 0], [0, 0, 0, 0, 0, 0, 0, 0, 0, 0, 0, 0, 0, 1, 0, 0], [0, 0, 0, 0, 0, 0, 0, 0, 0, 0, 0, 0, 0, 0, 1, 0], [0, 0, 0, 0, 0, 0, 0, 0, 0, 0, 0, 0, 0, 0, 0, 1]]
[[0, 0, 0, 0, 0, -1, 0, 0, 0, 1, 1, 0, 1, 0, 0, 0], [0, 0, -1, 0, 0, 1, -2, 0, -1, -1, -1, 0, 0, 0, 0, 1], [-1, 0, 0, -1, -1, 0, -2, -1, -1, -2, -1, 0, 0, 0, 0, 1], [0, 1, 0, 0, -1, 0, 0, -1, 0, -2, -1, 0, -1, 0, 0, 0], [0, 1, 0, -1, -2, 0, -4, -1, -2, -2, -1, 0, 1, 0, 0, 2], [-1, -1, -1, -1, 1, 2, 1, 0, -1, 0, 0, 0, 0, -1, 0, 0], [0, 0, 0, 0, 0, 0, -1, 0, 0, 0, 0, 0, 0, 0, 0, 0], [0, 0, 0, 0, 0, 0, -2, 1, 0, 0, 0, 0, 0, 0, 0, 0], [-1, -2, -1, -1, 3, 2, 4, 1, 0, 2, 1, 0, 0, -2, 0, -1], [0, 0, 0, 1, 1, -1, 3, 0, 2, 1, 0, 0, -1, 1, 0, -1], [0, 0, 0, -1, -1, 1, -1, 0, -2, 0, 1, 0, 1, -1, 0, 1], [1, 1, 1, 1, -1, -1, -1, 0, 1, 0, 0, 1, 0, 1, 0, 0], [0, -1, -1, -1, 1, 2, -1, 0, -1, -1, -1, 0, 0, -1, 0, 0], [0, 0, 0, -1, -1, 1, -3, 0, -2, 0, 0, 0, 1, 0, 0, 1], [0, 1, 1, 1, -1, 0, -1, 0, 1, -1, -1, 2, -1, 1, -1, 0], [-1, 0, 0, -1, 1, 0, 1, 0, 0, 1, 1, 0, 0, -1, 0, 0]]
[[1, 1, 1, 0, 0, -2, 1, -1, 1, 1, 1, 1, 0, 0, 0, 0], [0, 1, 0, 0, 0, 0, 0, 0, 0, 0, 0, 0, 0, 0, 0, 0], [0, 0, 0, -1, -1, 1, -3, 0, -2, -1, 0, -1, 1, 0, 1, 1], [0, -2, -2, 1, 0, 4, -2, 2, -2, -2, -2, -2, 0, 0, 0, 0], [0, -1, -1, 0, 1, 2, 0, 1, -1, -1, -1, -1, 0, 0, 0, -1], [0, 1, 0, -1, -1, 0, -1, -1, -1, 0, 1, 0, 1, 0, 1, 0], [0, 1, 1, 0, 0, -2, 1, -1, 1, 1, 1, 1, 0, 0, 0, 1], [0, 1, 2, 1, 1, -3, 3, 0, 3, 2, 1, 2, -1, 0, -1, 0], [0, 2, 1, -1, -1, -3, 1, -2, 1, 1, 2, 1, 1, 0, 1, -1], [0, -1, -1, 0, 0, 2, -1, 1, -1, 0, -1, -1, 0, 0, 0, 0], [0, 0, 0, 0, 0, 0, 1, 0, 0, 0, 1, 0, 0, 0, 0, -1], [0, -1, 0, 1, 1, 1, 1, 1, 1, 0, -1, 1, -1, 0, -1, 0], [0, 1, 1, 0, 0, -2, 1, -1, 1, 1, 1, 1, 1, 0, 0, 0], [0, 1, 1, 0, 0, -2, 1, -1, 1, 1, 1, 1, 0, 1, 0, 0], [0, -1, 0, 1, 1, 1, 1, 1, 1, 0, -1, 0, -1, 0, 0, 0], [0, 1, 1, 0, 0, -2, 2, -1, 1, 1, 1, 1, 0, 0, 0, 0]]
[[1, 0, 0, 0, 0, 0, 0, 0, 0, 0, 0, 0, 0, 0, 0, 0], [0, 1, 0, 0, 0, 0, 0, 0, 0, 0, 0, 0, 0, 0, 0, 0], [0, 0, 1, 0, 0, 0, 0, 0, 0, 0, 0, 0, 0, 0, 0, 0], [0, 0, 0, 1, 0, 0, 0, 0, 0, 0, 0, 0, 0, 0, 0, 0], [0, 0, 0, 0, 1, 0, 0, 0, 0, 0, 0, 0, 0, 0, 0, 0], [0, 0, 0, 0, 0, 1, 0, 0, 0, 0, 0, 0, 0, 0, 0, 0], [0, 0, 0, 0, 0, 0, 1, 0, 0, 0, 0, 0, 0, 0, 0, 0], [0, 0, 0, 0, 0, 0, 0, 1, 0, 0, 0, 0, 0, 0, 0, 0], [0, 0, 0, 0, 0, 0, 0, 0, 1, 0, 0, 0, 0, 0, 0, 0], [0, 0, 0, 0, 0, 0, 0, 0, 0, 1, 0, 0, 0, 0, 0, 0], [0, 0, 0, 0, 0, 0, 0, 0, 0, 0, 1, 0, 0, 0, 0, 0], [0, 0, 0, 0, 0, 0, 0, 0, 0, 0, 0, 1, 0, 0, 0, 0], [0, 0, 0, 0, 0, 0, 0, 0, 0, 0, 0, 0, 1, 0, 0, 0], [0, 0, 0, 0, 0, 0, 0, 0, 0, 0, 0, 0, 0, 1, 0, 0], [0, 0, 0, 0, 0, 0, 0, 0, 0, 0, 0, 0, 0, 0, 1, 0], [0, 0, 0, 0, 0, 0, 0, 0, 0, 0, 0, 0, 0, 0, 0, 1]]
[[1, 0, 0, 0, 0, 0, 0, 0, 0, 0, 0, 0, 0, 0, 0, 0], [0, 1, 0, 0, 0, 0, 0, 0, 0, 0, 0, 0, 0, 0, 0, 0], [0, 0, 1, 0, 0, 0, 0, 0, 0, 0, 0, 0, 0, 0, 0, 0], [0, 0, 0, 1, 0, 0, 0, 0, 0, 0, 0, 0, 0, 0, 0, 0], [0, 0, 0, 0, 1, 0, 0, 0, 0, 0, 0, 0, 0, 0, 0, 0], [0, 0, 0, 0, 0, 1, 0, 0, 0, 0, 0, 0, 0, 0, 0, 0], [0, 0, 0, 0, 0, 0, 1, 0, 0, 0, 0, 0, 0, 0, 0, 0], [0, 0, 0, 0, 0, 0, 0, 1, 0, 0, 0, 0, 0, 0, 0, 0], [0, 0, 0, 0, 0, 0, 0, 0, 1, 0, 0, 0, 0, 0, 0, 0], [0, 0, 0, 0, 0, 0, 0, 0, 0, 1, 0, 0, 0, 0, 0, 0], [0, 0, 0, 0, 0, 0, 0, 0, 0, 0, 1, 0, 0, 0, 0, 0], [0, 0, 0, 0, 0, 0, 0, 0, 0, 0, 0, 1, 0, 0, 0, 0], [0, 0, 0, 0, 0, 0, 0, 0, 0, 0, 0, 0, 1, 0, 0, 0], [0, 0, 0, 0, 0, 0, 0, 0, 0, 0, 0, 0, 0, 1, 0, 0], [0, 0, 0, 0, 0, 0, 0, 0, 0, 0, 0, 0, 0, 0, 1, 0], [0, 0, 0, 0, 0, 0, 0, 0, 0, 0, 0, 0, 0, 0, 0, 1]]
[[-1, 0, 0, 0, 0, -2, 1, 0, 1, 0, 0, -1, 0, 0, 0, 0], [0, 1, 0, 0, 0, -2, 2, -1, 1, 1, 1, -1, 0, 0, 1, 0], [0, 0, 1, 0, 0, 0, 2, 0, 0, 2, 2, 0, 0, 0, 0, 0], [0, 0, 0, -1, 0, 4, -2, 0, -2, 0, 0, 2, 0, 0, 0, 0], [0, 1, 1, -1, -1, -2, 0, -2, 0, 1, 2, 0, 1, 0, 1, 1], [0, -1, -1, 1, 2, 1, 2, 1, 1, 0, -1, -1, -1, 0, 0, -1], [0, 0, 0, 0, 0, 0, 1, 0, 0, 0, 0, 0, 0, 0, 0, 0], [0, 0, 0, 0, 0, -2, 2, 0, 1, 1, 1, -1, 0, 0, 1, 0], [0, -2, -2, 2, 4, 0, 4, 2, 3, 0, -2, -2, -2, 0, 0, -2], [0, 1, 1, 0, -2, 0, -3, 0, -1, -1, 0, 1, 0, 0, -1, 1], [0, -1, -1, 0, 2, 0, 1, 0, 1, 0, -1, -1, 0, 0, 1, -1], [0, 0, 0, 0, 0, 0, 0, 0, 0, 0, 0, 1, 0, 0, 0, 0], [0, -1, -1, 0, 2, 0, 3, 0, 1, 0, 0, -1, -1, 0, 1, -1], [0, 0, 0, -1, 0, -2, 1, -1, 0, 0, 1, -2, 1, -1, 1, 0], [0, 0, 0, 0, 0, 2, 0, 1, -1, 1, 1, 1, 0, 0, 0, 0], [0, 0, 0, 0, 0, 0, 0, 0, 0, 0, 0, 0, 0, 0, 0, 1]]
[[1, 0, 0, 0, 0, 0, 0, 0, 0, 0, 0, 0, 0, 0, 0, 0], [0, 1, 0, 0, 0, 0, 0, 0, 0, 0, 0, 0, 0, 0, 0, 0], [0, 0, 1, 0, 0, 0, 0, 0, 0, 0, 0, 0, 0, 0, 0, 0], [0, 0, 0, 1, 0, 0, 0, 0, 0, 0, 0, 0, 0, 0, 0, 0], [0, 0, 0, 0, 1, 0, 0, 0, 0, 0, 0, 0, 0, 0, 0, 0], [0, 0, 0, 0, 0, 1, 0, 0, 0, 0, 0, 0, 0, 0, 0, 0], [0, 0, 0, 0, 0, 0, 1, 0, 0, 0, 0, 0, 0, 0, 0, 0], [0, 0, 0, 0, 0, 0, 0, 1, 0, 0, 0, 0, 0, 0, 0, 0], [0, 0, 0, 0, 0, 0, 0, 0, 1, 0, 0, 0, 0, 0, 0, 0], [0, 0, 0, 0, 0, 0, 0, 0, 0, 1, 0, 0, 0, 0, 0, 0], [0, 0, 0, 0, 0, 0, 0, 0, 0, 0, 1, 0, 0, 0, 0, 0], [0, 0, 0, 0, 0, 0, 0, 0, 0, 0, 0, 1, 0, 0, 0, 0], [0, 0, 0, 0, 0, 0, 0, 0, 0, 0, 0, 0, 1, 0, 0, 0], [0, 0, 0, 0, 0, 0, 0, 0, 0, 0, 0, 0, 0, 1, 0, 0], [0, 0, 0, 0, 0, 0, 0, 0, 0, 0, 0, 0, 0, 0, 1, 0], [0, 0, 0, 0, 0, 0, 0, 0, 0, 0, 0, 0, 0, 0, 0, 1]]
[[1, 0, 0, 0, 0, 2, 0, 0, -1, 0, 0, 1, 0, 0, 0, 0], [0, 0, 1, 0, 0, 0, 0, 0, 0, 0, 0, 2, 0, 0, -1, 1], [0, 0, -1, 0, 0, 0, -2, 0, 0, -2, -2, 0, 0, 0, 0, 0], [0, 0, 0, 1, 0, -4, 0, 0, 2, 0, 0, -2, 0, 0, 0, 0], [0, 0, 0, 1, 1, 0, 0, 1, 1, 0, -1, 1, -1, 0, -1, 0], [0, 1, 1, -1, -2, -1, -2, -1, -1, 0, 1, 1, 1, 0, 0, 1], [0, 0, 0, 0, 0, 0, 1, 0, 0, 0, 0, 0, 0, 0, 0, 0], [0, 0, 0, 0, 0, 2, 0, 0, -1, -1, -1, 1, 0, 0, -1, 0], [0, 2, 2, -2, -4, 0, -4, -2, -3, 0, 2, 2, 2, 0, 0, 2], [0, -1, -1, 0, 2, 0, 2, 0, 1, 1, 0, -1, 0, 0, 1, -1], [0, 1, 1, 0, -2, 0, -2, 0, -1, 0, 1, 1, 0, 0, -1, 1], [0, 0, 0, 0, 0, 0, 0, 0, 0, 0, 0, -1, 0, 0, 0, 0], [0, 1, 1, 0, -2, 0, -2, 0, -1, 0, 0, 1, 1, 0, -1, 1], [0, 0, 0, 1, 0, 2, 0, 1, 0, 0, -1, 2, -1, 1, -1, 0], [0, 0, 0, 0, 0, -2, 0, -1, 1, -1, -1, -1, 0, 0, 0, 0], [0, 1, 1, 0, 0, -2, 2, -1, 1, 1, 1, 1, 0, 0, 0, 0]]
[[1, 0, 0, 0, 0, 0, 0, 0, 0, 0, 0, 0, 0, 0, 0, 0], [0, 1, 0, 0, 0, 0, 0, 0, 0, 0, 0, 0, 0, 0, 0, 0], [0, 0, 1, 0, 0, 0, 0, 0, 0, 0, 0, 0, 0, 0, 0, 0], [0, 0, 0, 1, 0, 0, 0, 0, 0, 0, 0, 0, 0, 0, 0, 0], [0, 0, 0, 0, 1, 0, 0, 0, 0, 0, 0, 0, 0, 0, 0, 0], [0, 0, 0, 0, 0, 1, 0, 0, 0, 0, 0, 0, 0, 0, 0, 0], [0, 0, 0, 0, 0, 0, 1, 0, 0, 0, 0, 0, 0, 0, 0, 0], [0, 0, 0, 0, 0, 0, 0, 1, 0, 0, 0, 0, 0, 0, 0, 0], [0, 0, 0, 0, 0, 0, 0, 0, 1, 0, 0, 0, 0, 0, 0, 0], [0, 0, 0, 0, 0, 0, 0, 0, 0, 1, 0, 0, 0, 0, 0, 0], [0, 0, 0, 0, 0, 0, 0, 0, 0, 0, 1, 0, 0, 0, 0, 0], [0, 0, 0, 0, 0, 0, 0, 0, 0, 0, 0, 1, 0, 0, 0, 0], [0, 0, 0, 0, 0, 0, 0, 0, 0, 0, 0, 0, 1, 0, 0, 0], [0, 0, 0, 0, 0, 0, 0, 0, 0, 0, 0, 0, 0, 1, 0, 0], [0, 0, 0, 0, 0, 0, 0, 0, 0, 0, 0, 0, 0, 0, 1, 0], [0, 0, 0, 0, 0, 0, 0, 0, 0, 0, 0, 0, 0, 0, 0, 1]]

Generators of monodromy action on conics:
(33,151)(34,152)(35,141)(36,142)(37,131)(38,132)(39,126)(40,125)(41,134)(42,133)(43,129)(44,130)(45,120)(46,119)(47,115)(48,116)(49,187)(50,188)(51,190)(52,189)(53,249)(54,250)(55,217)(56,218)(57,232)(58,231)(59,245)(60,246)(61,175)(62,176)(63,165)(64,166)(65,110)(66,109)(67,111)(68,112)(81,91)(82,92)(93,96)(94,95)(113,150)(114,149)(117,147)(118,148)(121,145)(122,146)(123,144)(124,143)(127,140)(128,139)(135,137)(136,138)(155,163)(156,164)(199,208)(200,207)(209,251)(210,252)(211,244)(212,243)(215,236)(216,235)(221,225)(222,226)
(33,218)(34,217)(35,232)(36,231)(37,189)(38,190)(39,175)(40,176)(41,165)(42,166)(43,188)(44,187)(45,246)(46,245)(47,250)(48,249)(49,130)(50,129)(51,132)(52,131)(53,116)(54,115)(55,152)(56,151)(57,141)(58,142)(59,119)(60,120)(61,126)(62,125)(63,134)(64,133)(69,80)(70,79)(71,101)(72,102)(75,103)(76,104)(99,108)(100,107)(153,229)(154,230)(157,253)(158,254)(159,233)(160,234)(161,219)(162,220)(167,193)(168,194)(171,180)(172,179)(173,181)(174,182)(183,195)(184,196)(197,240)(198,239)(201,248)(202,247)(203,242)(204,241)(205,214)(206,213)
(1,5)(2,6)(3,21)(4,22)(7,17)(8,18)(9,13)(10,14)(11,29)(12,30)(15,26)(16,25)(19,23)(20,24)(27,31)(28,32)(33,49)(34,50)(35,59)(36,60)(37,61)(38,62)(39,52)(40,51)(41,54)(42,53)(43,55)(44,56)(45,58)(46,57)(47,63)(48,64)(65,135)(66,136)(67,139)(68,140)(69,201)(70,202)(71,154)(72,153)(73,106)(74,105)(75,220)(76,219)(77,177)(78,178)(79,247)(80,248)(81,235)(82,236)(83,238)(84,237)(85,90)(86,89)(87,227)(88,228)(91,216)(92,215)(93,251)(94,252)(95,210)(96,209)(97,192)(98,191)(99,213)(100,214)(101,230)(102,229)(103,162)(104,161)(107,205)(108,206)(109,138)(110,137)(111,128)(112,127)(113,147)(114,148)(115,165)(116,166)(117,150)(118,149)(119,232)(120,231)(121,124)(122,123)(125,190)(126,189)(129,217)(130,218)(131,175)(132,176)(133,249)(134,250)(141,245)(142,246)(143,145)(144,146)(151,187)(152,188)(155,208)(156,207)(157,181)(158,182)(159,168)(160,167)(163,199)(164,200)(169,185)(170,186)(171,203)(172,204)(173,253)(174,254)(179,241)(180,242)(183,197)(184,198)(193,234)(194,233)(195,240)(196,239)(211,225)(212,226)(221,244)(222,243)(223,255)(224,256)
(1,6)(2,5)(3,22)(4,21)(7,18)(8,17)(9,14)(10,13)(11,30)(12,29)(15,25)(16,26)(19,24)(20,23)(27,32)(28,31)(33,48)(34,47)(35,38)(36,37)(39,45)(40,46)(41,43)(42,44)(49,64)(50,63)(51,57)(52,58)(53,56)(54,55)(59,62)(60,61)(65,136)(66,135)(67,140)(68,139)(69,202)(70,201)(71,153)(72,154)(73,105)(74,106)(75,219)(76,220)(77,178)(78,177)(79,248)(80,247)(81,236)(82,235)(83,237)(84,238)(85,89)(86,90)(87,228)(88,227)(91,215)(92,216)(93,252)(94,251)(95,209)(96,210)(97,191)(98,192)(99,214)(100,213)(101,229)(102,230)(103,161)(104,162)(107,206)(108,205)(109,137)(110,138)(111,127)(112,128)(113,148)(114,147)(115,152)(116,151)(117,149)(118,150)(119,125)(120,126)(121,123)(122,124)(129,134)(130,133)(131,142)(132,141)(143,146)(144,145)(155,207)(156,208)(157,182)(158,181)(159,167)(160,168)(163,200)(164,199)(165,188)(166,187)(169,186)(170,185)(171,204)(172,203)(173,254)(174,253)(175,246)(176,245)(179,242)(180,241)(183,198)(184,197)(189,231)(190,232)(193,233)(194,234)(195,239)(196,240)(211,226)(212,225)(217,250)(218,249)(221,243)(222,244)(223,256)(224,255)
(1,16)(2,15)(3,5)(4,6)(7,13)(8,14)(9,11)(10,12)(17,31)(18,32)(19,25)(20,26)(21,23)(22,24)(27,29)(28,30)(33,51)(34,52)(35,48)(36,47)(37,55)(38,56)(39,43)(40,44)(41,60)(42,59)(45,63)(46,64)(49,62)(50,61)(53,57)(54,58)(65,99)(66,100)(67,70)(68,69)(71,81)(72,82)(73,83)(74,84)(75,94)(76,93)(77,106)(78,105)(79,111)(80,112)(85,97)(86,98)(87,89)(88,90)(91,101)(92,102)(95,103)(96,104)(107,109)(108,110)(113,203)(114,204)(115,125)(116,126)(117,196)(118,195)(119,217)(120,218)(121,179)(122,180)(123,239)(124,240)(127,205)(128,206)(129,141)(130,142)(131,166)(132,165)(133,189)(134,190)(135,202)(136,201)(137,247)(138,248)(139,213)(140,214)(143,197)(144,198)(145,172)(146,171)(147,184)(148,183)(149,241)(150,242)(151,246)(152,245)(153,252)(154,251)(155,254)(156,253)(157,164)(158,163)(159,226)(160,225)(161,216)(162,215)(167,200)(168,199)(169,192)(170,191)(173,244)(174,243)(175,249)(176,250)(177,255)(178,256)(181,211)(182,212)(185,228)(186,227)(187,231)(188,232)(193,207)(194,208)(209,230)(210,229)(219,235)(220,236)(221,234)(222,233)(223,238)(224,237)
(1,105)(2,106)(3,97)(4,98)(5,85)(6,86)(7,83)(8,84)(9,89)(10,90)(11,87)(12,88)(13,73)(14,74)(15,77)(16,78)(17,191)(18,192)(19,185)(20,186)(21,237)(22,238)(23,224)(24,223)(25,228)(26,227)(27,255)(28,256)(29,177)(30,178)(31,170)(32,169)(65,111)(66,112)(67,110)(68,109)(69,107)(70,108)(71,104)(72,103)(75,102)(76,101)(79,99)(80,100)(81,96)(82,95)(91,93)(92,94)(113,123)(114,124)(143,149)(144,150)(167,173)(168,174)(181,193)(182,194)(197,241)(198,242)(199,243)(200,244)(203,239)(204,240)(207,211)(208,212)
