
#########################################################
# DATA FOR CRYSTALLOGRAPHIC QUARTIC SURFACE FAMILY 25.1 #
#########################################################

##################
# GROUP & FAMILY #
##################

Generators of crystallographic group:
[[1, 0, 0, 0], [0, 0, 0, -1], [0, 1, 0, 0], [0, 0, 1, 0]]
[[1, 0, 0, 0], [0, 1, 0, 0], [0, 0, -1, 0], [0, 0, 0, -1]]
[[1, 0, 0, 0], [0, -1, 0, 0], [0, 0, -1, 0], [0, 0, 0, 1]]

Invariant polynomials:
y^4 + z^4 + w^4
y^2*z^2 + y^2*w^2 + z^2*w^2
x^2*y^2 + x^2*z^2 + x^2*w^2
x^4

Equivalent crystallographic groups:
25.2
25.3
25.4
25.5
25.6
25.7
25.8
25.9
25.10
25.11

############
# HOMOLOGY #
############

Intersection product:
[[-2, -1, 0, -2, -2, -1, -2, 1, -1, -1, 0, 1, 0, -1, -1, -3, 2, 0, 0, 0, 1, -1], [-1, -2, 0, -1, -1, 0, -1, 1, 0, -1, 0, 1, 0, 0, -1, -2, 2, 0, 1, 1, 1, 0], [0, 0, -2, -1, -1, -1, -3, 1, -1, -1, -1, 1, -1, 0, -2, -3, 3, 0, 0, 0, 1, -2], [-2, -1, -1, -4, -2, -1, -3, 2, -1, -1, 0, 3, 1, -1, 0, -4, 3, 2, 1, 2, 1, -1], [-2, -1, -1, -2, -4, -1, -4, 1, -2, -1, -1, 1, -1, -1, -2, -5, 4, 0, 0, 0, 2, -2], [-1, 0, -1, -1, -1, -2, -2, 1, -1, -1, 0, 1, 0, 0, -1, -2, 2, 0, 0, 0, 1, -1], [-2, -1, -3, -3, -4, -2, -8, 2, -3, -2, -2, 2, -2, -1, -4, -7, 7, -1, 0, 0, 3, -4], [1, 1, 1, 2, 1, 1, 2, -2, 0, 1, 0, -2, -1, 0, 0, 2, -2, -1, -1, -2, -1, 0], [-1, 0, -1, -1, -2, -1, -3, 0, -2, 0, -1, 0, -1, -1, -1, -2, 2, 0, 0, 0, 1, -1], [-1, -1, -1, -1, -1, -1, -2, 1, 0, -2, 0, 1, 0, 0, -1, -2, 2, -1, 0, 0, 1, -1], [0, 0, -1, 0, -1, 0, -2, 0, -1, 0, -2, 0, -2, 0, -3, -3, 3, -1, 0, -1, 1, -2], [1, 1, 1, 3, 1, 1, 2, -2, 0, 1, 0, -4, -2, 0, -1, 2, -2, -2, -1, -3, -1, 0], [0, 0, -1, 1, -1, 0, -2, -1, -1, 0, -2, -2, -4, 0, -4, -3, 3, -2, 0, -2, 1, -2], [-1, 0, 0, -1, -1, 0, -1, 0, -1, 0, 0, 0, 0, -2, 0, -2, 1, 1, 0, 0, 0, -1], [-1, -1, -2, 0, -2, -1, -4, 0, -1, -1, -3, -1, -4, 0, -6, -5, 5, -3, 0, -2, 2, -3], [-3, -2, -3, -4, -5, -2, -7, 2, -2, -2, -3, 2, -3, -2, -5, -10, 8, 0, 1, 1, 3, -4], [2, 2, 3, 3, 4, 2, 7, -2, 2, 2, 3, -2, 3, 1, 5, 8, -8, 1, -1, -1, -3, 3], [0, 0, 0, 2, 0, 0, -1, -1, 0, -1, -1, -2, -2, 1, -3, 0, 1, -4, -1, -3, 1, -1], [0, 1, 0, 1, 0, 0, 0, -1, 0, 0, 0, -1, 0, 0, 0, 1, -1, -1, -2, -2, 0, -1], [0, 1, 0, 2, 0, 0, 0, -2, 0, 0, -1, -3, -2, 0, -2, 1, -1, -3, -2, -4, 0, -1], [1, 1, 1, 1, 2, 1, 3, -1, 1, 1, 1, -1, 1, 0, 2, 3, -3, 1, 0, 0, -2, 1], [-1, 0, -2, -1, -2, -1, -4, 0, -1, -1, -2, 0, -2, -1, -3, -4, 3, -1, -1, -1, 1, -4]]

Basis of the generic Picard lattice:
[1, 0, 0, 0, 0, 0, 0, 0, 0, 0, 0, 0, 0, 0, 0, 0, 0, 3, -2, 0, 0, -1]
[0, 1, 0, 0, 0, 0, 0, 0, 0, 0, 0, 0, 0, 0, 0, 0, 0, 6, -2, -4, 2, 1]
[0, 0, 1, 0, 0, 0, 0, 0, 0, 0, 0, 0, 0, 0, 0, 0, 0, 3, -2, 0, 0, -1]
[0, 0, 0, 1, 0, 0, 0, 0, 0, 0, 0, 0, 0, 0, 0, 0, 0, 2, -1, 0, 0, -1]
[0, 0, 0, 0, 1, 0, 0, 0, 0, 0, 0, 0, 0, 0, 0, 0, 0, 6, -3, -3, 2, 0]
[0, 0, 0, 0, 0, 1, 0, 0, 0, 0, 0, 0, 0, 0, 0, 0, 0, 5, -3, -1, 0, -1]
[0, 0, 0, 0, 0, 0, 1, 0, 0, 0, 0, 0, 0, 0, 0, 0, 0, 0, -1, 1, 1, -1]
[0, 0, 0, 0, 0, 0, 0, 1, 0, 0, 0, 0, 0, 0, 0, 0, 0, 3, -2, -1, 0, 0]
[0, 0, 0, 0, 0, 0, 0, 0, 1, 0, 0, 0, 0, 0, 0, 0, 0, 1, 0, -2, 2, 1]
[0, 0, 0, 0, 0, 0, 0, 0, 0, 1, 0, 0, 0, 0, 0, 0, 0, 2, -1, -1, 1, 0]
[0, 0, 0, 0, 0, 0, 0, 0, 0, 0, 1, 0, 0, 0, 0, 0, 0, 6, -3, -2, 0, -1]
[0, 0, 0, 0, 0, 0, 0, 0, 0, 0, 0, 1, 0, 0, 0, 0, 0, 6, -3, -3, 0, 0]
[0, 0, 0, 0, 0, 0, 0, 0, 0, 0, 0, 0, 1, 0, 0, 0, 0, 1, 0, 0, -2, -2]
[0, 0, 0, 0, 0, 0, 0, 0, 0, 0, 0, 0, 0, 1, 0, 0, 0, 6, -3, -2, 0, -1]
[0, 0, 0, 0, 0, 0, 0, 0, 0, 0, 0, 0, 0, 0, 1, 0, 0, 2, 0, -1, -1, -2]
[0, 0, 0, 0, 0, 0, 0, 0, 0, 0, 0, 0, 0, 0, 0, 1, 0, 1, 1, 0, -1, -3]
[0, 0, 0, 0, 0, 0, 0, 0, 0, 0, 0, 0, 0, 0, 0, 0, 1, 6, -4, -3, 1, 2]
[0, 0, 0, 0, 0, 0, 0, 0, 0, 0, 0, 0, 0, 0, 0, 0, 0, 7, -3, -4, 2, 1]

Class of hyperplane section:
[0, 1, 3, 0, 0, 0, -1, 0, 0, -3, -2, -1, 0, 1, -1, 1, 0, 3, 0, 0, 0, 0]

Action of the group on homology:
[[0, -1, 0, -1, 0, 1, -1, 1, 0, -1, 0, 2, 0, 1, 0, -2, 3, 0, 2, 1, 1, 0], [0, 1, 0, 1, 0, 0, 0, -1, 0, 0, 0, -1, 0, -1, 1, 1, -1, 0, -1, 0, 0, 0], [-1, 0, -1, -1, 0, -1, -3, 1, 0, -2, 0, 2, 1, 0, -1, -2, 3, 0, 1, 1, 2, 0], [0, 1, 0, 1, 1, -1, 1, -1, 0, 1, 0, -2, 0, -1, 0, 2, -3, 0, -1, -1, -1, 0], [0, -1, 0, 0, 0, 0, 0, 0, 0, 0, 0, 0, 0, 0, -1, 0, 0, 0, 0, 0, 0, 0], [0, 1, 0, 0, 0, 0, 1, -1, 0, 1, 0, -1, 0, -1, 1, 1, -2, 1, -1, 0, -1, 0], [0, 0, 0, 0, -1, 0, 0, 0, 0, 0, 0, 0, 0, 0, 1, 0, 0, 0, -1, 0, 0, 0], [0, 1, -1, 0, 0, 0, -1, 0, 0, 0, 0, 0, 1, -1, 1, 0, 0, 1, 0, 1, 0, 0], [0, 0, 1, 0, 0, 1, 0, 0, 0, 0, 0, 0, 0, 0, 0, 0, 0, -1, 0, -1, 0, 0], [0, -1, 1, 0, 0, 1, 1, 0, 0, 1, 0, -1, -1, 0, 0, 1, -1, -1, 0, -1, -1, 0], [0, 0, 1, 1, 0, 1, 2, -1, 1, 1, 0, -2, -1, 0, 1, 2, -3, -1, -1, -1, -1, 0], [0, 1, 0, 1, 1, 0, 1, -1, 0, 1, 0, -1, 0, 0, 1, 2, -2, 0, 0, 0, 0, 1], [0, -1, 1, 0, 0, 0, 1, 0, 0, 0, 0, -1, -1, 0, -1, 0, 0, -1, 0, -1, -1, 0], [0, 0, 0, 0, 0, -1, 0, 0, 0, 0, 0, 0, 0, 0, -1, 0, 0, 0, 0, 0, 0, 0], [0, -1, 0, -1, 0, 0, 0, 1, 0, 0, 0, 2, 1, 0, 0, -1, 1, 1, 1, 1, 0, 0], [0, 1, -1, 0, -1, 0, -2, 0, 0, -1, -1, 0, -1, 0, -1, -2, 2, -1, -1, -1, 1, -1], [0, 0, 0, 0, -1, 0, -1, 0, 0, 0, -1, 0, -1, 0, -1, -1, 1, -1, -1, -1, 0, -1], [0, 1, -1, 0, 0, -1, -2, 0, 0, -1, -1, 0, 0, 0, -2, -1, 1, -1, -1, -1, 1, -1], [0, 0, 0, 0, 0, 0, 0, 0, 0, -1, 0, 0, 0, 0, 0, 0, 0, -1, 0, -1, 0, 0], [0, 0, 0, 0, 0, 0, 0, 0, 0, 0, 1, 0, 0, 0, 1, 0, 0, 1, 0, 1, 0, 0], [0, -1, 0, -1, -1, 1, -1, 1, 0, -1, 0, 1, 0, 0, 0, -2, 2, 0, 0, 0, 1, 0], [0, 0, 0, 0, 0, 0, 0, 0, -1, 1, 0, 0, 0, 0, 0, 0, 0, 1, 1, 1, 0, 0]]
[[0, -1, 0, 0, -1, 0, 1, 0, 1, -1, 0, 0, 0, 0, 0, -1, -1, 0, -1, 0, 0, -1], [0, 0, 0, 0, -1, 0, -1, 0, -1, 0, -1, -1, -2, 0, -2, -2, 2, -1, 0, -1, 0, -1], [1, 1, 1, 2, 1, 0, 2, -1, 1, 0, 0, -1, 0, 1, 0, 2, -2, -1, -1, -1, 0, 1], [0, 1, 0, 0, 1, -1, -1, 0, -1, 1, 0, 0, 0, 0, 0, 1, 0, 0, 0, 0, 0, 0], [0, 0, 0, 0, 1, 0, 0, 0, 0, 0, 1, 1, 1, 0, 1, 1, 0, 1, 1, 1, 0, 1], [0, 0, 0, 0, 0, 0, -1, 0, -1, 0, 0, -1, -1, 0, -1, 0, 1, -1, 0, -1, 0, 0], [0, -1, 0, -1, -1, 1, 0, 1, 0, 0, 0, 1, 0, 0, 0, -2, 2, 1, 1, 1, 0, 0], [1, 0, 0, 1, 0, 0, 0, 0, -1, 1, -1, -1, -2, 1, -2, 0, 1, -1, 0, -1, 0, 0], [0, 0, 0, 1, 0, 0, 1, -1, 1, 0, -1, -1, -1, 0, -1, 0, -1, -1, -1, -1, 0, -1], [-1, -1, 0, 0, -1, 0, 0, 0, 0, 0, 0, 0, 0, -1, 0, -1, 0, 0, 0, 0, 0, -1], [0, -1, 0, 0, -1, 1, -1, 0, -1, 0, -1, -1, -2, -1, -2, -3, 2, -1, 0, -1, 0, -2], [0, 0, 0, 0, 0, -1, -1, 0, -1, 0, -1, -1, -2, 0, -2, -1, 1, -2, -1, -2, 0, -1], [-1, 0, 0, -1, -1, 0, 0, 0, 0, 0, 1, 1, 2, -1, 2, 0, -1, 2, 0, 1, 0, 0], [0, 1, 0, 0, 1, 0, 0, 0, 0, 0, 1, 1, 2, 0, 2, 2, -1, 1, 1, 1, 0, 1], [0, 0, 0, 0, 1, 0, 1, 0, 1, 0, 1, 2, 2, 1, 2, 2, -1, 1, 1, 2, 0, 1], [1, 0, 0, 1, 0, 1, 1, 0, 1, 0, -1, -1, -1, 1, -1, 0, 0, -1, -1, -1, 0, 0], [0, 0, 0, 0, 0, 1, 1, 0, 1, 0, 0, 1, 1, 0, 1, 0, 0, 1, 0, 1, 0, 0], [1, 1, 0, 1, 2, 0, 1, 0, 1, 0, 0, 0, 1, 1, 0, 2, -1, 0, 0, 0, 0, 1], [0, 0, 0, 0, 0, 0, 1, 0, 1, 0, 0, 0, 0, 1, 0, 0, -1, 0, 0, 0, 0, 0], [0, 0, 0, 0, -1, 0, -1, 0, -1, 0, 0, -1, -1, -1, 0, -1, 1, 0, 0, 0, 0, 0], [0, -2, 0, 0, -1, 1, 0, 1, 1, -1, 0, 1, 0, 1, -1, -2, 2, 0, 1, 1, 1, 0], [-1, 0, 0, -1, 0, -1, -1, 0, -1, 0, 0, 0, 0, -1, 0, 0, 0, 0, 0, 0, 0, 0]]
[[1, 1, 0, 1, 1, 0, 1, -1, 1, -1, 0, -2, -1, 0, 0, 1, -2, -2, -1, -2, -1, 0], [0, 0, 0, 0, -1, 0, 0, 0, -1, 0, 0, 0, 0, -1, 0, -1, 1, 1, 0, 0, 0, 0], [0, 0, 1, 0, 1, 0, 1, 0, 1, -1, 1, 0, 1, 0, 1, 1, -1, 0, -1, 0, 0, 1], [0, 0, 0, 0, 0, 0, -1, 0, -1, 1, 0, 1, 0, 0, 0, 0, 1, 1, 0, 1, 1, 0], [0, -1, 0, 0, 0, 0, -1, 1, 0, 0, 0, 1, 0, 1, -1, -1, 2, 0, 1, 1, 1, 0], [0, 0, 0, 0, -1, 0, 0, 0, -1, 1, 0, 0, 0, 0, 0, 0, 0, 1, 0, 0, 0, 0], [0, 0, 0, 0, 0, 0, 1, 0, 0, 0, 0, 0, 0, 0, 0, 0, 0, 0, 1, 0, -1, 0], [0, 0, 1, 0, 0, 0, 1, 0, -1, 1, 1, -1, 0, -1, 1, 1, -1, 1, 0, 0, -1, 1], [0, 1, 0, 0, 1, 0, 1, -1, 1, 0, 0, -1, 0, -1, 1, 1, -2, 0, -1, -1, -1, 0], [0, 0, -1, 0, 0, 0, -1, 0, 0, 0, -1, 0, -1, 0, -1, -1, 1, -1, 0, -1, 0, -1], [0, 0, -1, 0, -1, 0, -1, 0, -1, 0, -1, 0, -1, -1, -1, -2, 1, 0, 0, -1, 0, -2], [0, 0, 1, 1, -1, 0, 1, -1, -1, 1, 0, -1, -1, -1, 0, 0, -1, 0, -1, -1, 0, 0], [0, 0, -1, 0, 0, 0, -2, 0, 0, -1, -1, 0, -1, 1, -2, -1, 2, -2, 0, -1, 1, -1], [0, -1, 0, -1, 0, 1, -1, 1, 0, 0, 0, 2, 1, 1, 0, -1, 2, 1, 1, 2, 1, 0], [0, 0, 0, -1, 1, 0, 0, 1, 1, 0, 1, 2, 2, 1, 2, 1, 0, 1, 1, 2, 0, 1], [0, 1, 1, 1, 1, 0, 3, -1, 1, 0, 1, -2, 1, -1, 2, 3, -4, 0, -1, -1, -2, 1], [0, 1, 0, 0, 1, 0, 1, 0, 1, 0, 0, 0, 1, 0, 1, 1, -1, 0, 0, 0, -1, 0], [0, 0, 1, 0, 1, 1, 1, 0, 1, 0, 1, 0, 1, 0, 1, 1, -1, 1, 0, 1, 0, 1], [0, 0, 0, 0, 1, 0, 1, 0, 1, -1, 1, 0, 1, 0, 1, 1, -1, 0, 0, 0, 0, 1], [0, 0, -1, 0, -1, -1, -1, 0, -1, 0, -1, 0, -1, 0, -1, -1, 1, 0, 0, 0, 0, -1], [0, 0, 0, 0, 1, 0, 1, 0, 1, -1, 1, 0, 1, 0, 1, 1, -1, 0, 1, 0, -1, 1], [0, 0, 0, 0, -1, 0, -1, 0, -1, 1, -1, 0, -1, 0, -1, -1, 1, 0, 0, 0, 1, 0]]

####################
# ALGEBRAIC CURVES #
####################

There are 392 conics:
[0, 1, 2, 0, 0, 0, -1, 0, 0, -2, -1, 0, -1, 1, 0, 0, -1, 1, 1, 0, 0, 0]
[0, 0, 1, 0, 0, 0, 0, 0, 0, -1, -1, -1, 1, 0, -1, 1, 1, 2, -1, 0, 0, 0]
[0, 1, 2, 0, -1, 0, -1, 0, 1, -1, 0, 0, 0, 0, -2, 2, 1, 2, 0, 0, -1, 0]
[0, 0, 1, 0, 1, 0, 0, 0, -1, -2, -2, -1, 0, 1, 1, -1, -1, 1, 0, 0, 1, 0]
[1, 1, 1, 0, -1, 0, 0, 0, 0, -2, 0, 1, -1, -1, -1, 1, -1, 1, 1, 0, 1, 0]
[-1, 0, 2, 0, 1, 0, -1, 0, 0, -1, -2, -2, 1, 2, 0, 0, 1, 2, -1, 0, -1, 0]
[0, 1, 2, 0, -1, 0, 0, 1, 1, -1, -1, -1, 0, 0, -1, 2, 1, 2, 0, 0, 1, -1]
[0, 0, 1, 0, 1, 0, -1, -1, -1, -2, -1, 0, 0, 1, 0, -1, -1, 1, 0, 0, -1, 1]
[1, 0, 1, -1, 0, -1, 0, -1, 0, -1, 0, -1, 0, 1, 0, 0, 0, 1, 0, 0, 1, 0]
[-1, 1, 2, 1, 0, 1, -1, 1, 0, -2, -2, 0, 0, 0, -1, 1, 0, 2, 0, 0, -1, 0]
[0, 1, 2, 0, 0, 0, -1, 1, 1, -1, -1, -1, 0, 0, 0, 1, 1, 2, 0, -1, 0, 0]
[0, 0, 1, 0, 0, 0, 0, -1, -1, -2, -1, 0, 0, 1, -1, 0, -1, 1, 0, 1, 0, 0]
[1, 0, 1, 0, 0, 0, -1, -1, 0, -1, -1, 0, 0, 1, 0, -1, -1, 1, 0, 0, 0, 1]
[-1, 1, 2, 0, 0, 0, 0, 1, 0, -2, -1, -1, 0, 0, -1, 2, 1, 2, 0, 0, 0, -1]
[0, 1, 2, -1, 0, 0, 0, 0, 0, -1, -1, -1, 0, 0, -1, 2, 1, 2, 0, 0, 1, -1]
[0, 0, 1, 1, 0, 0, -1, 0, 0, -2, -1, 0, 0, 1, 0, -1, -1, 1, 0, 0, -1, 1]
[1, 0, 1, -1, 0, 0, 0, -1, 0, -1, 0, -1, 0, 0, 0, 0, 0, 0, 0, 1, 1, 0]
[-1, 1, 2, 1, 0, 0, -1, 1, 0, -2, -2, 0, 0, 1, -1, 1, 0, 3, 0, -1, -1, 0]
[2, 0, 1, -1, 0, -1, 0, -1, 0, -1, -1, -1, 1, 0, 0, 0, 0, 0, 1, 0, 1, 0]
[-2, 1, 2, 1, 0, 1, -1, 1, 0, -2, -1, 0, -1, 1, -1, 1, 0, 3, -1, 0, -1, 0]
[1, 1, 1, -1, 0, 0, 0, 0, 0, -1, 0, 0, 0, 0, -1, 0, -1, 0, 0, 1, 1, 0]
[-1, 0, 2, 1, 0, 0, -1, 0, 0, -2, -2, -1, 0, 1, 0, 1, 1, 3, 0, -1, -1, 0]
[1, 0, 2, 0, 0, -1, -1, -1, 0, -1, -1, -1, 1, 1, 0, -1, -1, 1, 1, 0, 0, 0]
[-1, 1, 1, 0, 0, 1, 0, 1, 0, -2, -1, 0, -1, 0, -1, 2, 1, 2, -1, 0, 0, 0]
[1, 0, 1, -1, 0, 0, 0, 0, 0, -2, -1, 0, -1, 0, 0, 1, 0, 1, 0, 0, 1, 0]
[-1, 1, 2, 1, 0, 0, -1, 0, 0, -1, -1, -1, 1, 1, -1, 0, 0, 2, 0, 0, -1, 0]
[1, -1, 2, 0, 0, -1, -1, -1, 0, -2, -2, -1, 0, 1, 1, 0, 0, 2, 1, -1, 0, 0]
[-1, 2, 1, 0, 0, 1, 0, 1, 0, -1, 0, 0, 0, 0, -2, 1, 0, 1, -1, 1, 0, 0]
[0, 1, 1, 0, 0, 0, 0, 0, 0, -1, -1, -1, 1, 0, -1, 1, 1, 1, 0, 0, 0, 0]
[0, 0, 2, 0, 0, 0, -1, 0, 0, -2, -1, 0, -1, 1, 0, 0, -1, 2, 0, 0, 0, 0]
[1, 0, 2, 0, 0, -1, -1, 0, 0, -2, -2, 0, 0, 1, 0, 0, -1, 2, 1, -1, 0, 0]
[-1, 1, 1, 0, 0, 1, 0, 0, 0, -1, 0, -1, 0, 0, -1, 1, 1, 1, -1, 1, 0, 0]
[2, 0, 2, -2, 0, -1, 0, -1, 0, -1, -1, -1, 0, 0, 0, 1, 0, 1, 1, 0, 2, -1]
[-2, 1, 1, 2, 0, 1, -1, 1, 0, -2, -1, 0, 0, 1, -1, 0, 0, 2, -1, 0, -2, 1]
[1, 0, 2, -1, 0, -1, 0, 0, 0, -2, -1, -1, 0, 0, 0, 1, 0, 1, 1, 0, 1, -1]
[-1, 1, 1, 1, 0, 1, -1, 0, 0, -1, -1, 0, 0, 1, -1, 0, 0, 2, -1, 0, -1, 1]
[2, 0, 2, -1, 0, -1, -1, 0, 1, -1, -1, -1, 0, 0, 1, 0, 0, 1, 1, -1, 1, 0]
[-2, 1, 1, 1, 0, 1, 0, 0, -1, -2, -1, 0, 0, 1, -2, 1, 0, 2, -1, 1, -1, 0]
[1, 0, 2, 0, 0, 0, -1, 0, 0, -2, -2, 0, 0, 0, 0, 0, -1, 1, 1, 0, 0, 0]
[-1, 1, 1, 0, 0, 0, 0, 0, 0, -1, 0, -1, 0, 1, -1, 1, 1, 2, -1, 0, 0, 0]
[2, 0, 2, -1, -1, -1, 0, 0, 1, -1, -1, -1, 0, 0, 0, 1, 0, 1, 1, 0, 2, -1]
[-2, 1, 1, 1, 1, 1, -1, 0, -1, -2, -1, 0, 0, 1, -1, 0, 0, 2, -1, 0, -2, 1]
[1, -1, 2, -1, 1, -1, -1, -1, 0, -1, -2, -2, 1, 2, 1, -1, 0, 1, 0, 0, 0, 0]
[-1, 2, 1, 1, -1, 1, 0, 1, 0, -2, 0, 1, -1, -1, -2, 2, 0, 2, 0, 0, 0, 0]
[2, 0, 2, -1, -1, -1, -1, -1, 1, -1, 0, 0, 0, 0, -1, 1, 0, 1, 1, 0, 0, 0]
[-2, 1, 1, 1, 1, 1, 0, 1, -1, -2, -2, -1, 0, 1, 0, 0, 0, 2, -1, 0, 0, 0]
[2, -1, 1, -1, 0, -1, 0, -1, 0, -1, -1, -1, 1, 0, 0, 0, 0, 1, 0, 0, 1, 0]
[-2, 2, 2, 1, 0, 1, -1, 1, 0, -2, -1, 0, -1, 1, -1, 1, 0, 2, 0, 0, -1, 0]
[2, 0, 2, -1, -1, -1, 0, 0, 1, -1, -1, -1, 1, -1, -1, 2, 1, 1, 1, 0, 1, -1]
[-2, 1, 1, 1, 1, 1, -1, 0, -1, -2, -1, 0, -1, 2, 0, -1, -1, 2, -1, 0, -1, 1]
[1, 0, 2, 0, -1, 0, -1, 0, 1, -1, -1, 0, 0, 0, -1, 1, 0, 2, 0, 0, 0, 0]
[-1, 1, 1, 0, 1, 0, 0, 0, -1, -2, -1, -1, 0, 1, 0, 0, 0, 1, 0, 0, 0, 0]
[2, 0, 2, -2, 0, -1, 0, 0, 1, 0, -1, -2, 1, 0, 0, 1, 1, 1, 0, 0, 2, -1]
[-2, 1, 1, 2, 0, 1, -1, 0, -1, -3, -1, 1, -1, 1, -1, 0, -1, 2, 0, 0, -2, 1]
[1, 0, 3, 0, 0, -1, -2, 0, 1, -1, -2, -1, 1, 1, 0, 0, 0, 2, 1, -1, -1, 0]
[-1, 1, 0, 0, 0, 1, 1, 0, -1, -2, 0, 0, -1, 0, -1, 1, 0, 1, -1, 1, 1, 0]
[1, -1, 2, 0, 0, -1, -1, 0, 1, -1, -2, -2, 1, 1, 1, 0, 1, 2, 0, -1, 0, 0]
[-1, 2, 1, 0, 0, 1, 0, 0, -1, -2, 0, 1, -1, 0, -2, 1, -1, 1, 0, 1, 0, 0]
[1, 0, 2, -1, 0, 0, -1, 0, 1, -1, -1, -1, 0, 0, 0, 1, 1, 1, 0, 0, 0, 0]
[-1, 1, 1, 1, 0, 0, 0, 0, -1, -2, -1, 0, 0, 1, -1, 0, -1, 2, 0, 0, 0, 0]
[1, -1, 2, -1, 0, -1, -1, -1, 1, -1, -1, -2, 1, 1, 0, 1, 1, 2, 1, -1, 0, -1]
[-1, 2, 1, 1, 0, 1, 0, 1, -1, -2, -1, 1, -1, 0, -1, 0, -1, 1, -1, 1, 0, 1]
[1, -1, 2, -1, 0, -1, 0, -1, 0, -1, -2, -2, 1, 1, 0, 1, 1, 2, 0, 0, 1, -1]
[-1, 2, 1, 1, 0, 1, -1, 1, 0, -2, 0, 1, -1, 0, -1, 0, -1, 1, 0, 0, -1, 1]
[0, 2, 1, 0, -1, 1, 0, 0, 0, -2, 0, 0, -1, 0, -1, 1, 0, 1, 0, 1, 0, 0]
[0, -1, 2, 0, 1, -1, -1, 0, 0, -1, -2, -1, 1, 1, 0, 0, 0, 2, 0, -1, 0, 0]
[0, 2, 2, 0, -1, 0, 0, 0, 0, -2, -1, 0, 0, 0, -1, 1, 0, 1, 1, 0, 0, 0]
[0, -1, 1, 0, 1, 0, -1, 0, 0, -1, -1, -1, 0, 1, 0, 0, 0, 2, -1, 0, 0, 0]
[0, 1, 1, 0, 0, 0, 0, 0, 0, -1, 0, -1, 0, 0, 0, 0, 0, 1, 0, 0, 1, 0]
[0, 0, 2, 0, 0, 0, -1, 0, 0, -2, -2, 0, 0, 1, -1, 1, 0, 2, 0, 0, -1, 0]
[0, 1, 1, 1, 0, 0, 0, 0, 0, -2, -1, 0, 0, 0, 0, 0, 0, 1, 0, 0, 0, 0]
[0, 0, 2, -1, 0, 0, -1, 0, 0, -1, -1, -1, 0, 1, -1, 1, 0, 2, 0, 0, 0, 0]
[2, 0, 2, -2, -1, -1, 0, -1, 1, -1, -1, -1, 1, 0, -1, 2, 1, 2, 1, -1, 1, -1]
[-2, 1, 1, 2, 1, 1, -1, 1, -1, -2, -1, 0, -1, 1, 0, -1, -1, 1, -1, 1, -1, 1]
[1, 0, 2, -1, -1, -1, 0, 0, 1, -1, 0, -1, 0, 0, -1, 2, 1, 2, 0, 0, 1, -1]
[-1, 1, 1, 1, 1, 1, -1, 0, -1, -2, -2, 0, 0, 1, 0, -1, -1, 1, 0, 0, -1, 1]
[1, 0, 2, 0, 0, -1, -1, 0, 0, -1, -1, 0, 0, 0, -1, 1, 0, 2, 0, 0, 0, 0]
[-1, 1, 1, 0, 0, 1, 0, 0, 0, -2, -1, -1, 0, 1, 0, 0, 0, 1, 0, 0, 0, 0]
[0, 1, 1, 0, 0, 0, 0, 0, 0, -1, -1, -1, 0, 1, 0, 0, 0, 1, 0, 0, 1, 0]
[0, 0, 2, 0, 0, 0, -1, 0, 0, -2, -1, 0, 0, 0, -1, 1, 0, 2, 0, 0, -1, 0]
[1, -1, 2, 0, 0, -1, -1, -1, 1, -1, -1, 0, 0, 0, 0, 1, 1, 2, 0, -1, 0, 0]
[-1, 2, 1, 0, 0, 1, 0, 1, -1, -2, -1, -1, 0, 1, -1, 0, -1, 1, 0, 1, 0, 0]
[1, 0, 1, -1, -1, 0, 0, 0, 0, -2, -1, -1, 0, 0, -1, 2, 1, 2, 0, 0, 0, 0]
[-1, 1, 2, 1, 1, 0, -1, 0, 0, -1, -1, 0, 0, 1, 0, -1, -1, 1, 0, 0, 0, 0]
[1, 0, 2, -1, 0, -1, 0, 0, 0, -2, -2, -2, 1, 1, 0, 1, 1, 2, 0, 0, 0, -1]
[-1, 1, 1, 1, 0, 1, -1, 0, 0, -1, 0, 1, -1, 0, -1, 0, -1, 1, 0, 0, 0, 1]
[1, 0, 3, -1, 0, -1, -1, -1, 1, -1, -1, -1, 0, 1, 0, 1, 1, 2, 0, 0, 0, -1]
[-1, 1, 0, 1, 0, 1, 0, 1, -1, -2, -1, 0, 0, 0, -1, 0, -1, 1, 0, 0, 0, 1]
[1, -1, 2, -1, 1, -1, -1, -1, 0, -1, -2, -2, 1, 1, 1, 0, 1, 2, 0, -1, 0, 0]
[-1, 2, 1, 1, -1, 1, 0, 1, 0, -2, 0, 1, -1, 0, -2, 1, -1, 1, 0, 1, 0, 0]
[0, 1, 0, 0, 0, 1, 0, 0, 0, -1, 0, 0, 0, 0, -1, 0, -1, 1, 0, 0, 1, 0]
[0, 0, 3, 0, 0, -1, -1, 0, 0, -2, -2, -1, 0, 1, 0, 1, 1, 2, 0, 0, -1, 0]
[1, 0, 2, -1, 0, -1, -1, 0, 1, -1, -1, -1, 0, 1, 0, 1, 1, 2, 0, -1, 0, 0]
[-1, 1, 1, 1, 0, 1, 0, 0, -1, -2, -1, 0, 0, 0, -1, 0, -1, 1, 0, 1, 0, 0]
[0, 1, 1, 1, 0, 0, -1, 0, 0, -1, 0, 0, 0, 0, -1, 0, -1, 1, 1, 0, 0, 0]
[0, 0, 2, -1, 0, 0, 0, 0, 0, -2, -2, -1, 0, 1, 0, 1, 1, 2, -1, 0, 0, 0]
[1, 0, 2, 0, 0, -1, -1, 1, 1, -1, -1, -1, 0, 0, 0, 1, 0, 2, 1, -1, 1, -1]
[-1, 1, 1, 0, 0, 1, 0, -1, -1, -2, -1, 0, 0, 1, -1, 0, 0, 1, -1, 1, -1, 1]
[1, 0, 3, 0, 0, -1, -1, 0, 1, -1, -2, 0, 0, 0, 0, 1, 0, 2, 1, -1, 1, -1]
[-1, 1, 0, 0, 0, 1, 0, 0, -1, -2, 0, -1, 0, 1, -1, 0, 0, 1, -1, 1, -1, 1]
[0, 1, 1, 0, 0, 0, -1, -1, 0, -1, 0, 0, 0, 1, -1, 0, 0, 1, 0, 0, -1, 1]
[0, 0, 2, 0, 0, 0, 0, 1, 0, -2, -2, -1, 0, 0, 0, 1, 0, 2, 0, 0, 1, -1]
[1, 0, 2, -1, 0, 0, -1, 0, 1, -1, -1, -1, 0, 0, 0, 1, 0, 2, 1, -1, 1, -1]
[-1, 1, 1, 1, 0, 0, 0, 0, -1, -2, -1, 0, 0, 1, -1, 0, 0, 1, -1, 1, -1, 1]
[0, 1, 3, 0, -1, 0, -1, 1, 1, -2, -1, 0, -1, 0, -1, 2, 0, 2, 1, 0, 0, -1]
[0, 0, 0, 0, 1, 0, 0, -1, -1, -1, -1, -1, 1, 1, 0, -1, 0, 1, -1, 0, 0, 1]
[1, 1, 2, -1, -1, 0, 0, 1, 0, -2, -2, -1, 0, 0, -1, 2, 0, 2, 1, 0, 1, -1]
[-1, 0, 1, 1, 1, 0, -1, -1, 0, -1, 0, 0, 0, 1, 0, -1, 0, 1, -1, 0, -1, 1]
[1, 0, 2, -1, -1, 0, 0, 0, 1, -2, -2, -1, 0, 0, 0, 2, 1, 2, 1, -1, 1, -1]
[-1, 1, 1, 1, 1, 0, -1, 0, -1, -1, 0, 0, 0, 1, -1, -1, -1, 1, -1, 1, -1, 1]
[0, 1, 1, 0, 0, 0, 0, -1, 0, -1, 0, 0, 0, 1, -1, 0, 0, 1, -1, 1, 0, 0]
[0, 0, 2, 0, 0, 0, -1, 1, 0, -2, -2, -1, 0, 0, 0, 1, 0, 2, 1, -1, 0, 0]
[0, 1, 1, -1, 0, 0, 0, -1, 0, -1, 0, -1, 1, 1, -1, 0, 0, 1, 0, 0, 0, 0]
[0, 0, 2, 1, 0, 0, -1, 1, 0, -2, -2, 0, -1, 0, 0, 1, 0, 2, 0, 0, 0, 0]
[0, 1, 1, 0, 0, 0, 0, -1, -1, -2, -1, -1, 1, 1, -1, 0, 0, 1, 0, 1, -1, 0]
[0, 0, 2, 0, 0, 0, -1, 1, 1, -1, -1, 0, -1, 0, 0, 1, 0, 2, 0, -1, 1, 0]
[2, 0, 2, -1, -1, -1, 0, 0, 1, -1, -1, -1, 0, -1, 0, 2, 1, 2, 1, -1, 2, -1]
[-2, 1, 1, 1, 1, 1, -1, 0, -1, -2, -1, 0, 0, 2, -1, -1, -1, 1, -1, 1, -2, 1]
[1, 1, 2, 0, -1, 0, -1, 1, 1, -2, -1, 1, -1, -1, -1, 2, 0, 2, 1, -1, 0, 0]
[-1, 0, 1, 0, 1, 0, 0, -1, -1, -1, -1, -2, 1, 2, 0, -1, 0, 1, -1, 1, 0, 0]
[1, 0, 3, -1, 0, -1, -1, 0, 1, -1, -2, -2, 0, 1, 1, 1, 1, 2, 1, -1, 1, -1]
[-1, 1, 0, 1, 0, 1, 0, 0, -1, -2, 0, 1, 0, 0, -2, 0, -1, 1, -1, 1, -1, 1]
[0, 1, 1, 0, -1, 0, 0, -1, 0, -1, 1, 0, 0, 0, -2, 1, 0, 1, 0, 1, 0, 0]
[0, 0, 2, 0, 1, 0, -1, 1, 0, -2, -3, -1, 0, 1, 1, 0, 0, 2, 0, -1, 0, 0]
[1, 0, 3, 0, 0, -1, -1, 0, 1, -2, -2, -1, 0, 0, 1, 1, 1, 2, 1, -1, 0, -1]
[-1, 1, 0, 0, 0, 1, 0, 0, -1, -1, 0, 0, 0, 1, -2, 0, -1, 1, -1, 1, 0, 1]
[1, 1, 3, -1, -1, -1, 0, 1, 1, -2, -2, -1, 0, 0, 0, 2, 1, 2, 1, -1, 1, -1]
[-1, 0, 0, 1, 1, 1, -1, -1, -1, -1, 0, 0, 0, 1, -1, -1, -1, 1, -1, 1, -1, 1]
[1, 1, 2, -1, -1, 0, 0, 1, 1, -2, -1, -1, -1, 0, 0, 2, 1, 2, 0, 0, 1, -1]
[-1, 0, 1, 1, 1, 0, -1, -1, -1, -1, -1, 0, 1, 1, -1, -1, -1, 1, 0, 0, -1, 1]
[0, 1, 3, 0, 0, 0, -1, 1, 0, -2, -2, 0, -1, 0, 0, 1, 0, 2, 0, 0, 0, 0]
[0, 0, 0, 0, 0, 0, 0, -1, 0, -1, 0, -1, 1, 1, -1, 0, 0, 1, 0, 0, 0, 0]
[0, 1, 0, 0, 0, 1, 0, 0, 0, -1, 0, 0, 0, 0, -1, 0, 0, 0, -1, 1, 0, 1]
[0, 0, 3, 0, 0, -1, -1, 0, 0, -2, -2, -1, 0, 1, 0, 1, 0, 3, 1, -1, 0, -1]
[0, 1, 2, -1, 0, 0, 0, 1, 0, -2, -1, 0, -1, 0, -1, 2, 0, 2, 0, 0, 1, -1]
[0, 0, 1, 1, 0, 0, -1, -1, 0, -1, -1, -1, 1, 1, 0, -1, 0, 1, 0, 0, -1, 1]
[1, 0, 2, -1, 0, -1, 0, 0, 0, -2, -2, -1, 0, 0, 0, 2, 1, 2, 1, -1, 1, -1]
[-1, 1, 1, 1, 0, 1, -1, 0, 0, -1, 0, 0, 0, 1, -1, -1, -1, 1, -1, 1, -1, 1]
[0, 1, 1, 1, 0, 0, -1, 0, 0, -1, -1, 0, 1, 1, -1, -1, -1, 1, 0, 0, -1, 1]
[0, 0, 2, -1, 0, 0, 0, 0, 0, -2, -1, -1, -1, 0, 0, 2, 1, 2, 0, 0, 1, -1]
[1, 1, 1, -1, 0, 0, 0, -1, 0, 0, 0, -1, 1, 0, -1, 0, 0, 0, 0, 1, 1, 0]
[-1, 0, 2, 1, 0, 0, -1, 1, 0, -3, -2, 0, -1, 1, 0, 1, 0, 3, 0, -1, -1, 0]
[0, 1, 1, 0, 0, 0, 0, 0, 0, -1, 0, -1, 1, 0, -1, 0, 0, 0, 0, 1, 0, 0]
[0, 0, 2, 0, 0, 0, -1, 0, 0, -2, -2, 0, -1, 1, 0, 1, 0, 3, 0, -1, 0, 0]
[1, -1, 1, 0, 1, -1, -1, -1, 0, 0, -1, -2, 2, 1, 0, -1, 0, 1, 0, 0, 0, 0]
[-1, 2, 2, 0, -1, 1, 0, 1, 0, -3, -1, 1, -2, 0, -1, 2, 0, 2, 0, 0, 0, 0]
[0, 1, 2, 0, 0, 0, -1, 0, 0, -2, -1, 0, -1, 0, 0, 1, 0, 2, 1, -1, 0, 0]
[0, 0, 1, 0, 0, 0, 0, 0, 0, -1, -1, -1, 1, 1, -1, 0, 0, 1, -1, 1, 0, 0]
[0, 1, 1, 0, 0, 0, 0, 1, 0, -2, -1, 0, -1, 0, 0, 1, 0, 2, 0, -1, 1, 0]
[0, 0, 2, 0, 0, 0, -1, -1, 0, -1, -1, -1, 1, 1, -1, 0, 0, 1, 0, 1, -1, 0]
[1, 0, 1, -1, 0, 0, -1, -1, 1, 0, 0, -1, 1, 1, -1, 0, 0, 1, 0, 0, 0, 0]
[-1, 1, 2, 1, 0, 0, 0, 1, -1, -3, -2, 0, -1, 0, 0, 1, 0, 2, 0, 0, 0, 0]
[0, 2, 2, 0, -1, 0, 0, 1, 0, -3, -1, 0, -1, 0, -1, 2, 0, 2, 1, 0, 0, -1]
[0, -1, 1, 0, 1, 0, -1, -1, 0, 0, -1, -1, 1, 1, 0, -1, 0, 1, -1, 0, 0, 1]
[0, 1, 2, 0, 0, 0, 0, 0, 0, -2, -1, 0, -1, 0, 0, 1, 0, 2, 0, 0, 1, -1]
[0, 0, 1, 0, 0, 0, -1, 0, 0, -1, -1, -1, 1, 1, -1, 0, 0, 1, 0, 0, -1, 1]
[1, 0, 2, 0, 0, -1, -1, -1, 1, 0, 0, 0, 1, 0, -1, 0, 0, 1, 0, 0, 0, 0]
[-1, 1, 1, 0, 0, 1, 0, 1, -1, -3, -2, -1, -1, 1, 0, 1, 0, 2, 0, 0, 0, 0]
[1, 1, 1, -1, -1, 0, 0, 0, 0, -1, 0, -1, 1, 0, -2, 1, 0, 1, 0, 1, 0, 0]
[-1, 0, 2, 1, 1, 0, -1, 0, 0, -2, -2, 0, -1, 1, 1, 0, 0, 2, 0, -1, 0, 0]
[2, 0, 1, -1, -1, -1, 0, -1, 1, 0, 0, -1, 1, 0, -1, 1, 1, 1, 0, 0, 1, 0]
[-2, 1, 2, 1, 1, 1, -1, 1, -1, -3, -2, 0, -1, 1, 0, 0, -1, 2, 0, 0, -1, 0]
[1, 0, 1, -1, -1, 0, 0, -1, 1, -1, 0, -1, 1, 0, -1, 1, 1, 1, 0, 0, 0, 0]
[-1, 1, 2, 1, 1, 0, -1, 1, -1, -2, -2, 0, -1, 1, 0, 0, -1, 2, 0, 0, 0, 0]
[1, 0, 1, 0, 0, 0, -1, -1, 0, -1, -1, 0, 1, 0, -1, 0, 0, 1, 0, 0, -1, 1]
[-1, 1, 2, 0, 0, 0, 0, 1, 0, -2, -1, -1, -1, 1, 0, 1, 0, 2, 0, 0, 1, -1]
[0, 1, 2, -1, 0, 0, 0, 0, 0, -2, -2, -1, 0, 1, 0, 1, 0, 2, 1, -1, 1, -1]
[0, 0, 1, 1, 0, 0, -1, 0, 0, -1, 0, 0, 0, 0, -1, 0, 0, 1, -1, 1, -1, 1]
[1, 0, 2, 0, 0, -1, -1, -1, 1, -1, -1, -1, 1, 1, 0, 0, 1, 1, 0, 0, -1, 0]
[-1, 1, 1, 0, 0, 1, 0, 1, -1, -2, -1, 0, -1, 0, -1, 1, -1, 2, 0, 0, 1, 0]
[1, 0, 2, -1, 0, -1, 0, -1, 0, -1, -2, -2, 2, 1, 0, 0, 1, 1, 0, 0, 0, 0]
[-1, 1, 1, 1, 0, 1, -1, 1, 0, -2, 0, 1, -2, 0, -1, 1, -1, 2, 0, 0, 0, 0]
[1, 0, 2, -1, 0, -1, -1, -1, 1, 0, 0, -2, 1, 1, 0, 0, 1, 1, 0, 0, 0, 0]
[-1, 1, 1, 1, 0, 1, 0, 1, -1, -3, -2, 1, -1, 0, -1, 1, -1, 2, 0, 0, 0, 0]
[1, 0, 1, -1, 0, 0, 0, -1, 0, -1, -1, -2, 1, 1, 0, 0, 1, 1, -1, 1, 0, 0]
[-1, 1, 2, 1, 0, 0, -1, 1, 0, -2, -1, 1, -1, 0, -1, 1, -1, 2, 1, -1, 0, 0]
[0, 1, 2, 0, -1, 0, 0, 0, 0, -2, -1, 0, -1, 0, -1, 2, 0, 2, 1, 0, 1, -1]
[0, 0, 1, 0, 1, 0, -1, 0, 0, -1, -1, -1, 1, 1, 0, -1, 0, 1, -1, 0, -1, 1]
[0, 1, 2, 0, 0, 0, -1, 0, 0, -1, -1, 0, 0, 1, -1, 0, 0, 1, -1, 1, -1, 1]
[0, 0, 1, 0, 0, 0, 0, 0, 0, -2, -1, -1, 0, 0, 0, 1, 0, 2, 1, -1, 1, -1]
[0, 1, 2, 1, -1, 0, -1, 1, 1, -2, -1, 0, -1, 0, 0, 1, 0, 2, 1, -1, 0, 0]
[0, 0, 1, -1, 1, 0, 0, -1, -1, -1, -1, -1, 1, 1, -1, 0, 0, 1, -1, 1, 0, 0]
[0, 1, 1, 0, 0, 1, 0, 1, 0, -2, -1, 0, -1, -1, 0, 1, 0, 1, 0, 0, 1, 0]
[0, 0, 2, 0, 0, -1, -1, -1, 0, -1, -1, -1, 1, 2, -1, 0, 0, 2, 0, 0, -1, 0]
[0, 1, 2, 1, 0, 0, -1, 1, 0, -2, -2, 0, 0, 0, 0, 0, -1, 2, 1, -1, 0, 0]
[0, 0, 1, -1, 0, 0, 0, -1, 0, -1, 0, -1, 0, 1, -1, 1, 1, 1, -1, 1, 0, 0]
[1, 2, 2, -1, -1, 0, 0, 1, 1, -1, 0, 0, -1, -1, -1, 2, 0, 1, 1, 0, 2, -1]
[-1, -1, 1, 1, 1, 0, -1, -1, -1, -2, -2, -1, 1, 2, 0, -1, 0, 2, -1, 0, -2, 1]
[1, 0, 1, -1, 0, -1, 0, -1, 0, -1, 0, -1, 1, 0, -1, 1, 1, 1, 0, 0, 0, 0]
[-1, 1, 2, 1, 0, 1, -1, 1, 0, -2, -2, 0, -1, 1, 0, 0, -1, 2, 0, 0, 0, 0]
[0, 1, 2, 0, 0, 0, 0, 1, 0, -2, -2, -1, 0, 0, 0, 1, 0, 1, 1, 0, 1, -1]
[0, 0, 1, 0, 0, 0, -1, -1, 0, -1, 0, 0, 0, 1, -1, 0, 0, 2, -1, 0, -1, 1]
[1, 1, 2, -1, -1, 0, 0, 0, 1, -1, -1, -1, 1, 0, -1, 1, 0, 1, 1, 0, 1, -1]
[-1, 0, 1, 1, 1, 0, -1, 0, -1, -2, -1, 0, -1, 1, 0, 0, 0, 2, -1, 0, -1, 1]
[0, 1, 2, 1, 0, 0, -1, 1, 0, -1, -1, 0, 0, 0, -1, 0, -1, 1, 0, 1, 0, 0]
[0, 0, 1, -1, 0, 0, 0, -1, 0, -2, -1, -1, 0, 1, 0, 1, 1, 2, 0, -1, 0, 0]
[1, 0, 2, 0, 0, -1, -1, 0, 1, 0, -1, -1, 1, 0, 0, 0, 0, 1, 1, -1, 1, 0]
[-1, 1, 1, 0, 0, 1, 0, 0, -1, -3, -1, 0, -1, 1, -1, 1, 0, 2, -1, 1, -1, 0]
[1, 0, 1, 0, 0, 0, -1, 0, 1, -1, -1, -1, 1, 0, 0, 0, 0, 1, 1, -1, 0, 0]
[-1, 1, 2, 0, 0, 0, 0, 0, -1, -2, -1, 0, -1, 1, -1, 1, 0, 2, -1, 1, 0, 0]
[0, 1, 1, -1, 0, 0, 0, 0, -1, -2, -1, -1, 0, 1, -1, 1, 0, 2, 0, 0, 0, 0]
[0, 0, 2, 1, 0, 0, -1, 0, 1, -1, -1, 0, 0, 0, 0, 0, 0, 1, 0, 0, 0, 0]
[1, 0, 1, 0, 0, 0, 0, 0, 0, -1, -2, -1, 1, 0, 0, 0, 0, 1, 0, 0, 1, 0]
[-1, 1, 2, 0, 0, 0, -1, 0, 0, -2, 0, 0, -1, 1, -1, 1, 0, 2, 0, 0, -1, 0]
[1, 0, 1, 0, 0, 0, -1, 0, 1, 0, 0, -1, 0, 0, 0, 0, 0, 1, 0, 0, 1, 0]
[-1, 1, 2, 0, 0, 0, 0, 0, -1, -3, -2, 0, 0, 1, -1, 1, 0, 2, 0, 0, -1, 0]
[1, 1, 2, 0, -1, 0, -1, 0, 1, -1, -1, 0, 0, 0, -1, 1, 0, 1, 1, 0, 0, 0]
[-1, 0, 1, 0, 1, 0, 0, 0, -1, -2, -1, -1, 0, 1, 0, 0, 0, 2, -1, 0, 0, 0]
[0, 1, 1, 0, -1, 1, 0, 1, 0, -2, -1, -1, 0, 0, -1, 1, 0, 1, 0, 1, 0, 0]
[0, 0, 2, 0, 1, -1, -1, -1, 0, -1, -1, 0, 0, 1, 0, 0, 0, 2, 0, -1, 0, 0]
[0, 1, 1, 0, 0, 1, -1, 1, 0, -1, -1, 0, 0, 0, -1, 0, -1, 1, 0, 0, 0, 1]
[0, 0, 2, 0, 0, -1, 0, -1, 0, -2, -1, -1, 0, 1, 0, 1, 1, 2, 0, 0, 0, -1]
[1, 1, 1, 0, -1, 0, 0, 1, 1, -1, 0, 0, 0, -1, -1, 1, 0, 1, 0, 0, 1, 0]
[-1, 0, 2, 0, 1, 0, -1, -1, -1, -2, -2, -1, 0, 2, 0, 0, 0, 2, 0, 0, -1, 0]
[1, 1, 2, 0, -1, 0, -1, 0, 1, -1, 0, 0, 0, -1, -1, 1, 0, 1, 1, 0, 0, 0]
[-1, 0, 1, 0, 1, 0, 0, 0, -1, -2, -2, -1, 0, 2, 0, 0, 0, 2, -1, 0, 0, 0]
[0, 1, 1, 0, -1, 0, 0, 0, 0, -2, 0, 1, -1, 0, -2, 2, 0, 2, 0, 0, 0, 0]
[0, 0, 2, 0, 1, 0, -1, 0, 0, -1, -2, -2, 1, 1, 1, -1, 0, 1, 0, 0, 0, 0]
[0, 1, 2, 0, 0, 0, -1, 1, 1, -1, -1, -1, 0, 1, 0, 0, 0, 1, 0, 0, 0, 0]
[0, 0, 1, 0, 0, 0, 0, -1, -1, -2, -1, 0, 0, 0, -1, 1, 0, 2, 0, 0, 0, 0]
[2, 1, 2, -1, -1, -1, 0, 0, 1, -1, -1, -2, 1, 0, 0, 1, 1, 1, 1, 0, 1, -1]
[-2, 0, 1, 1, 1, 1, -1, 0, -1, -2, -1, 1, -1, 1, -1, 0, -1, 2, -1, 0, -1, 1]
[1, 1, 2, 0, 0, 0, -1, 0, 1, -1, -1, 0, 0, 0, 0, 0, 0, 1, 0, 0, 0, 0]
[-1, 0, 1, 0, 0, 0, 0, 0, -1, -2, -1, -1, 0, 1, -1, 1, 0, 2, 0, 0, 0, 0]
[1, 1, 2, -1, -1, 0, 0, 0, 1, -1, -1, -1, 0, 0, 0, 1, 1, 1, 0, 0, 1, 0]
[-1, 0, 1, 1, 1, 0, -1, 0, -1, -2, -1, 0, 0, 1, -1, 0, -1, 2, 0, 0, -1, 0]
[0, 1, 2, 1, 0, 0, -1, 1, 0, -2, -2, 0, 0, 0, 0, 0, 0, 1, 0, 0, -1, 1]
[0, 0, 1, -1, 0, 0, 0, -1, 0, -1, 0, -1, 0, 1, -1, 1, 0, 2, 0, 0, 1, -1]
[1, 0, 1, -1, 0, 0, 0, -1, 0, -1, -1, -1, 1, 0, -1, 1, 0, 1, 1, 0, 1, -1]
[-1, 1, 2, 1, 0, 0, -1, 1, 0, -2, -1, 0, -1, 1, 0, 0, 0, 2, -1, 0, -1, 1]
[0, 1, 2, 0, 0, 0, -1, 0, 0, -2, -2, 0, 0, 1, 0, 0, 0, 2, 0, -1, -1, 1]
[0, 0, 1, 0, 0, 0, 0, 0, 0, -1, 0, -1, 0, 0, -1, 1, 0, 1, 0, 1, 1, -1]
[0, 1, 2, 0, -1, 0, 0, 0, 0, -3, -2, -1, 0, 1, 0, 1, 1, 2, 0, 0, -1, 0]
[0, 0, 1, 0, 1, 0, -1, 0, 0, 0, 0, 0, 0, 0, -1, 0, -1, 1, 0, 0, 1, 0]
[0, 1, 2, 0, 0, 0, 0, 0, 0, -2, -1, 0, -1, 0, 0, 1, 1, 1, -1, 1, 0, 0]
[0, 0, 1, 0, 0, 0, -1, 0, 0, -1, -1, -1, 1, 1, -1, 0, -1, 2, 1, -1, 0, 0]
[1, 0, 2, 0, 0, -1, -1, -1, 1, -1, -1, -1, 0, 1, 1, 0, 1, 2, 0, -1, 0, 0]
[-1, 1, 1, 0, 0, 1, 0, 1, -1, -2, -1, 0, 0, 0, -2, 1, -1, 1, 0, 1, 0, 0]
[1, 1, 1, -1, 0, 0, 0, 0, 0, -2, -1, -1, 0, 0, 0, 1, 1, 1, 0, 0, 0, 0]
[-1, 0, 2, 1, 0, 0, -1, 0, 0, -1, -1, 0, 0, 1, -1, 0, -1, 2, 0, 0, 0, 0]
[0, 1, 2, -1, 0, 0, 0, 0, 0, -2, -1, -1, 0, 0, 0, 1, 1, 1, 0, 0, 0, 0]
[0, 0, 1, 1, 0, 0, -1, 0, 0, -1, -1, 0, 0, 1, -1, 0, -1, 2, 0, 0, 0, 0]
[1, 1, 2, -1, 0, -1, 0, 0, 0, -1, -1, -1, 0, 0, 0, 1, 1, 1, 0, 0, 1, 0]
[-1, 0, 1, 1, 0, 1, -1, 0, 0, -2, -1, 0, 0, 1, -1, 0, -1, 2, 0, 0, -1, 0]
[0, 1, 2, 0, 0, 0, -1, 0, 0, -2, -1, -1, 0, 1, 0, 0, 0, 2, 0, 0, -1, 0]
[0, 0, 1, 0, 0, 0, 0, 0, 0, -1, -1, 0, 0, 0, -1, 1, 0, 1, 0, 0, 1, 0]
[0, 1, 3, 1, 0, -1, -1, 0, 0, -2, -2, 0, 0, 1, 0, 0, 0, 2, 0, 0, -1, 0]
[0, 0, 0, -1, 0, 1, 0, 0, 0, -1, 0, -1, 0, 0, -1, 1, 0, 1, 0, 0, 1, 0]
[1, 2, 2, -2, -1, 0, 1, 0, 0, -2, -1, -1, 0, 0, -1, 2, 1, 1, 0, 1, 1, -1]
[-1, -1, 1, 2, 1, 0, -2, 0, 0, -1, -1, 0, 0, 1, 0, -1, -1, 2, 0, -1, -1, 1]
[1, 1, 2, -1, 0, -1, 0, 0, 1, -1, 0, -1, 0, 0, 0, 1, 1, 1, 0, 0, 1, -1]
[-1, 0, 1, 1, 0, 1, -1, 0, -1, -2, -2, 0, 0, 1, -1, 0, -1, 2, 0, 0, -1, 1]
[1, 1, 1, -1, -1, 0, 0, 0, 1, -1, 1, 0, 0, -1, -2, 2, 0, 1, 1, 0, 1, -1]
[-1, 0, 2, 1, 1, 0, -1, 0, -1, -2, -3, -1, 0, 2, 1, -1, 0, 2, -1, 0, -1, 1]
[1, 1, 1, -1, -1, 0, 1, 0, 0, -1, 0, 0, 0, -1, -2, 2, 0, 1, 0, 1, 2, -1]
[-1, 0, 2, 1, 1, 0, -2, 0, 0, -2, -2, -1, 0, 2, 1, -1, 0, 2, 0, -1, -2, 1]
[0, 1, 2, -1, 0, 0, 0, 0, 0, -2, -2, -1, 0, 1, 0, 1, 1, 1, 0, 0, 0, 0]
[0, 0, 1, 1, 0, 0, -1, 0, 0, -1, 0, 0, 0, 0, -1, 0, -1, 2, 0, 0, 0, 0]
[0, 1, 2, 1, -1, 0, -1, 0, 0, -2, -1, 1, 0, 0, -2, 1, -1, 2, 1, 0, -1, 0]
[0, 0, 1, -1, 1, 0, 0, 0, 0, -1, -1, -2, 0, 1, 1, 0, 1, 1, -1, 0, 1, 0]
[0, 1, 2, 0, 0, 0, -1, 0, 0, -2, -2, -1, 0, 2, 0, 0, 0, 2, 0, 0, -1, 0]
[0, 0, 1, 0, 0, 0, 0, 0, 0, -1, 0, 0, 0, -1, -1, 1, 0, 1, 0, 0, 1, 0]
[1, 0, 0, 0, 0, 0, 0, 0, 0, -1, 0, 0, 0, -1, -1, 1, 0, 1, 0, 0, 1, 0]
[-1, 1, 3, 0, 0, 0, -1, 0, 0, -2, -2, -1, 0, 2, 0, 0, 0, 2, 0, 0, -1, 0]
[0, 1, 2, -1, 1, 0, -1, 0, 0, -1, -1, -1, 0, 1, 0, 0, 0, 1, 0, 0, 0, 0]
[0, 0, 1, 1, -1, 0, 0, 0, 0, -2, -1, 0, 0, 0, -1, 1, 0, 2, 0, 0, 0, 0]
[1, 1, 1, -1, -1, 0, 0, 0, 0, -1, 0, 0, 0, -1, -2, 2, 0, 1, 1, 0, 1, 0]
[-1, 0, 2, 1, 1, 0, -1, 0, 0, -2, -2, -1, 0, 2, 1, -1, 0, 2, -1, 0, -1, 0]
[1, 0, 1, 0, -1, 0, -1, -1, 1, -1, 0, 0, 0, 0, -1, 1, 0, 2, 1, -1, 0, 0]
[-1, 1, 2, 0, 1, 0, 0, 1, -1, -2, -2, -1, 0, 1, 0, 0, 0, 1, -1, 1, 0, 0]
[0, 1, 1, 0, -1, 1, 0, 0, 0, -2, 0, 1, -1, -1, -2, 2, 0, 1, 0, 1, 0, 0]
[0, 0, 2, 0, 1, -1, -1, 0, 0, -1, -2, -2, 1, 2, 1, -1, 0, 2, 0, -1, 0, 0]
[0, 1, 2, -1, 0, 0, 0, 0, 0, -2, -1, -2, 0, 1, 0, 1, 1, 1, 0, 1, 0, -1]
[0, 0, 1, 1, 0, 0, -1, 0, 0, -1, -1, 1, 0, 0, -1, 0, -1, 2, 0, -1, 0, 1]
[1, 0, 2, -1, 1, -1, 0, -1, 0, -1, -2, -2, 1, 1, 1, 0, 1, 1, 0, 0, 1, -1]
[-1, 1, 1, 1, -1, 1, -1, 1, 0, -2, 0, 1, -1, 0, -2, 1, -1, 2, 0, 0, -1, 1]
[0, 1, 2, 1, -1, 0, -1, 0, 0, -2, -1, 1, -1, 0, -1, 1, 0, 2, 0, 0, -1, 1]
[0, 0, 1, -1, 1, 0, 0, 0, 0, -1, -1, -2, 1, 1, 0, 0, 0, 1, 0, 0, 1, -1]
[0, 1, 2, -1, 0, 0, 0, 0, 0, -1, -1, -1, 0, 1, -1, 1, 0, 1, 0, 1, 1, -1]
[0, 0, 1, 1, 0, 0, -1, 0, 0, -2, -1, 0, 0, 0, 0, 0, 0, 2, 0, -1, -1, 1]
[1, 1, 1, -1, -1, 0, 0, 0, 1, -1, 1, 0, -1, -1, -1, 2, 1, 1, 0, 0, 1, 0]
[-1, 0, 2, 1, 1, 0, -1, 0, -1, -2, -3, -1, 1, 2, 0, -1, -1, 2, 0, 0, -1, 0]
[1, 1, 1, -1, -1, 0, 1, 0, 0, -2, -1, 0, 0, -1, -1, 2, 1, 1, 0, 0, 1, 0]
[-1, 0, 2, 1, 1, 0, -2, 0, 0, -1, -1, -1, 0, 2, 0, -1, -1, 2, 0, 0, -1, 0]
[1, 1, 1, 0, -1, 0, 0, 0, 0, -2, -1, 0, 0, 0, -1, 1, 0, 2, 0, 0, 0, 0]
[-1, 0, 2, 0, 1, 0, -1, 0, 0, -1, -1, -1, 0, 1, 0, 0, 0, 1, 0, 0, 0, 0]
[0, 1, 2, 0, -1, 0, 0, 0, 0, -2, -1, 0, 0, 0, -1, 1, 0, 2, 0, 0, 0, 0]
[0, 0, 1, 0, 1, 0, -1, 0, 0, -1, -1, -1, 0, 1, 0, 0, 0, 1, 0, 0, 0, 0]
[0, 1, 2, 1, -1, 0, -1, 0, 1, -2, 0, 1, -1, 0, -1, 1, 0, 2, 0, 0, -1, 0]
[0, 0, 1, -1, 1, 0, 0, 0, -1, -1, -2, -2, 1, 1, 0, 0, 0, 1, 0, 0, 1, 0]
[0, 2, 2, 0, -1, 0, 0, 1, 0, -2, 0, 1, -1, -1, -2, 2, 0, 1, 0, 1, 0, 0]
[0, -1, 1, 0, 1, 0, -1, -1, 0, -1, -2, -2, 1, 2, 1, -1, 0, 2, 0, -1, 0, 0]
[1, 1, 2, 0, -1, -1, -1, 0, 1, -1, 0, 0, 0, 0, -1, 1, 0, 2, 1, -1, 0, 0]
[-1, 0, 1, 0, 1, 1, 0, 0, -1, -2, -2, -1, 0, 1, 0, 0, 0, 1, -1, 1, 0, 0]
[1, 1, 1, -1, 0, 0, 0, 0, 0, -1, 0, 0, 0, -1, -1, 1, 0, 1, 0, 0, 1, 0]
[-1, 0, 2, 1, 0, 0, -1, 0, 0, -2, -2, -1, 0, 2, 0, 0, 0, 2, 0, 0, -1, 0]
[1, 1, 1, -1, -1, 0, 1, 0, 0, -2, 0, -1, 0, -1, -1, 2, 1, 1, 0, 1, 1, -1]
[-1, 0, 2, 1, 1, 0, -2, 0, 0, -1, -2, 0, 0, 2, 0, -1, -1, 2, 0, -1, -1, 1]
[2, 1, 2, -1, -1, -1, 0, -1, 1, -1, 0, 0, 0, -1, -1, 2, 1, 1, 1, 0, 1, -1]
[-2, 0, 1, 1, 1, 1, -1, 1, -1, -2, -2, -1, 0, 2, 0, -1, -1, 2, -1, 0, -1, 1]
[1, 1, 2, -1, 0, -1, 0, 0, 0, -1, -1, -1, 1, 0, -1, 1, 0, 1, 1, 0, 1, -1]
[-1, 0, 1, 1, 0, 1, -1, 0, 0, -2, -1, 0, -1, 1, 0, 0, 0, 2, -1, 0, -1, 1]
[1, 0, 2, 0, 0, -1, -1, -1, 1, -1, -1, -1, 1, 1, 0, 0, 0, 2, 1, -1, 0, -1]
[-1, 1, 1, 0, 0, 1, 0, 1, -1, -2, -1, 0, -1, 0, -1, 1, 0, 1, -1, 1, 0, 1]
[0, 1, 2, 0, 0, 0, 0, 0, 0, -2, -1, 0, 0, 0, -1, 1, 0, 1, 0, 1, 0, -1]
[0, 0, 1, 0, 0, 0, -1, 0, 0, -1, -1, -1, 0, 1, 0, 0, 0, 2, 0, -1, 0, 1]
[0, 1, 2, -1, 0, 0, 0, 0, 0, -1, 0, -1, 0, 0, -1, 1, 0, 1, 0, 1, 1, -1]
[0, 0, 1, 1, 0, 0, -1, 0, 0, -2, -2, 0, 0, 1, 0, 0, 0, 2, 0, -1, -1, 1]
[1, 1, 1, -1, 0, 0, 0, 0, 0, -1, 0, -1, 0, 0, -1, 1, 0, 1, 0, 1, 1, -1]
[-1, 0, 2, 1, 0, 0, -1, 0, 0, -2, -2, 0, 0, 1, 0, 0, 0, 2, 0, -1, -1, 1]
[0, 1, 2, 0, -1, 0, 0, 0, 0, -2, -1, -1, 0, 1, -1, 1, 0, 2, 0, 1, 0, -1]
[0, 0, 1, 0, 1, 0, -1, 0, 0, -1, -1, 0, 0, 0, 0, 0, 0, 1, 0, -1, 0, 1]
[1, 0, 1, -1, 0, 0, 0, -1, 0, -1, -1, -1, 0, 0, 0, 1, 1, 1, 0, 0, 1, 0]
[-1, 1, 2, 1, 0, 0, -1, 1, 0, -2, -1, 0, 0, 1, -1, 0, -1, 2, 0, 0, -1, 0]
[0, 1, 2, 0, 0, 0, -1, 0, 0, -1, -1, 0, 0, 1, -1, 0, -1, 2, 0, 0, 0, 0]
[0, 0, 1, 0, 0, 0, 0, 0, 0, -2, -1, -1, 0, 0, 0, 1, 1, 1, 0, 0, 0, 0]
[1, 0, 2, -1, 0, -1, 0, -1, 1, -1, -1, -1, 1, 0, 0, 1, 1, 1, 1, -1, 1, -1]
[-1, 1, 1, 1, 0, 1, -1, 1, -1, -2, -1, 0, -1, 1, -1, 0, -1, 2, -1, 1, -1, 1]
[1, 0, 1, -1, 0, -1, 1, 0, 0, -1, -1, -2, 1, 0, 0, 1, 1, 1, 0, 0, 2, -1]
[-1, 1, 2, 1, 0, 1, -2, 0, 0, -2, -1, 1, -1, 1, -1, 0, -1, 2, 0, 0, -2, 1]
[1, 0, 2, -1, 0, -1, 0, -1, 0, -1, -1, -2, 1, 0, 0, 1, 1, 1, 1, 0, 1, -1]
[-1, 1, 1, 1, 0, 1, -1, 1, 0, -2, -1, 1, -1, 1, -1, 0, -1, 2, -1, 0, -1, 1]
[2, 0, 1, -2, 0, -1, 0, -1, 1, 0, 0, -2, 1, 0, 0, 1, 1, 1, 1, -1, 2, -1]
[-2, 1, 2, 2, 0, 1, -1, 1, -1, -3, -2, 1, -1, 1, -1, 0, -1, 2, -1, 1, -2, 1]
[1, 1, 1, -2, 0, 0, 1, 0, 0, -1, 0, -1, 0, -1, -1, 2, 1, 0, 0, 1, 2, -1]
[-1, 0, 2, 2, 0, 0, -2, 0, 0, -2, -2, 0, 0, 2, 0, -1, -1, 3, 0, -1, -2, 1]
[1, 0, 2, -1, 0, -1, 0, -1, 1, 0, 0, -1, 0, 0, 0, 1, 1, 1, 0, 0, 2, -1]
[-1, 1, 1, 1, 0, 1, -1, 1, -1, -3, -2, 0, 0, 1, -1, 0, -1, 2, 0, 0, -2, 1]
[1, 0, 1, -1, 0, 0, 0, -1, 1, -1, 0, -1, 0, 0, 0, 1, 1, 1, 0, 0, 1, -1]
[-1, 1, 2, 1, 0, 0, -1, 1, -1, -2, -2, 0, 0, 1, -1, 0, -1, 2, 0, 0, -1, 1]
[1, 0, 1, -2, 0, 0, 1, -1, 0, -1, -1, -2, 1, 0, 0, 1, 1, 1, 0, 0, 2, -1]
[-1, 1, 2, 2, 0, 0, -2, 1, 0, -2, -1, 1, -1, 1, -1, 0, -1, 2, 0, 0, -2, 1]
[1, 1, 2, -1, -1, -1, 0, 0, 1, -1, 0, -1, 0, 0, -1, 2, 1, 1, 1, 0, 1, -1]
[-1, 0, 1, 1, 1, 1, -1, 0, -1, -2, -2, 0, 0, 1, 0, -1, -1, 2, -1, 0, -1, 1]
[1, 1, 1, -2, -1, 0, 1, 0, 0, -2, -1, -2, 1, 0, -1, 2, 1, 1, 1, 0, 1, -1]
[-1, 0, 2, 2, 1, 0, -2, 0, 0, -1, -1, 1, -1, 1, 0, -1, -1, 2, -1, 0, -1, 1]
[1, 0, 2, -1, -1, -1, 0, -1, 1, -1, -1, -2, 1, 1, 0, 1, 1, 2, 1, -1, 1, -1]
[-1, 1, 1, 1, 1, 1, -1, 1, -1, -2, -1, 1, -1, 0, -1, 0, -1, 1, -1, 1, -1, 1]
[0, 1, 2, -1, -1, 0, 1, 0, 0, -2, -1, -1, 0, 0, -1, 2, 1, 1, 0, 1, 1, -1]
[0, 0, 1, 1, 1, 0, -2, 0, 0, -1, -1, 0, 0, 1, 0, -1, -1, 2, 0, -1, -1, 1]
[1, 1, 1, -1, -1, 0, 1, 0, 0, -2, -1, -1, 0, 0, -1, 2, 1, 1, 0, 1, 1, -1]
[-1, 0, 2, 1, 1, 0, -2, 0, 0, -1, -1, 0, 0, 1, 0, -1, -1, 2, 0, -1, -1, 1]
[1, 1, 1, -2, -1, 0, 1, 0, 1, -1, 0, -1, 0, 0, -1, 2, 1, 1, 0, 0, 2, -1]
[-1, 0, 2, 2, 1, 0, -2, 0, -1, -2, -2, 0, 0, 1, 0, -1, -1, 2, 0, 0, -2, 1]
[1, 1, 2, -2, -1, 0, 0, -1, 1, -1, 0, -1, 0, 0, -1, 2, 1, 1, 1, 0, 1, -1]
[-1, 0, 1, 2, 1, 0, -1, 1, -1, -2, -2, 0, 0, 1, 0, -1, -1, 2, -1, 0, -1, 1]
[1, 1, 1, -2, -1, 0, 1, 0, 0, -1, 0, -2, 0, 0, -1, 2, 1, 1, 0, 1, 2, -1]
[-1, 0, 2, 2, 1, 0, -2, 0, 0, -2, -2, 1, 0, 1, 0, -1, -1, 2, 0, -1, -2, 1]
[0, 1, 1, -1, -1, 1, 0, 0, 0, -2, -1, -1, 0, 1, -1, 1, 0, 2, 0, 0, 0, 0]
[0, 0, 2, 1, 1, -1, -1, 0, 0, -1, -1, 0, 0, 0, 0, 0, 0, 1, 0, 0, 0, 0]
[0, 1, 2, 0, -1, 0, -1, 0, 1, -1, 0, 0, -1, 1, -1, 1, 0, 2, 0, 0, 0, 0]
[0, 0, 1, 0, 1, 0, 0, 0, -1, -2, -2, -1, 1, 0, 0, 0, 0, 1, 0, 0, 0, 0]
[0, 2, 1, -1, -1, 1, 0, 1, 0, -2, 0, 0, -1, 0, -2, 2, 0, 1, 0, 1, 0, 0]
[0, -1, 2, 1, 1, -1, -1, -1, 0, -1, -2, -1, 1, 1, 1, -1, 0, 2, 0, -1, 0, 0]
[0, 1, 2, 0, -1, 0, -1, 0, 0, -2, -1, -1, 0, 1, -1, 1, 0, 2, 1, 0, -1, 0]
[0, 0, 1, 0, 1, 0, 0, 0, 0, -1, -1, 0, 0, 0, 0, 0, 0, 1, -1, 0, 1, 0]
[0, 1, 2, 0, -1, 0, 0, 0, 0, -2, -2, 0, 0, 1, -1, 1, 0, 2, 0, 0, 0, 0]
[0, 0, 1, 0, 1, 0, -1, 0, 0, -1, 0, -1, 0, 0, 0, 0, 0, 1, 0, 0, 0, 0]
[0, 1, 1, 0, -1, 0, 0, 1, 0, -2, -1, -1, 0, 1, -1, 1, 0, 2, 0, 0, 0, 0]
[0, 0, 2, 0, 1, 0, -1, -1, 0, -1, -1, 0, 0, 0, 0, 0, 0, 1, 0, 0, 0, 0]
[0, 1, 2, 0, -1, 0, -1, 0, 1, -2, -1, 0, 0, 1, -1, 1, 0, 2, 1, -1, -1, 0]
[0, 0, 1, 0, 1, 0, 0, 0, -1, -1, -1, -1, 0, 0, 0, 0, 0, 1, -1, 1, 1, 0]
[0, 1, 1, -1, 0, 1, 0, 0, 0, -1, 0, 0, -1, 0, -1, 1, 0, 1, -1, 1, 1, 0]
[0, 0, 2, 1, 0, -1, -1, 0, 0, -2, -2, -1, 1, 1, 0, 0, 0, 2, 1, -1, -1, 0]
[0, 1, 1, 0, 0, 0, 0, 1, 0, -2, -1, 0, 0, 0, -1, 1, 0, 1, 0, 0, 0, 0]
[0, 0, 2, 0, 0, 0, -1, -1, 0, -1, -1, -1, 0, 1, 0, 0, 0, 2, 0, 0, 0, 0]
[0, 1, 1, -1, 0, 1, 0, 0, -1, -2, -1, -1, 0, 0, -1, 1, 0, 1, 0, 1, 0, 0]
[0, 0, 2, 1, 0, -1, -1, 0, 1, -1, -1, 0, 0, 1, 0, 0, 0, 2, 0, -1, 0, 0]
[0, 1, 2, 0, 0, 0, -1, 0, 0, -1, 0, 0, -1, 0, -1, 1, 0, 1, 0, 1, 0, 0]
[0, 0, 1, 0, 0, 0, 0, 0, 0, -2, -2, -1, 1, 1, 0, 0, 0, 2, 0, -1, 0, 0]
[0, 1, 2, 0, 0, 0, -1, 0, 0, -2, -1, 0, 0, 0, -1, 1, 0, 1, 1, 0, -1, 0]
[0, 0, 1, 0, 0, 0, 0, 0, 0, -1, -1, -1, 0, 1, 0, 0, 0, 2, -1, 0, 1, 0]
[0, 1, 0, -1, 0, 1, 1, 1, -1, -2, -1, -1, 0, 0, -1, 1, 0, 1, -1, 1, 1, 0]
[0, 0, 3, 1, 0, -1, -2, -1, 1, -1, -1, 0, 0, 1, 0, 0, 0, 2, 1, -1, -1, 0]
[0, 1, 2, 0, 0, 0, -1, 0, 1, -1, 0, 1, -1, 0, -1, 1, 0, 1, 0, 0, 0, 0]
[0, 0, 1, 0, 0, 0, 0, 0, -1, -2, -2, -2, 1, 1, 0, 0, 0, 2, 0, 0, 0, 0]
[1, 0, 2, 0, 0, -1, -1, -1, 0, -1, -2, -1, 1, 1, 0, 0, 0, 2, 1, -1, 0, 0]
[-1, 1, 1, 0, 0, 1, 0, 1, 0, -2, 0, 0, -1, 0, -1, 1, 0, 1, -1, 1, 0, 0]
[0, 1, 1, 0, 0, 0, 0, 1, 0, -1, 0, 0, -1, 0, -1, 1, 0, 1, -1, 1, 1, 0]
[0, 0, 2, 0, 0, 0, -1, -1, 0, -2, -2, -1, 1, 1, 0, 0, 0, 2, 1, -1, -1, 0]
[0, 1, 1, 0, 0, 0, 0, 1, -1, -2, -1, -1, 0, 0, -1, 1, 0, 1, 0, 1, 0, 0]
[0, 0, 2, 0, 0, 0, -1, -1, 1, -1, -1, 0, 0, 1, 0, 0, 0, 2, 0, -1, 0, 0]
[0, 1, 1, -1, 0, 0, 0, 1, 0, -1, 0, -1, 0, 0, -1, 1, 0, 1, 0, 0, 1, 0]
[0, 0, 2, 1, 0, 0, -1, -1, 0, -2, -2, 0, 0, 1, 0, 0, 0, 2, 0, 0, -1, 0]
[0, 1, 2, 0, 0, 0, 0, 0, -1, -2, -2, 0, 0, 0, -1, 1, 0, 1, 0, 1, 0, 0]
[0, 0, 1, 0, 0, 0, -1, 0, 1, -1, 0, -1, 0, 1, 0, 0, 0, 2, 0, -1, 0, 0]
[0, 1, 1, -1, 0, 1, 0, 0, 0, -2, -1, 0, 0, 0, -1, 1, 0, 1, 0, 0, 0, 0]
[0, 0, 2, 1, 0, -1, -1, 0, 0, -1, -1, -1, 0, 1, 0, 0, 0, 2, 0, 0, 0, 0]
[1, 1, 1, -1, 0, 0, 0, 0, 0, -1, -1, 0, 0, 0, -1, 1, 0, 1, 0, 0, 1, 0]
[-1, 0, 2, 1, 0, 0, -1, 0, 0, -2, -1, -1, 0, 1, 0, 0, 0, 2, 0, 0, -1, 0]
[0, 1, 2, -1, 0, 0, 0, 0, 0, -1, -1, 0, 0, 0, -1, 1, 0, 1, 0, 0, 1, 0]
[0, 0, 1, 1, 0, 0, -1, 0, 0, -2, -1, -1, 0, 1, 0, 0, 0, 2, 0, 0, -1, 0]

################
# DISCRIMINANT #
################

The discriminant has 5 components of degree 1, and 3 components of degree 2:
2*Z[0] + Z[1]
2*Z[0] - Z[1]
2*Z[0]*Z[3] + Z[1]*Z[3] - Z[2]^2
4*Z[0]*Z[3] + 4*Z[1]*Z[3] - 3*Z[2]^2
4*Z[0]*Z[3] - Z[2]^2
Z[0]
Z[0] + Z[1]
Z[3]

#############
# MONODROMY #
#############

Generators of the monodromy group on the second homology group:
[[1, 0, 1, 1, 3, 0, 5, -1, 3, 1, 2, 0, 3, 1, 6, 8, -7, 2, 0, 3, -3, 4], [0, 0, -1, 0, -2, 0, -3, 0, -2, -1, -1, -1, -3, -1, -4, -5, 4, -1, 0, -2, 1, -3], [0, -1, -1, -1, -2, 0, -5, 1, -2, -3, -1, 1, -3, 0, -7, -9, 8, -2, 0, -2, 3, -4], [-1, 0, 0, -1, -2, 0, -3, 0, -2, -1, -1, 0, -2, -1, -4, -5, 4, -2, -1, -3, 2, -3], [-1, -1, 0, -1, -2, 0, -2, 1, -1, -1, -1, 1, -1, 0, -3, -5, 4, -1, 0, -1, 2, -2], [-1, 0, -1, -1, -3, -1, -4, 1, -3, -1, -1, 0, -2, -1, -4, -6, 5, -1, 0, -2, 2, -3], [0, 0, -1, -1, -1, 0, -1, 1, -1, 0, 0, 1, 0, -1, 0, -3, 2, 2, 1, 1, 0, -1], [-1, -1, -1, -2, -5, 0, -6, 1, -5, -2, -2, 0, -5, -2, -9, -13, 10, -2, 0, -4, 3, -6], [1, 1, 1, 2, 4, 0, 5, -2, 3, 2, 1, -1, 2, 1, 5, 9, -7, 1, 0, 2, -3, 4], [0, 0, 1, 1, 3, 0, 5, -1, 3, 2, 1, 0, 3, 1, 6, 9, -7, 1, 0, 2, -3, 4], [0, 0, 0, 0, 0, 0, 1, 0, 0, 1, 0, 1, 1, 0, 2, 2, -1, 1, 1, 1, -1, 1], [0, 0, 1, 1, -1, 0, 0, -1, -1, 0, 0, -2, -2, -1, -2, -1, 0, -2, -1, -3, 0, -1], [0, 0, 0, 0, 2, 0, 2, 0, 2, 1, 1, 1, 3, 1, 5, 6, -4, 2, 0, 3, -1, 3], [-1, -1, -1, -2, -2, 0, -5, 2, -2, -2, -1, 2, -1, 0, -4, -7, 7, -1, 1, 0, 3, -3], [0, 0, 0, 0, 1, 0, 1, 0, 1, 0, 0, 1, 1, 1, 1, 1, -1, 0, 0, 1, 0, 0], [0, 0, -1, -1, -2, 0, -3, 1, -2, -1, 0, 1, -1, -1, -3, -6, 5, 1, 1, 0, 1, -2], [0, 0, -1, -1, 0, 0, -1, 1, 0, 0, 0, 2, 1, 0, 0, -2, 2, 2, 1, 2, 0, -1], [-1, -1, -1, -2, -3, 0, -6, 2, -3, -3, -1, 2, -2, -1, -7, -11, 10, -1, 1, -1, 4, -4], [0, 0, 0, 0, 1, 0, 1, 0, 1, 0, 1, 1, 1, 1, 2, 2, -1, 1, 1, 2, 0, 2], [1, 1, 0, 1, 1, 0, 2, -1, 1, 1, 0, -2, 0, 0, 2, 4, -4, 0, -1, -1, -2, 1], [0, 0, 0, 0, 1, 0, 2, 0, 1, 0, 1, 1, 2, 0, 3, 2, -2, 2, 1, 2, -1, 2], [0, 0, 1, 1, 1, 0, 2, -1, 1, 1, 0, -2, 0, 0, 1, 4, -4, -1, -1, -1, -1, 1]]
[[2, 1, 2, 3, 3, 1, 5, -2, 3, 2, 0, -4, 1, 0, 3, 9, -9, -2, -4, -2, -4, 1], [0, 0, 0, -1, 0, 0, 0, 0, -1, 0, 0, 1, 0, 0, 0, -1, 1, 1, 1, 1, 0, 0], [0, 0, 0, -1, 0, 0, -1, 1, 0, -1, 0, 2, 1, 0, -1, -3, 3, 1, 1, 1, 1, 0], [-1, -1, -1, -1, -2, -1, -3, 1, -2, -1, 0, 2, -1, 0, -2, -5, 5, 1, 2, 1, 2, -1], [-1, 0, -1, -1, -1, -1, -3, 1, -1, -1, 0, 1, -1, 0, -2, -4, 4, 0, 1, 0, 2, -1], [-1, -1, -1, -2, -2, 0, -3, 1, -2, -1, 0, 2, -1, 0, -2, -5, 5, 1, 2, 1, 2, -1], [0, 0, 0, 0, 0, 0, 1, 0, 0, 0, 0, 0, 0, 0, 0, 0, 0, 0, 0, 0, 0, 0], [0, -1, 0, -1, -1, 0, -1, 1, -2, 0, 0, 1, -1, 0, -2, -4, 4, 1, 2, 1, 1, 0], [1, 0, 1, 1, 2, 1, 3, -1, 2, 1, 0, -1, 1, 0, 2, 4, -4, 0, -1, 0, -2, 1], [0, 0, 0, 0, 1, 0, 1, 0, 1, 1, 0, 0, 1, 0, 2, 3, -3, 0, -1, 0, -1, 0], [1, 0, 0, 1, 1, 1, 1, -1, 0, 1, -1, -1, -1, 0, 0, 2, -2, -1, -1, -1, -1, -1], [1, 0, 2, 2, 1, 1, 3, -2, 0, 2, 0, -2, -1, 0, 1, 4, -4, -1, -1, -1, -2, 1], [-1, 0, -1, -1, -1, -1, -2, 1, 0, -1, 0, 1, 1, 0, 0, -1, 1, 0, 0, 0, 1, -1], [-2, 0, -2, -3, -3, -1, -5, 2, -2, -2, 0, 3, 0, -1, -2, -8, 7, 2, 2, 1, 3, -2], [-1, 0, -1, -1, -1, -1, -2, 1, 0, -1, 0, 1, 0, 0, -1, -3, 3, 0, 0, 0, 1, -1], [0, -1, 0, -1, 0, 1, 0, 1, 0, -1, 0, 2, 1, 0, -1, -3, 3, 1, 2, 2, 1, 0], [-1, -1, -1, -2, -1, 0, -2, 2, 0, -2, 0, 3, 1, 0, -1, -5, 5, 1, 2, 2, 2, -1], [-1, -1, -1, -2, -2, 0, -3, 2, -1, -2, 0, 3, 0, 0, -3, -8, 7, 2, 3, 2, 3, -1], [0, 0, 0, 0, 1, 0, 1, 0, 1, 0, 0, 0, 1, 0, 0, 1, -1, 0, 0, 0, -1, 0], [1, 1, 0, 1, 1, 0, 1, -1, 0, 1, 0, -1, 0, 0, 2, 4, -3, 0, -1, 0, -1, 1], [0, 0, 0, 0, 1, 0, 1, 0, 1, 0, 0, 0, 1, 0, 0, 1, -1, 0, -1, 0, 0, 0], [0, 0, 1, 1, 0, 0, 1, -1, 0, 1, 0, -2, -1, 0, 1, 3, -3, -1, -1, -1, -1, 1]]
[[1, 0, 0, 0, 0, 0, 0, 0, 0, 0, 0, 0, 0, 0, 0, 0, 0, 0, 0, 0, 0, 0], [0, 1, 0, 0, 0, 0, 0, 0, 0, 0, 0, 0, 0, 0, 0, 0, 0, 0, 0, 0, 0, 0], [0, 0, 1, 0, 0, 0, 0, 0, 0, 0, 0, 0, 0, 0, 0, 0, 0, 0, 0, 0, 0, 0], [0, 0, 0, 1, 0, 0, 0, 0, 0, 0, 0, 0, 0, 0, 0, 0, 0, 0, 0, 0, 0, 0], [0, 0, 0, 0, 1, 0, 0, 0, 0, 0, 0, 0, 0, 0, 0, 0, 0, 0, 0, 0, 0, 0], [0, 0, 0, 0, 0, 1, 0, 0, 0, 0, 0, 0, 0, 0, 0, 0, 0, 0, 0, 0, 0, 0], [0, 0, 0, 0, 0, 0, 1, 0, 0, 0, 0, 0, 0, 0, 0, 0, 0, 0, 0, 0, 0, 0], [0, 0, 0, 0, 0, 0, 0, 1, 0, 0, 0, 0, 0, 0, 0, 0, 0, 0, 0, 0, 0, 0], [0, 0, 0, 0, 0, 0, 0, 0, 1, 0, 0, 0, 0, 0, 0, 0, 0, 0, 0, 0, 0, 0], [0, 0, 0, 0, 0, 0, 0, 0, 0, 1, 0, 0, 0, 0, 0, 0, 0, 0, 0, 0, 0, 0], [0, 0, 0, 0, 0, 0, 0, 0, 0, 0, 1, 0, 0, 0, 0, 0, 0, 0, 0, 0, 0, 0], [0, 0, 0, 0, 0, 0, 0, 0, 0, 0, 0, 1, 0, 0, 0, 0, 0, 0, 0, 0, 0, 0], [0, 0, 0, 0, 0, 0, 0, 0, 0, 0, 0, 0, 1, 0, 0, 0, 0, 0, 0, 0, 0, 0], [0, 0, 0, 0, 0, 0, 0, 0, 0, 0, 0, 0, 0, 1, 0, 0, 0, 0, 0, 0, 0, 0], [0, 0, 0, 0, 0, 0, 0, 0, 0, 0, 0, 0, 0, 0, 1, 0, 0, 0, 0, 0, 0, 0], [0, 0, 0, 0, 0, 0, 0, 0, 0, 0, 0, 0, 0, 0, 0, 1, 0, 0, 0, 0, 0, 0], [0, 0, 0, 0, 0, 0, 0, 0, 0, 0, 0, 0, 0, 0, 0, 0, 1, 0, 0, 0, 0, 0], [0, 0, 0, 0, 0, 0, 0, 0, 0, 0, 0, 0, 0, 0, 0, 0, 0, 1, 0, 0, 0, 0], [0, 0, 0, 0, 0, 0, 0, 0, 0, 0, 0, 0, 0, 0, 0, 0, 0, 0, 1, 0, 0, 0], [0, 0, 0, 0, 0, 0, 0, 0, 0, 0, 0, 0, 0, 0, 0, 0, 0, 0, 0, 1, 0, 0], [0, 0, 0, 0, 0, 0, 0, 0, 0, 0, 0, 0, 0, 0, 0, 0, 0, 0, 0, 0, 1, 0], [0, 0, 0, 0, 0, 0, 0, 0, 0, 0, 0, 0, 0, 0, 0, 0, 0, 0, 0, 0, 0, 1]]
[[1, 0, 0, 0, 0, 0, 0, 0, 0, 0, 0, 0, 0, 0, 0, 0, 0, 0, 0, 0, 0, 0], [0, 1, 0, 0, 0, 0, 0, 0, 0, 0, 0, 0, 0, 0, 0, 0, 0, 0, 0, 0, 0, 0], [0, 0, 1, 0, 0, 0, 0, 0, 0, 0, 0, 0, 0, 0, 0, 0, 0, 0, 0, 0, 0, 0], [0, 0, 0, 1, 0, 0, 0, 0, 0, 0, 0, 0, 0, 0, 0, 0, 0, 0, 0, 0, 0, 0], [0, 0, 0, 0, 1, 0, 0, 0, 0, 0, 0, 0, 0, 0, 0, 0, 0, 0, 0, 0, 0, 0], [0, 0, 0, 0, 0, 1, 0, 0, 0, 0, 0, 0, 0, 0, 0, 0, 0, 0, 0, 0, 0, 0], [0, 0, 0, 0, 0, 0, 1, 0, 0, 0, 0, 0, 0, 0, 0, 0, 0, 0, 0, 0, 0, 0], [0, 0, 0, 0, 0, 0, 0, 1, 0, 0, 0, 0, 0, 0, 0, 0, 0, 0, 0, 0, 0, 0], [0, 0, 0, 0, 0, 0, 0, 0, 1, 0, 0, 0, 0, 0, 0, 0, 0, 0, 0, 0, 0, 0], [0, 0, 0, 0, 0, 0, 0, 0, 0, 1, 0, 0, 0, 0, 0, 0, 0, 0, 0, 0, 0, 0], [0, 0, 0, 0, 0, 0, 0, 0, 0, 0, 1, 0, 0, 0, 0, 0, 0, 0, 0, 0, 0, 0], [0, 0, 0, 0, 0, 0, 0, 0, 0, 0, 0, 1, 0, 0, 0, 0, 0, 0, 0, 0, 0, 0], [0, 0, 0, 0, 0, 0, 0, 0, 0, 0, 0, 0, 1, 0, 0, 0, 0, 0, 0, 0, 0, 0], [0, 0, 0, 0, 0, 0, 0, 0, 0, 0, 0, 0, 0, 1, 0, 0, 0, 0, 0, 0, 0, 0], [0, 0, 0, 0, 0, 0, 0, 0, 0, 0, 0, 0, 0, 0, 1, 0, 0, 0, 0, 0, 0, 0], [0, 0, 0, 0, 0, 0, 0, 0, 0, 0, 0, 0, 0, 0, 0, 1, 0, 0, 0, 0, 0, 0], [0, 0, 0, 0, 0, 0, 0, 0, 0, 0, 0, 0, 0, 0, 0, 0, 1, 0, 0, 0, 0, 0], [0, 0, 0, 0, 0, 0, 0, 0, 0, 0, 0, 0, 0, 0, 0, 0, 0, 1, 0, 0, 0, 0], [0, 0, 0, 0, 0, 0, 0, 0, 0, 0, 0, 0, 0, 0, 0, 0, 0, 0, 1, 0, 0, 0], [0, 0, 0, 0, 0, 0, 0, 0, 0, 0, 0, 0, 0, 0, 0, 0, 0, 0, 0, 1, 0, 0], [0, 0, 0, 0, 0, 0, 0, 0, 0, 0, 0, 0, 0, 0, 0, 0, 0, 0, 0, 0, 1, 0], [0, 0, 0, 0, 0, 0, 0, 0, 0, 0, 0, 0, 0, 0, 0, 0, 0, 0, 0, 0, 0, 1]]
[[1, 0, 0, 0, 0, 0, 0, 0, 0, 0, 0, 0, 0, 0, 0, 0, 0, 0, 0, 0, 0, 0], [0, 1, 0, 0, 0, 0, 0, 0, 0, 0, 0, 0, 0, 0, 0, 0, 0, 0, 0, 0, 0, 0], [0, 0, 1, 0, 0, 0, 0, 0, 0, 0, 0, 0, 0, 0, 0, 0, 0, 0, 0, 0, 0, 0], [0, 0, 0, 1, 0, 0, 0, 0, 0, 0, 0, 0, 0, 0, 0, 0, 0, 0, 0, 0, 0, 0], [0, 0, 0, 0, 1, 0, 0, 0, 0, 0, 0, 0, 0, 0, 0, 0, 0, 0, 0, 0, 0, 0], [0, 0, 0, 0, 0, 1, 0, 0, 0, 0, 0, 0, 0, 0, 0, 0, 0, 0, 0, 0, 0, 0], [0, 0, 0, 0, 0, 0, 1, 0, 0, 0, 0, 0, 0, 0, 0, 0, 0, 0, 0, 0, 0, 0], [0, 0, 0, 0, 0, 0, 0, 1, 0, 0, 0, 0, 0, 0, 0, 0, 0, 0, 0, 0, 0, 0], [0, 0, 0, 0, 0, 0, 0, 0, 1, 0, 0, 0, 0, 0, 0, 0, 0, 0, 0, 0, 0, 0], [0, 0, 0, 0, 0, 0, 0, 0, 0, 1, 0, 0, 0, 0, 0, 0, 0, 0, 0, 0, 0, 0], [0, 0, 0, 0, 0, 0, 0, 0, 0, 0, 1, 0, 0, 0, 0, 0, 0, 0, 0, 0, 0, 0], [0, 0, 0, 0, 0, 0, 0, 0, 0, 0, 0, 1, 0, 0, 0, 0, 0, 0, 0, 0, 0, 0], [0, 0, 0, 0, 0, 0, 0, 0, 0, 0, 0, 0, 1, 0, 0, 0, 0, 0, 0, 0, 0, 0], [0, 0, 0, 0, 0, 0, 0, 0, 0, 0, 0, 0, 0, 1, 0, 0, 0, 0, 0, 0, 0, 0], [0, 0, 0, 0, 0, 0, 0, 0, 0, 0, 0, 0, 0, 0, 1, 0, 0, 0, 0, 0, 0, 0], [0, 0, 0, 0, 0, 0, 0, 0, 0, 0, 0, 0, 0, 0, 0, 1, 0, 0, 0, 0, 0, 0], [0, 0, 0, 0, 0, 0, 0, 0, 0, 0, 0, 0, 0, 0, 0, 0, 1, 0, 0, 0, 0, 0], [0, 0, 0, 0, 0, 0, 0, 0, 0, 0, 0, 0, 0, 0, 0, 0, 0, 1, 0, 0, 0, 0], [0, 0, 0, 0, 0, 0, 0, 0, 0, 0, 0, 0, 0, 0, 0, 0, 0, 0, 1, 0, 0, 0], [0, 0, 0, 0, 0, 0, 0, 0, 0, 0, 0, 0, 0, 0, 0, 0, 0, 0, 0, 1, 0, 0], [0, 0, 0, 0, 0, 0, 0, 0, 0, 0, 0, 0, 0, 0, 0, 0, 0, 0, 0, 0, 1, 0], [0, 0, 0, 0, 0, 0, 0, 0, 0, 0, 0, 0, 0, 0, 0, 0, 0, 0, 0, 0, 0, 1]]
[[1, 0, 0, 0, 0, 0, 0, 0, 0, 0, 0, 0, 0, 0, 0, 0, 0, 0, 0, 0, 0, 0], [0, 1, 0, 0, 0, 0, 0, 0, 0, 0, 0, 0, 0, 0, 0, 0, 0, 0, 0, 0, 0, 0], [0, 0, 1, 0, 0, 0, 0, 0, 0, 0, 0, 0, 0, 0, 0, 0, 0, 0, 0, 0, 0, 0], [0, 0, 0, 1, 0, 0, 0, 0, 0, 0, 0, 0, 0, 0, 0, 0, 0, 0, 0, 0, 0, 0], [0, 0, 0, 0, 1, 0, 0, 0, 0, 0, 0, 0, 0, 0, 0, 0, 0, 0, 0, 0, 0, 0], [0, 0, 0, 0, 0, 1, 0, 0, 0, 0, 0, 0, 0, 0, 0, 0, 0, 0, 0, 0, 0, 0], [0, 0, 0, 0, 0, 0, 1, 0, 0, 0, 0, 0, 0, 0, 0, 0, 0, 0, 0, 0, 0, 0], [0, 0, 0, 0, 0, 0, 0, 1, 0, 0, 0, 0, 0, 0, 0, 0, 0, 0, 0, 0, 0, 0], [0, 0, 0, 0, 0, 0, 0, 0, 1, 0, 0, 0, 0, 0, 0, 0, 0, 0, 0, 0, 0, 0], [0, 0, 0, 0, 0, 0, 0, 0, 0, 1, 0, 0, 0, 0, 0, 0, 0, 0, 0, 0, 0, 0], [0, 0, 0, 0, 0, 0, 0, 0, 0, 0, 1, 0, 0, 0, 0, 0, 0, 0, 0, 0, 0, 0], [0, 0, 0, 0, 0, 0, 0, 0, 0, 0, 0, 1, 0, 0, 0, 0, 0, 0, 0, 0, 0, 0], [0, 0, 0, 0, 0, 0, 0, 0, 0, 0, 0, 0, 1, 0, 0, 0, 0, 0, 0, 0, 0, 0], [0, 0, 0, 0, 0, 0, 0, 0, 0, 0, 0, 0, 0, 1, 0, 0, 0, 0, 0, 0, 0, 0], [0, 0, 0, 0, 0, 0, 0, 0, 0, 0, 0, 0, 0, 0, 1, 0, 0, 0, 0, 0, 0, 0], [0, 0, 0, 0, 0, 0, 0, 0, 0, 0, 0, 0, 0, 0, 0, 1, 0, 0, 0, 0, 0, 0], [0, 0, 0, 0, 0, 0, 0, 0, 0, 0, 0, 0, 0, 0, 0, 0, 1, 0, 0, 0, 0, 0], [0, 0, 0, 0, 0, 0, 0, 0, 0, 0, 0, 0, 0, 0, 0, 0, 0, 1, 0, 0, 0, 0], [0, 0, 0, 0, 0, 0, 0, 0, 0, 0, 0, 0, 0, 0, 0, 0, 0, 0, 1, 0, 0, 0], [0, 0, 0, 0, 0, 0, 0, 0, 0, 0, 0, 0, 0, 0, 0, 0, 0, 0, 0, 1, 0, 0], [0, 0, 0, 0, 0, 0, 0, 0, 0, 0, 0, 0, 0, 0, 0, 0, 0, 0, 0, 0, 1, 0], [0, 0, 0, 0, 0, 0, 0, 0, 0, 0, 0, 0, 0, 0, 0, 0, 0, 0, 0, 0, 0, 1]]
[[1, 0, 0, 0, 0, 0, 0, 0, 0, 0, 0, 0, 0, 0, 0, 0, 0, 0, 0, 0, 0, 0], [0, 1, 0, 0, 0, 0, 0, 0, 0, 0, 0, 0, 0, 0, 0, 0, 0, 0, 0, 0, 0, 0], [0, 0, 1, 0, 0, 0, 0, 0, 0, 0, 0, 0, 0, 0, 0, 0, 0, 0, 0, 0, 0, 0], [0, 0, 0, 1, 0, 0, 0, 0, 0, 0, 0, 0, 0, 0, 0, 0, 0, 0, 0, 0, 0, 0], [0, 0, 0, 0, 1, 0, 0, 0, 0, 0, 0, 0, 0, 0, 0, 0, 0, 0, 0, 0, 0, 0], [0, 0, 0, 0, 0, 1, 0, 0, 0, 0, 0, 0, 0, 0, 0, 0, 0, 0, 0, 0, 0, 0], [0, 0, 0, 0, 0, 0, 1, 0, 0, 0, 0, 0, 0, 0, 0, 0, 0, 0, 0, 0, 0, 0], [0, 0, 0, 0, 0, 0, 0, 1, 0, 0, 0, 0, 0, 0, 0, 0, 0, 0, 0, 0, 0, 0], [0, 0, 0, 0, 0, 0, 0, 0, 1, 0, 0, 0, 0, 0, 0, 0, 0, 0, 0, 0, 0, 0], [0, 0, 0, 0, 0, 0, 0, 0, 0, 1, 0, 0, 0, 0, 0, 0, 0, 0, 0, 0, 0, 0], [0, 0, 0, 0, 0, 0, 0, 0, 0, 0, 1, 0, 0, 0, 0, 0, 0, 0, 0, 0, 0, 0], [0, 0, 0, 0, 0, 0, 0, 0, 0, 0, 0, 1, 0, 0, 0, 0, 0, 0, 0, 0, 0, 0], [0, 0, 0, 0, 0, 0, 0, 0, 0, 0, 0, 0, 1, 0, 0, 0, 0, 0, 0, 0, 0, 0], [0, 0, 0, 0, 0, 0, 0, 0, 0, 0, 0, 0, 0, 1, 0, 0, 0, 0, 0, 0, 0, 0], [0, 0, 0, 0, 0, 0, 0, 0, 0, 0, 0, 0, 0, 0, 1, 0, 0, 0, 0, 0, 0, 0], [0, 0, 0, 0, 0, 0, 0, 0, 0, 0, 0, 0, 0, 0, 0, 1, 0, 0, 0, 0, 0, 0], [0, 0, 0, 0, 0, 0, 0, 0, 0, 0, 0, 0, 0, 0, 0, 0, 1, 0, 0, 0, 0, 0], [0, 0, 0, 0, 0, 0, 0, 0, 0, 0, 0, 0, 0, 0, 0, 0, 0, 1, 0, 0, 0, 0], [0, 0, 0, 0, 0, 0, 0, 0, 0, 0, 0, 0, 0, 0, 0, 0, 0, 0, 1, 0, 0, 0], [0, 0, 0, 0, 0, 0, 0, 0, 0, 0, 0, 0, 0, 0, 0, 0, 0, 0, 0, 1, 0, 0], [0, 0, 0, 0, 0, 0, 0, 0, 0, 0, 0, 0, 0, 0, 0, 0, 0, 0, 0, 0, 1, 0], [0, 0, 0, 0, 0, 0, 0, 0, 0, 0, 0, 0, 0, 0, 0, 0, 0, 0, 0, 0, 0, 1]]
[[1, 0, 0, 0, 0, 0, 0, 0, 0, 0, 0, 0, 0, 0, 0, 0, 0, 0, 0, 0, 0, 0], [0, 1, 0, 0, 0, 0, 0, 0, 0, 0, 0, 0, 0, 0, 0, 0, 0, 0, 0, 0, 0, 0], [0, 0, 1, 0, 0, 0, 0, 0, 0, 0, 0, 0, 0, 0, 0, 0, 0, 0, 0, 0, 0, 0], [0, 0, 0, 1, 0, 0, 0, 0, 0, 0, 0, 0, 0, 0, 0, 0, 0, 0, 0, 0, 0, 0], [0, 0, 0, 0, 1, 0, 0, 0, 0, 0, 0, 0, 0, 0, 0, 0, 0, 0, 0, 0, 0, 0], [0, 0, 0, 0, 0, 1, 0, 0, 0, 0, 0, 0, 0, 0, 0, 0, 0, 0, 0, 0, 0, 0], [0, 0, 0, 0, 0, 0, 1, 0, 0, 0, 0, 0, 0, 0, 0, 0, 0, 0, 0, 0, 0, 0], [0, 0, 0, 0, 0, 0, 0, 1, 0, 0, 0, 0, 0, 0, 0, 0, 0, 0, 0, 0, 0, 0], [0, 0, 0, 0, 0, 0, 0, 0, 1, 0, 0, 0, 0, 0, 0, 0, 0, 0, 0, 0, 0, 0], [0, 0, 0, 0, 0, 0, 0, 0, 0, 1, 0, 0, 0, 0, 0, 0, 0, 0, 0, 0, 0, 0], [0, 0, 0, 0, 0, 0, 0, 0, 0, 0, 1, 0, 0, 0, 0, 0, 0, 0, 0, 0, 0, 0], [0, 0, 0, 0, 0, 0, 0, 0, 0, 0, 0, 1, 0, 0, 0, 0, 0, 0, 0, 0, 0, 0], [0, 0, 0, 0, 0, 0, 0, 0, 0, 0, 0, 0, 1, 0, 0, 0, 0, 0, 0, 0, 0, 0], [0, 0, 0, 0, 0, 0, 0, 0, 0, 0, 0, 0, 0, 1, 0, 0, 0, 0, 0, 0, 0, 0], [0, 0, 0, 0, 0, 0, 0, 0, 0, 0, 0, 0, 0, 0, 1, 0, 0, 0, 0, 0, 0, 0], [0, 0, 0, 0, 0, 0, 0, 0, 0, 0, 0, 0, 0, 0, 0, 1, 0, 0, 0, 0, 0, 0], [0, 0, 0, 0, 0, 0, 0, 0, 0, 0, 0, 0, 0, 0, 0, 0, 1, 0, 0, 0, 0, 0], [0, 0, 0, 0, 0, 0, 0, 0, 0, 0, 0, 0, 0, 0, 0, 0, 0, 1, 0, 0, 0, 0], [0, 0, 0, 0, 0, 0, 0, 0, 0, 0, 0, 0, 0, 0, 0, 0, 0, 0, 1, 0, 0, 0], [0, 0, 0, 0, 0, 0, 0, 0, 0, 0, 0, 0, 0, 0, 0, 0, 0, 0, 0, 1, 0, 0], [0, 0, 0, 0, 0, 0, 0, 0, 0, 0, 0, 0, 0, 0, 0, 0, 0, 0, 0, 0, 1, 0], [0, 0, 0, 0, 0, 0, 0, 0, 0, 0, 0, 0, 0, 0, 0, 0, 0, 0, 0, 0, 0, 1]]
[[1, 0, 0, 0, 0, 0, 0, 0, 0, 0, 0, 0, 0, 0, 0, 0, 0, 0, 0, 0, 0, 0], [0, 1, 0, 0, 0, 0, 0, 0, 0, 0, 0, 0, 0, 0, 0, 0, 0, 0, 0, 0, 0, 0], [0, 0, 1, 0, 0, 0, 0, 0, 0, 0, 0, 0, 0, 0, 0, 0, 0, 0, 0, 0, 0, 0], [0, 0, 0, 1, 0, 0, 0, 0, 0, 0, 0, 0, 0, 0, 0, 0, 0, 0, 0, 0, 0, 0], [0, 0, 0, 0, 1, 0, 0, 0, 0, 0, 0, 0, 0, 0, 0, 0, 0, 0, 0, 0, 0, 0], [0, 0, 0, 0, 0, 1, 0, 0, 0, 0, 0, 0, 0, 0, 0, 0, 0, 0, 0, 0, 0, 0], [0, 0, 0, 0, 0, 0, 1, 0, 0, 0, 0, 0, 0, 0, 0, 0, 0, 0, 0, 0, 0, 0], [0, 0, 0, 0, 0, 0, 0, 1, 0, 0, 0, 0, 0, 0, 0, 0, 0, 0, 0, 0, 0, 0], [0, 0, 0, 0, 0, 0, 0, 0, 1, 0, 0, 0, 0, 0, 0, 0, 0, 0, 0, 0, 0, 0], [0, 0, 0, 0, 0, 0, 0, 0, 0, 1, 0, 0, 0, 0, 0, 0, 0, 0, 0, 0, 0, 0], [0, 0, 0, 0, 0, 0, 0, 0, 0, 0, 1, 0, 0, 0, 0, 0, 0, 0, 0, 0, 0, 0], [0, 0, 0, 0, 0, 0, 0, 0, 0, 0, 0, 1, 0, 0, 0, 0, 0, 0, 0, 0, 0, 0], [0, 0, 0, 0, 0, 0, 0, 0, 0, 0, 0, 0, 1, 0, 0, 0, 0, 0, 0, 0, 0, 0], [0, 0, 0, 0, 0, 0, 0, 0, 0, 0, 0, 0, 0, 1, 0, 0, 0, 0, 0, 0, 0, 0], [0, 0, 0, 0, 0, 0, 0, 0, 0, 0, 0, 0, 0, 0, 1, 0, 0, 0, 0, 0, 0, 0], [0, 0, 0, 0, 0, 0, 0, 0, 0, 0, 0, 0, 0, 0, 0, 1, 0, 0, 0, 0, 0, 0], [0, 0, 0, 0, 0, 0, 0, 0, 0, 0, 0, 0, 0, 0, 0, 0, 1, 0, 0, 0, 0, 0], [0, 0, 0, 0, 0, 0, 0, 0, 0, 0, 0, 0, 0, 0, 0, 0, 0, 1, 0, 0, 0, 0], [0, 0, 0, 0, 0, 0, 0, 0, 0, 0, 0, 0, 0, 0, 0, 0, 0, 0, 1, 0, 0, 0], [0, 0, 0, 0, 0, 0, 0, 0, 0, 0, 0, 0, 0, 0, 0, 0, 0, 0, 0, 1, 0, 0], [0, 0, 0, 0, 0, 0, 0, 0, 0, 0, 0, 0, 0, 0, 0, 0, 0, 0, 0, 0, 1, 0], [0, 0, 0, 0, 0, 0, 0, 0, 0, 0, 0, 0, 0, 0, 0, 0, 0, 0, 0, 0, 0, 1]]
[[2, 2, 2, 3, 4, 0, 7, -3, 3, 2, 0, -6, -3, -1, 0, 6, -8, -2, -3, -4, -5, 1], [0, 0, 0, -1, -1, 0, -1, 1, -1, 0, 0, 1, 0, 0, 0, -2, 2, 1, 1, 1, 1, 0], [1, 1, 1, 2, 1, 0, 2, -1, 1, 0, 0, -1, 0, 1, 0, 2, -2, -1, -1, -1, 0, 1], [0, -1, 0, 0, -1, 0, -1, 1, -1, 0, 0, 1, 0, 0, 0, -2, 2, 1, 1, 1, 1, 0], [-1, -1, -1, -1, -1, 0, -3, 1, -1, -1, 0, 3, 2, 0, 0, -2, 3, 1, 1, 2, 2, -1], [0, -1, 0, -1, -1, 1, -1, 1, -1, 0, 0, 1, 0, 0, 0, -2, 2, 1, 1, 1, 1, 0], [-1, 0, -1, -2, -1, 0, -3, 1, -1, -1, 0, 2, 1, 0, 0, -2, 3, 0, 1, 1, 1, -1], [1, 0, 1, 1, 0, 1, 1, 0, -1, 1, 0, -1, -1, 0, 0, 0, 0, 0, 1, 0, 0, 1], [-1, 1, -1, 0, -1, -1, -2, -1, 0, -1, 0, 0, 0, 0, 0, 0, 0, -1, -1, -1, 1, -1], [-1, 0, -1, -1, 0, -1, -1, 0, 0, 0, 0, 1, 0, 0, 0, 0, 0, 0, 0, 0, 0, -1], [1, 0, 0, 0, 1, 0, 1, 0, 0, 1, 0, -1, -2, 0, -1, 0, 0, 0, 0, -1, -1, 0], [2, 0, 3, 2, 2, 1, 6, -1, 1, 3, 0, -4, -3, -1, 0, 2, -4, 0, -1, -2, -3, 2], [-1, 0, -1, -1, 0, -1, -1, 0, 0, -1, 0, 1, 1, 0, 0, 0, 0, 0, 0, 0, 0, -1], [-1, -1, -1, -1, -2, 0, -3, 1, -1, -1, 0, 3, 2, 1, 0, -2, 3, 1, 1, 2, 2, -1], [-1, 0, -1, 0, -1, 0, -2, 0, 0, -1, 0, 2, 2, 0, 1, 0, 1, 0, 0, 1, 1, -1], [0, 1, 0, 0, 0, 0, -1, 0, 0, -1, 1, 0, 1, 1, 1, 1, 0, -1, 0, 0, 1, 1], [-2, 0, -2, -2, -2, -1, -5, 1, -1, -3, 1, 4, 3, 1, 1, -2, 4, 0, 1, 2, 3, -1], [-1, 0, -1, -1, -2, 0, -4, 1, -1, -2, 1, 3, 3, 1, 1, -2, 3, 1, 1, 2, 3, 0], [-1, 1, -1, 0, -1, -1, -2, 0, 0, -1, 0, 0, 1, 0, 0, 0, 0, -1, -1, -1, 1, -1], [1, 0, 0, 0, 1, 0, 1, 0, 0, 1, -1, -1, -2, 0, -1, 0, 0, 0, 0, 0, -1, 0], [-1, 1, -1, -1, 0, 0, -3, 0, 0, -1, 0, 1, 1, 0, 0, 0, 1, -1, 0, 0, 1, -1], [0, -1, 1, 0, 0, 0, 2, 0, 0, 1, 0, -1, -1, -1, 0, 0, -1, 1, 0, 0, -1, 1]]
[[2, -2, 3, 1, 3, 2, 7, 0, 2, 1, 2, -1, 0, 1, 1, 3, -4, 1, 1, 0, -3, 3], [1, 0, 2, 2, 1, 1, 3, -1, 0, 1, 0, -2, -2, 0, -1, 1, -1, -1, 0, -2, -1, 1], [0, 0, 0, 0, 0, 0, -1, 0, 0, -1, 0, 0, 0, 1, -1, 0, 1, -1, 0, 0, 1, 1], [1, 1, 0, 1, 1, 0, 0, 0, -1, 1, 0, -1, -1, 0, 0, 1, 0, 0, 0, 0, 0, 0], [-1, 0, -2, -1, -2, -1, -4, 1, -1, -1, -1, 1, 0, 0, -1, -3, 3, 0, 0, 1, 2, -2], [1, 1, 1, 2, 1, 0, 2, -1, 0, 1, 0, -2, -1, 0, 0, 2, -2, -1, -1, -2, -1, 0], [-1, 0, 0, -1, -1, 0, 0, 0, 0, 0, 0, 1, 1, -1, 1, -1, 0, 1, 0, 0, 0, 0], [2, 1, 2, 3, 2, 1, 4, -2, 0, 2, 0, -3, -2, 0, 0, 3, -3, -1, -1, -2, -2, 1], [-3, 0, -3, -3, -3, -2, -6, 0, -1, -2, -1, 2, 1, -1, -1, -3, 3, 0, 0, 1, 2, -2], [0, -1, -1, -1, 0, 0, 0, 1, 0, 0, 0, 1, 0, 0, 0, -1, 1, 1, 1, 1, -1, -1], [4, -1, 3, 3, 4, 3, 8, 0, 1, 3, 1, -2, -2, 1, 0, 3, -3, 1, 2, -1, -4, 2], [5, 0, 5, 5, 5, 3, 11, -1, 1, 4, 2, -5, -3, 1, 1, 6, -6, 0, 1, -2, -5, 4], [-1, -1, -1, -2, -1, 0, -2, 1, 0, -1, 0, 2, 1, 0, 0, -2, 2, 1, 0, 1, 1, -1], [-2, 0, -2, -2, -2, -1, -6, 1, -1, -2, -1, 2, 1, 0, -1, -3, 4, -1, 0, 1, 3, -2], [-3, 0, -3, -3, -3, -2, -6, 1, -1, -2, -1, 3, 2, 0, 0, -3, 3, 0, 0, 2, 3, -2], [-2, 1, -1, -1, -2, -1, -3, -1, 0, -1, 0, 1, 2, -1, 1, 0, 0, 0, -1, 0, 1, 0], [-4, 0, -3, -4, -4, -2, -7, 1, -1, -2, -1, 4, 3, -1, 0, -4, 4, 1, 0, 2, 3, -2], [-3, 1, -3, -2, -3, -2, -8, 0, -1, -3, -1, 2, 2, -1, -1, -3, 4, -1, -1, 1, 4, -2], [-2, 0, -2, -2, -2, -1, -4, 0, 0, -2, 0, 2, 1, 0, 0, -2, 2, 0, 0, 1, 2, -1], [1, 0, 1, 1, 1, 0, 2, 0, 0, 1, 0, -1, -1, 0, 0, 1, -1, 0, 0, -1, -1, 1], [-2, 0, -2, -2, -2, -1, -3, 0, 0, -2, 0, 2, 2, -1, 1, -2, 1, 1, 0, 1, 1, -1], [1, 0, 1, 1, 1, 0, 2, 0, 0, 1, 0, -1, -1, 0, 0, 1, -1, 0, 0, 0, -1, 0]]
[[-1, -1, 0, -2, -1, -1, -1, 2, 0, -1, 1, 2, 2, 0, 1, -1, 1, 1, 1, 2, 1, 1], [1, 1, 1, 1, 1, 1, 2, -1, 0, 1, 0, -1, -1, 0, 0, 1, -1, 0, 0, -1, -1, 0], [0, 1, -1, 0, -1, -1, -3, 0, 0, -1, -1, 0, 0, 0, -1, -1, 1, -1, -1, 0, 1, -1], [1, 0, 1, 2, 1, 1, 2, -1, 0, 1, 0, -1, -1, 0, 0, 1, -1, 0, 0, -1, -1, 0], [0, 0, 0, 0, 1, 0, 0, 0, 0, 0, 0, 0, 0, 0, 0, 0, 0, 0, 0, 0, 0, 0], [1, 0, 1, 1, 1, 2, 2, -1, 0, 1, 0, -1, -1, 0, 0, 1, -1, 0, 0, -1, -1, 0], [0, 0, 0, 0, 0, 0, 1, 0, 0, 0, 0, 0, 0, 0, 0, 0, 0, 0, 0, 0, 0, 0], [1, 1, 1, 2, 0, 1, 1, -2, 0, 1, -1, -3, -2, -1, -1, 1, -2, -2, -2, -3, -1, -1], [-2, 0, -2, -2, -3, -2, -5, 1, -1, -1, -1, 1, 0, -1, -1, -3, 3, 0, 0, 1, 2, -1], [0, -1, 0, -1, 1, 0, 1, 2, 0, 1, 1, 2, 1, 1, 1, 0, 1, 2, 2, 2, 0, 1], [2, -1, 2, 1, 3, 2, 5, 1, 0, 2, 2, 1, 0, 2, 1, 2, 0, 2, 3, 1, -1, 3], [2, 0, 2, 2, 2, 2, 4, -1, 0, 2, 1, -1, -1, 0, 1, 2, -2, 1, 1, 0, -2, 1], [0, -1, 0, -1, 1, 0, 1, 2, 0, 0, 1, 2, 2, 1, 1, 0, 1, 2, 2, 2, 0, 1], [0, 0, 0, 0, 0, 0, 0, 0, 0, 0, 0, 0, 0, 1, 0, 0, 0, 0, 0, 0, 0, 0], [-1, 0, -1, -1, -1, -1, -2, 1, 0, -1, 0, 1, 1, 0, 1, -1, 1, 0, 0, 1, 1, 0], [-1, 1, -1, 0, -2, -1, -3, -1, 0, -1, -1, -1, 0, -1, -1, 0, 0, -2, -2, -1, 1, -1], [-1, 0, -1, -1, -1, -1, -2, 1, 0, -1, 0, 1, 1, 0, 0, -1, 2, 0, 0, 1, 1, 0], [-1, 1, -1, 0, -2, -1, -3, -1, 0, -1, -1, -1, 0, -1, -1, -1, 0, -1, -2, -1, 1, -1], [-1, 0, -1, -1, -1, -1, -2, 1, 0, -1, 0, 1, 1, 0, 0, -1, 1, 0, 1, 1, 1, 0], [0, 0, 0, 0, 0, 0, 0, -1, 0, 0, -1, 0, -1, 0, -1, 0, 0, -1, -1, -1, 0, -1], [-1, 0, -1, -1, -1, -1, -2, 1, 0, -1, 0, 1, 1, 0, 0, -1, 1, 0, 0, 1, 2, 0], [0, 0, 0, 0, 0, 0, 0, -1, 0, 0, 0, -1, -1, -1, 0, 0, -1, 0, -1, -1, -1, -1]]
[[1, 0, 0, 0, 0, 0, 0, 0, 0, 0, 0, 0, 0, 0, 0, 0, 0, 0, 0, 0, 0, 0], [0, 1, 0, 0, 0, 0, 0, 0, 0, 0, 0, 0, 0, 0, 0, 0, 0, 0, 0, 0, 0, 0], [0, 0, 1, 0, 0, 0, 0, 0, 0, 0, 0, 0, 0, 0, 0, 0, 0, 0, 0, 0, 0, 0], [0, 0, 0, 1, 0, 0, 0, 0, 0, 0, 0, 0, 0, 0, 0, 0, 0, 0, 0, 0, 0, 0], [0, 0, 0, 0, 1, 0, 0, 0, 0, 0, 0, 0, 0, 0, 0, 0, 0, 0, 0, 0, 0, 0], [0, 0, 0, 0, 0, 1, 0, 0, 0, 0, 0, 0, 0, 0, 0, 0, 0, 0, 0, 0, 0, 0], [0, 0, 0, 0, 0, 0, 1, 0, 0, 0, 0, 0, 0, 0, 0, 0, 0, 0, 0, 0, 0, 0], [0, 0, 0, 0, 0, 0, 0, 1, 0, 0, 0, 0, 0, 0, 0, 0, 0, 0, 0, 0, 0, 0], [0, 0, 0, 0, 0, 0, 0, 0, 1, 0, 0, 0, 0, 0, 0, 0, 0, 0, 0, 0, 0, 0], [0, 0, 0, 0, 0, 0, 0, 0, 0, 1, 0, 0, 0, 0, 0, 0, 0, 0, 0, 0, 0, 0], [0, 0, 0, 0, 0, 0, 0, 0, 0, 0, 1, 0, 0, 0, 0, 0, 0, 0, 0, 0, 0, 0], [0, 0, 0, 0, 0, 0, 0, 0, 0, 0, 0, 1, 0, 0, 0, 0, 0, 0, 0, 0, 0, 0], [0, 0, 0, 0, 0, 0, 0, 0, 0, 0, 0, 0, 1, 0, 0, 0, 0, 0, 0, 0, 0, 0], [0, 0, 0, 0, 0, 0, 0, 0, 0, 0, 0, 0, 0, 1, 0, 0, 0, 0, 0, 0, 0, 0], [0, 0, 0, 0, 0, 0, 0, 0, 0, 0, 0, 0, 0, 0, 1, 0, 0, 0, 0, 0, 0, 0], [0, 0, 0, 0, 0, 0, 0, 0, 0, 0, 0, 0, 0, 0, 0, 1, 0, 0, 0, 0, 0, 0], [0, 0, 0, 0, 0, 0, 0, 0, 0, 0, 0, 0, 0, 0, 0, 0, 1, 0, 0, 0, 0, 0], [0, 0, 0, 0, 0, 0, 0, 0, 0, 0, 0, 0, 0, 0, 0, 0, 0, 1, 0, 0, 0, 0], [0, 0, 0, 0, 0, 0, 0, 0, 0, 0, 0, 0, 0, 0, 0, 0, 0, 0, 1, 0, 0, 0], [0, 0, 0, 0, 0, 0, 0, 0, 0, 0, 0, 0, 0, 0, 0, 0, 0, 0, 0, 1, 0, 0], [0, 0, 0, 0, 0, 0, 0, 0, 0, 0, 0, 0, 0, 0, 0, 0, 0, 0, 0, 0, 1, 0], [0, 0, 0, 0, 0, 0, 0, 0, 0, 0, 0, 0, 0, 0, 0, 0, 0, 0, 0, 0, 0, 1]]
[[1, 0, 1, 0, 1, 0, 1, 0, -1, 0, 1, 1, 1, 1, 1, 1, 0, 0, 0, 0, 0, 1], [-1, 0, 0, -1, 0, 0, 0, 1, 1, 0, 0, 1, 1, 0, 0, -1, 1, 1, 1, 1, 1, 1], [0, -1, 1, 0, 0, 0, 0, 1, -1, 0, 1, 1, 1, 1, 0, 0, 1, 1, 1, 1, 1, 1], [0, 0, -1, 0, -1, 0, -1, 1, 0, 0, 0, 0, 0, 0, 0, -1, 1, 1, 1, 1, 0, 0], [0, 0, -1, 0, 0, 0, -1, 0, 0, 0, -1, 0, -1, 0, -1, -1, 1, 0, 1, 1, 0, -1], [0, 0, 0, 0, 0, 1, 0, 0, 1, 0, 0, 0, 0, 0, 0, 0, 0, 0, 0, 0, 0, 0], [-1, 0, 0, -1, 1, 0, 1, 0, 1, 0, 0, 1, 1, -1, 1, 0, 0, 1, 1, 1, 0, 1], [0, -1, 0, -1, 1, 1, 1, 2, 1, 0, 1, 2, 2, 1, 1, 0, 1, 2, 2, 2, 0, 1], [0, 0, 0, 0, 0, -1, 0, 0, 0, 0, 0, 0, 0, 0, 0, 0, 0, 0, -1, 0, 0, 0], [0, 1, -1, 0, 0, -1, 0, -1, 0, 1, -1, -1, -1, -1, 0, 0, -1, 0, -1, 0, -1, -1], [-1, 1, -1, -1, 0, -1, 0, 0, 1, 0, 0, 0, 0, -1, 1, -1, 0, 1, 0, 1, 0, 0], [0, 0, -1, -1, 0, 0, -1, 2, 0, 0, 1, 2, 1, 1, 1, -1, 2, 2, 2, 2, 1, 1], [0, 1, 0, 1, 0, -1, 0, -2, 0, 0, -1, -2, -1, -1, -1, 1, -2, -2, -2, -2, -1, -1], [0, 0, 0, 1, -1, 0, 0, -1, 0, 0, -1, -1, -1, 0, -1, 0, -1, -1, -1, -1, 0, -1], [0, -1, 0, 0, -1, 0, -1, 0, -1, 0, -1, 0, -1, 0, -1, -1, 1, -1, 0, 0, 0, -1], [0, 0, 1, 0, 1, 0, 1, 0, 0, 0, 1, 0, 1, 0, 1, 2, -1, 0, -1, -1, 0, 1], [-1, 0, 0, 0, 0, -1, 0, -1, 0, 0, -1, -1, -1, -1, -1, 0, 0, -1, -1, -1, 0, 0], [0, 0, 0, 0, 0, 0, 0, 0, 0, 0, 0, 0, 0, 0, 0, 0, 0, 1, 0, 0, 0, 0], [0, 0, 0, 0, 0, -1, 0, 0, 0, 0, 0, 0, 0, 0, 0, 0, 0, 0, 0, 0, 0, 0], [0, 0, 1, 0, 0, 1, 1, 0, 0, 0, 1, 0, 1, 0, 1, 1, -1, 0, 0, 0, 0, 1], [0, 0, 0, -1, 1, 0, 0, 0, 0, 0, 0, 1, 1, -1, 1, 0, 0, 1, 0, 1, 0, 0], [1, 0, 0, 1, 0, 1, 0, 0, 0, 0, 0, -1, -1, 1, -1, 0, 0, -1, 0, -1, 0, 0]]
[[0, 0, -1, -1, -1, -2, -1, 0, 0, 0, -2, -1, -3, -2, -3, -4, 2, 0, 0, 0, 0, -1], [1, 1, 0, 1, 1, 1, 0, 0, 0, 0, 1, 0, 1, 1, 1, 2, -1, 0, 0, 0, 0, 0], [0, 0, 0, 0, 0, -1, 0, -1, 1, 0, -2, -3, -4, -2, -4, -3, 0, -1, -1, -2, -1, -2], [0, 0, 1, 1, 0, 1, 2, -1, 1, 0, 0, -1, 0, 0, 0, 1, -2, -1, -1, -2, -1, 0], [0, 0, 1, 0, 1, 1, 1, 0, 0, 0, 1, 1, 2, 1, 2, 2, -1, 0, 0, 0, 0, 1], [0, 0, 0, 0, 0, 1, 0, 0, 0, 0, 0, 0, 0, 0, 0, 0, 0, 0, 0, 0, 0, 0], [1, 0, 0, 1, 1, 1, 0, 1, -1, 0, 2, 2, 3, 2, 3, 3, 0, 1, 1, 2, 1, 1], [0, 0, 0, 0, 0, 0, 1, 0, 1, 0, -1, -2, -2, -1, -2, -1, -1, -1, -1, -2, -1, -1], [0, 0, 0, 0, 0, 0, -1, 1, 0, 0, 1, 2, 2, 1, 2, 1, 1, 1, 1, 2, 1, 1], [0, 0, 1, 0, 0, 1, 0, 1, -1, 1, 2, 3, 4, 2, 4, 3, 0, 1, 1, 2, 1, 2], [0, 0, 1, 0, 0, 1, 0, 1, -1, 0, 3, 3, 4, 2, 4, 3, 0, 1, 1, 2, 1, 2], [0, 0, 0, 0, 0, 0, 1, -1, 1, 0, -1, -1, -2, -1, -2, -1, -1, -1, -1, -2, -1, -1], [0, 0, 0, 0, 0, 0, -1, 1, -1, 0, 1, 2, 3, 1, 2, 1, 1, 1, 1, 2, 1, 1], [0, 0, 0, 0, 0, 0, 0, 0, 0, 0, 0, 0, 0, 1, 0, 0, 0, 0, 0, 0, 0, 0], [0, 0, 0, 0, 0, 0, 0, 0, 0, 0, 0, 0, 0, 0, 1, 0, 0, 0, 0, 0, 0, 0], [0, 0, -1, 0, 0, -1, -1, 0, 0, 0, -1, -1, -2, -1, -2, -1, 1, 0, 0, 0, 0, -1], [1, 0, 0, 1, 1, 1, -1, 1, -1, 0, 2, 2, 3, 2, 3, 3, 1, 1, 1, 2, 1, 1], [0, 0, 0, 0, 0, 0, 0, 0, 0, 0, 0, 0, 0, 0, 0, 0, 0, 1, 0, 0, 0, 0], [0, 0, 0, 0, 0, 0, -1, 1, -1, 0, 1, 2, 2, 1, 2, 1, 1, 1, 2, 2, 1, 1], [0, 0, 0, 0, 0, 0, 1, -1, 1, 0, -1, -2, -2, -1, -2, -1, -1, -1, -1, -1, -1, -1], [0, 0, 0, 0, 0, 0, -1, 1, -1, 0, 1, 2, 2, 1, 2, 1, 1, 1, 1, 2, 2, 1], [0, 0, 0, 0, 0, 0, 1, -1, 1, 0, -1, -2, -2, -1, -2, -1, -1, -1, -1, -2, -1, 0]]
[[1, -1, 0, 0, 0, 0, 0, 0, 0, 0, -2, -1, -3, -1, -4, -4, 2, -1, 0, -1, 0, -2], [0, 0, 0, 0, 1, 0, 0, 0, 0, 0, 0, 0, 0, 0, -1, 0, 0, 0, 0, 0, 0, 0], [0, -1, 1, -1, 0, 0, 1, 0, 0, 0, -1, -2, -3, -2, -4, -4, 1, 0, 0, -2, -1, -1], [0, 0, 0, 0, -1, 0, 1, 0, 0, 0, 0, -1, -1, 0, -1, -1, 0, 0, 0, -1, -1, 0], [0, 1, 0, 0, 0, 0, 0, 0, 0, 0, 1, 0, 1, 1, 2, 2, -1, 0, 0, 0, 0, 1], [0, 0, 0, 0, 0, 0, 0, 0, 0, 0, 0, 0, -1, 0, -1, -1, 1, 0, 0, 0, 0, 0], [0, 0, 0, 1, 1, 0, 0, 0, 0, 0, 1, 1, 2, 1, 2, 3, -1, 0, 0, 1, 1, 1], [0, -1, 0, -1, 0, -1, 1, 1, 0, 0, -1, -1, -3, -1, -4, -4, 2, 0, 0, -1, -1, -1], [0, 0, 0, 0, 1, 1, 0, 0, 1, 0, 1, 2, 4, 1, 4, 4, -2, 1, 0, 2, 0, 1], [0, 1, 0, 0, 0, 1, 0, 0, 0, 1, 1, 2, 4, 1, 5, 4, -2, 1, 0, 2, 0, 1], [0, 0, 0, 0, 0, 1, 0, 0, 0, 0, 0, 1, 1, 0, 1, 0, 0, 0, 0, 1, 0, -1], [0, -1, 0, -1, -1, 0, 1, 0, 0, 0, -2, -1, -4, -1, -5, -5, 2, -1, 0, -2, -1, -2], [0, 1, 0, 1, 0, 0, -1, 0, 0, 0, 1, 1, 3, 1, 3, 3, -1, 0, 0, 1, 1, 1], [0, 1, 0, 0, 0, 0, 0, 0, 0, 0, 1, 0, 1, 0, 2, 1, -1, 1, 0, 0, 0, 1], [0, 0, 0, 0, 0, 0, 0, 0, 0, 0, 1, 0, 1, 1, 2, 2, -1, 0, 0, 0, 0, 1], [0, -1, 0, 0, 1, 0, 0, 0, 0, 0, -1, 0, -1, -1, -2, -1, 1, 0, 0, 0, 0, -1], [0, 0, 0, 1, 1, 1, -1, 0, 0, 0, 1, 1, 3, 1, 3, 4, -1, 0, 0, 1, 1, 1], [0, 0, 0, 0, 0, 0, 0, 0, 0, 0, 0, 0, 0, 0, 0, 0, 0, 1, 0, 0, 0, 0], [0, 0, 0, 0, 1, 0, 0, 0, 0, 0, 1, 2, 3, 1, 3, 3, -1, 1, 1, 2, 0, 1], [0, 0, 0, 0, 0, 0, 0, 0, 0, 0, 0, -1, -1, -1, -1, -1, 0, 0, 0, 0, 0, 0], [0, 0, 0, 0, 1, 0, 0, 0, 0, 0, 1, 2, 3, 1, 3, 3, -1, 1, 0, 2, 1, 1], [0, 0, 0, 0, -1, 0, 0, 0, 0, 0, -1, -1, -2, 0, -2, -2, 1, -1, 0, -1, 0, 0]]
[[1, 1, 0, 1, 0, 0, 0, -1, 0, 0, -1, -2, -2, 0, -1, 0, -1, -2, -1, -2, 0, -1], [0, 0, 0, -1, 0, 0, 0, 1, 0, 0, 0, 1, 1, 0, 0, -1, 1, 1, 0, 1, 0, 0], [0, 0, 1, 0, 0, 0, 1, 0, 0, 0, 0, 0, 0, -1, 0, -1, 0, 1, 0, 0, 0, 0], [0, -1, 0, 0, 0, 0, 0, 1, 0, 0, 0, 1, 0, 0, -1, -2, 2, 1, 1, 1, 0, 0], [0, 0, 0, 0, 1, 0, 0, 0, 0, 0, 1, 1, 1, 0, 1, 1, 0, 1, 1, 1, 0, 1], [0, -1, 0, -1, 0, 1, 0, 1, 0, 0, 0, 1, 0, 0, -1, -2, 2, 1, 1, 1, 0, 0], [0, 0, 0, 0, 0, 0, 0, 0, 0, 0, 0, 0, 0, 1, 0, 1, 0, -1, 0, 0, 0, 0], [0, -1, 0, -1, 0, 0, 0, 2, 0, 0, 0, 1, 0, 0, -1, -2, 2, 1, 1, 1, 0, 0], [0, 1, 0, 1, 0, 0, 0, -1, 1, 0, 0, -1, 1, 0, 2, 3, -3, -1, -2, -1, 0, 0], [0, 1, 0, 1, 0, 0, 0, -1, 0, 1, 0, -1, 0, 0, 1, 2, -2, -1, -1, -1, 0, 0], [0, 0, 0, 0, 0, 0, 0, 0, 0, 0, 0, -1, -1, 0, -1, -1, 0, -1, -1, -1, 0, -1], [0, -1, 0, -1, 0, 0, 0, 1, 0, 0, -1, 1, -1, 0, -2, -3, 2, 0, 0, 0, 0, -1], [0, 1, 0, 1, 0, 0, 0, -1, 0, 0, 0, -1, 0, 0, 0, 1, -1, -1, 0, -1, 0, 0], [0, 0, 0, 0, 0, 0, 1, 0, 0, 0, 1, 1, 1, 0, 1, 0, 0, 2, 1, 1, 0, 1], [0, 0, 0, 0, 0, 0, 0, 0, 0, 0, 1, 1, 1, 0, 2, 1, 0, 1, 1, 1, 0, 1], [0, 0, 0, 0, 0, 0, 0, 0, 0, 0, -1, -1, -1, 0, -1, 0, 0, -1, -1, -1, 0, -1], [0, 1, 0, 1, 0, 0, 0, -1, 0, 0, 0, -1, 0, 0, 1, 2, -1, -1, -1, -1, 0, 0], [0, 0, 0, 0, 0, 0, 0, 0, 0, 0, 0, 0, 0, 0, 0, 0, 0, 1, 0, 0, 0, 0], [0, 0, 0, 0, 0, 0, 0, 0, 0, 0, 0, 0, 1, 0, 1, 1, -1, 0, 0, 0, 0, 0], [0, 0, 0, 0, 0, 0, 0, 0, 0, 0, 0, 0, 0, 0, 0, 0, 0, 0, 0, 1, 0, 0], [0, 0, 0, 0, 0, 0, -1, 0, 0, 0, 0, 0, 0, 1, 0, 1, 0, -1, 0, 0, 1, 0], [0, 0, 0, 0, 0, 0, 0, 0, 0, 0, 0, 0, 0, 0, 0, 0, 0, 0, 0, 0, 0, 1]]
[[1, 0, 0, 0, 0, 0, 0, 0, 0, 0, 0, 0, 0, 0, 0, 0, 0, 0, 0, 0, 0, 0], [0, 1, 0, 0, 0, 0, 0, 0, 0, 0, 0, 0, 0, 0, 0, 0, 0, 0, 0, 0, 0, 0], [0, 0, 1, 0, 0, 0, 0, 0, 0, 0, 0, 0, 0, 0, 0, 0, 0, 0, 0, 0, 0, 0], [0, 0, 0, 1, 0, 0, 0, 0, 0, 0, 0, 0, 0, 0, 0, 0, 0, 0, 0, 0, 0, 0], [0, 0, 0, 0, 1, 0, 0, 0, 0, 0, 0, 0, 0, 0, 0, 0, 0, 0, 0, 0, 0, 0], [0, 0, 0, 0, 0, 1, 0, 0, 0, 0, 0, 0, 0, 0, 0, 0, 0, 0, 0, 0, 0, 0], [0, 0, 0, 0, 0, 0, 1, 0, 0, 0, 0, 0, 0, 0, 0, 0, 0, 0, 0, 0, 0, 0], [0, 0, 0, 0, 0, 0, 0, 1, 0, 0, 0, 0, 0, 0, 0, 0, 0, 0, 0, 0, 0, 0], [0, 0, 0, 0, 0, 0, 0, 0, 1, 0, 0, 0, 0, 0, 0, 0, 0, 0, 0, 0, 0, 0], [0, 0, 0, 0, 0, 0, 0, 0, 0, 1, 0, 0, 0, 0, 0, 0, 0, 0, 0, 0, 0, 0], [0, 0, 0, 0, 0, 0, 0, 0, 0, 0, 1, 0, 0, 0, 0, 0, 0, 0, 0, 0, 0, 0], [0, 0, 0, 0, 0, 0, 0, 0, 0, 0, 0, 1, 0, 0, 0, 0, 0, 0, 0, 0, 0, 0], [0, 0, 0, 0, 0, 0, 0, 0, 0, 0, 0, 0, 1, 0, 0, 0, 0, 0, 0, 0, 0, 0], [0, 0, 0, 0, 0, 0, 0, 0, 0, 0, 0, 0, 0, 1, 0, 0, 0, 0, 0, 0, 0, 0], [0, 0, 0, 0, 0, 0, 0, 0, 0, 0, 0, 0, 0, 0, 1, 0, 0, 0, 0, 0, 0, 0], [0, 0, 0, 0, 0, 0, 0, 0, 0, 0, 0, 0, 0, 0, 0, 1, 0, 0, 0, 0, 0, 0], [0, 0, 0, 0, 0, 0, 0, 0, 0, 0, 0, 0, 0, 0, 0, 0, 1, 0, 0, 0, 0, 0], [0, 0, 0, 0, 0, 0, 0, 0, 0, 0, 0, 0, 0, 0, 0, 0, 0, 1, 0, 0, 0, 0], [0, 0, 0, 0, 0, 0, 0, 0, 0, 0, 0, 0, 0, 0, 0, 0, 0, 0, 1, 0, 0, 0], [0, 0, 0, 0, 0, 0, 0, 0, 0, 0, 0, 0, 0, 0, 0, 0, 0, 0, 0, 1, 0, 0], [0, 0, 0, 0, 0, 0, 0, 0, 0, 0, 0, 0, 0, 0, 0, 0, 0, 0, 0, 0, 1, 0], [0, 0, 0, 0, 0, 0, 0, 0, 0, 0, 0, 0, 0, 0, 0, 0, 0, 0, 0, 0, 0, 1]]
[[-1, -1, 0, -2, -1, -1, -1, 2, 0, -1, 1, 2, 2, 0, 1, -1, 1, 1, 1, 2, 1, 1], [1, 1, 1, 1, 1, 1, 2, -1, 0, 1, 0, -1, -1, 0, 0, 1, -1, 0, 0, -1, -1, 0], [0, 1, -1, 0, -1, -1, -3, 0, 0, -1, -1, 0, 0, 0, -1, -1, 1, -1, -1, 0, 1, -1], [1, 0, 1, 2, 1, 1, 2, -1, 0, 1, 0, -1, -1, 0, 0, 1, -1, 0, 0, -1, -1, 0], [0, 0, 0, 0, 1, 0, 0, 0, 0, 0, 0, 0, 0, 0, 0, 0, 0, 0, 0, 0, 0, 0], [1, 0, 1, 1, 1, 2, 2, -1, 0, 1, 0, -1, -1, 0, 0, 1, -1, 0, 0, -1, -1, 0], [0, 0, 0, 0, 0, 0, 1, 0, 0, 0, 0, 0, 0, 0, 0, 0, 0, 0, 0, 0, 0, 0], [1, 1, 1, 2, 0, 1, 1, -2, 0, 1, -1, -3, -2, -1, -1, 1, -2, -2, -2, -3, -1, -1], [-2, 0, -2, -2, -3, -2, -5, 1, -1, -1, -1, 1, 0, -1, -1, -3, 3, 0, 0, 1, 2, -1], [0, -1, 0, -1, 1, 0, 1, 2, 0, 1, 1, 2, 1, 1, 1, 0, 1, 2, 2, 2, 0, 1], [2, -1, 2, 1, 3, 2, 5, 1, 0, 2, 2, 1, 0, 2, 1, 2, 0, 2, 3, 1, -1, 3], [2, 0, 2, 2, 2, 2, 4, -1, 0, 2, 1, -1, -1, 0, 1, 2, -2, 1, 1, 0, -2, 1], [0, -1, 0, -1, 1, 0, 1, 2, 0, 0, 1, 2, 2, 1, 1, 0, 1, 2, 2, 2, 0, 1], [0, 0, 0, 0, 0, 0, 0, 0, 0, 0, 0, 0, 0, 1, 0, 0, 0, 0, 0, 0, 0, 0], [-1, 0, -1, -1, -1, -1, -2, 1, 0, -1, 0, 1, 1, 0, 1, -1, 1, 0, 0, 1, 1, 0], [-1, 1, -1, 0, -2, -1, -3, -1, 0, -1, -1, -1, 0, -1, -1, 0, 0, -2, -2, -1, 1, -1], [-1, 0, -1, -1, -1, -1, -2, 1, 0, -1, 0, 1, 1, 0, 0, -1, 2, 0, 0, 1, 1, 0], [-1, 1, -1, 0, -2, -1, -3, -1, 0, -1, -1, -1, 0, -1, -1, -1, 0, -1, -2, -1, 1, -1], [-1, 0, -1, -1, -1, -1, -2, 1, 0, -1, 0, 1, 1, 0, 0, -1, 1, 0, 1, 1, 1, 0], [0, 0, 0, 0, 0, 0, 0, -1, 0, 0, -1, 0, -1, 0, -1, 0, 0, -1, -1, -1, 0, -1], [-1, 0, -1, -1, -1, -1, -2, 1, 0, -1, 0, 1, 1, 0, 0, -1, 1, 0, 0, 1, 2, 0], [0, 0, 0, 0, 0, 0, 0, -1, 0, 0, 0, -1, -1, -1, 0, 0, -1, 0, -1, -1, -1, -1]]
[[1, 0, 0, 0, 0, 0, 0, 0, 0, 0, 0, 0, 0, 0, 0, 0, 0, 0, 0, 0, 0, 0], [0, 1, 0, 0, 0, 0, 0, 0, 0, 0, 0, 0, 0, 0, 0, 0, 0, 0, 0, 0, 0, 0], [-1, 0, 0, -1, -2, -1, -3, 0, -1, -1, -1, 0, -1, -1, -2, -3, 2, -1, -1, -1, 1, -2], [0, 0, 0, 1, 0, 0, 0, 0, 0, 0, 0, 0, 0, 0, 0, 0, 0, 0, 0, 0, 0, 0], [0, 0, 0, 0, 1, 0, 0, 0, 0, 0, 0, 0, 0, 0, 0, 0, 0, 0, 0, 0, 0, 0], [0, 0, 0, 0, 0, 1, 0, 0, 0, 0, 0, 0, 0, 0, 0, 0, 0, 0, 0, 0, 0, 0], [0, 0, 0, 0, 0, 0, 1, 0, 0, 0, 0, 0, 0, 0, 0, 0, 0, 0, 0, 0, 0, 0], [-1, 0, -1, -1, -2, -1, -3, 1, -1, -1, -1, 0, -1, -1, -2, -3, 2, -1, -1, -1, 1, -2], [0, 0, 0, 0, 0, 0, 0, 0, 1, 0, 0, 0, 0, 0, 0, 0, 0, 0, 0, 0, 0, 0], [1, 0, 1, 1, 2, 1, 3, 0, 1, 2, 1, 0, 1, 1, 2, 3, -2, 1, 1, 1, -1, 2], [1, 0, 1, 1, 2, 1, 3, 0, 1, 1, 2, 0, 1, 1, 2, 3, -2, 1, 1, 1, -1, 2], [0, 0, 0, 0, 0, 0, 0, 0, 0, 0, 0, 1, 0, 0, 0, 0, 0, 0, 0, 0, 0, 0], [1, 0, 1, 1, 2, 1, 3, 0, 1, 1, 1, 0, 2, 1, 2, 3, -2, 1, 1, 1, -1, 2], [0, 0, 0, 0, 0, 0, 0, 0, 0, 0, 0, 0, 0, 1, 0, 0, 0, 0, 0, 0, 0, 0], [0, 0, 0, 0, 0, 0, 0, 0, 0, 0, 0, 0, 0, 0, 1, 0, 0, 0, 0, 0, 0, 0], [-1, 0, -1, -1, -2, -1, -3, 0, -1, -1, -1, 0, -1, -1, -2, -2, 2, -1, -1, -1, 1, -2], [0, 0, 0, 0, 0, 0, 0, 0, 0, 0, 0, 0, 0, 0, 0, 0, 1, 0, 0, 0, 0, 0], [-1, 0, -1, -1, -2, -1, -3, 0, -1, -1, -1, 0, -1, -1, -2, -3, 2, 0, -1, -1, 1, -2], [0, 0, 0, 0, 0, 0, 0, 0, 0, 0, 0, 0, 0, 0, 0, 0, 0, 0, 1, 0, 0, 0], [0, 0, 0, 0, 0, 0, 0, 0, 0, 0, 0, 0, 0, 0, 0, 0, 0, 0, 0, 1, 0, 0], [0, 0, 0, 0, 0, 0, 0, 0, 0, 0, 0, 0, 0, 0, 0, 0, 0, 0, 0, 0, 1, 0], [0, 0, 0, 0, 0, 0, 0, 0, 0, 0, 0, 0, 0, 0, 0, 0, 0, 0, 0, 0, 0, 1]]

#################
# GALOIS GROUPS #
#################

Generators of the monodromy group on the generic Picard lattice:
[[3, -2, 3, 1, 0, 3, 1, 2, -3, -1, 4, 3, 3, 3, 2, 1, 1], [0, 1, -1, 1, 0, 0, -1, -1, 0, 0, 0, -1, 0, 0, 1, 2, -1], [-2, 1, -3, -1, 2, -4, 0, -3, 6, -2, -5, -5, -7, -4, -8, -6, 1], [-2, 1, -1, -1, 0, -1, 0, -1, 1, 1, -1, 0, 0, -1, 1, 1, -1], [-2, 0, -1, -1, 0, -2, 1, -1, 3, 0, -3, -2, -3, -2, -3, -3, 0], [-1, 1, -1, 0, -1, -1, -1, 0, -1, 1, 0, 0, 1, 0, 2, 2, -1], [5, -1, 4, 3, -1, 7, 0, 4, -8, 2, 8, 7, 10, 7, 11, 9, -1], [-1, 1, -1, 0, -1, 0, -1, -1, -1, 1, 0, 0, 1, 0, 2, 2, -1], [0, 0, 0, 0, 1, -1, 0, -1, 1, -1, -1, -1, -2, -1, -3, -2, 1], [-1, -1, 0, -1, 0, -1, 0, 0, 1, -1, -1, 0, -1, -1, -2, -2, 1], [0, 0, 0, 0, -1, 0, -1, 0, -1, 0, 0, 1, 1, 0, 1, 1, 0], [-3, 1, -2, -1, -1, -3, -1, -2, 2, 0, -2, -2, -2, -3, -1, -1, -1], [3, -2, 3, 1, 0, 4, 1, 3, -4, 1, 4, 4, 4, 4, 4, 3, 1], [-3, 1, -3, -2, 2, -5, 0, -3, 7, -2, -7, -7, -9, -6, -10, -8, 1], [0, 0, 0, 0, 2, -1, 2, -1, 3, -1, -2, -2, -3, -1, -4, -3, 0], [3, 0, 2, 2, -1, 4, -1, 2, -5, 1, 5, 4, 6, 4, 6, 5, 0], [5, -1, 4, 3, 1, 6, 1, 3, -5, 1, 6, 5, 7, 6, 6, 6, 0]]
[[3, -1, 3, 2, 2, 4, 2, 2, -1, 0, 3, 2, 4, 3, 2, 3, 0], [1, 0, 1, 0, 0, 1, 0, 0, -2, 0, 1, 1, 1, 1, 1, 1, 0], [1, 0, 1, 0, 0, 1, 0, 1, -1, 0, 1, 2, 2, 1, 1, 0, 1], [-1, 0, -1, 0, -1, -2, -1, -1, 0, 0, -1, -1, -2, -1, -1, -1, 0], [-2, 1, -2, -1, 0, -3, -1, -1, 2, 0, -2, -2, -3, -2, -2, -2, 0], [-1, 0, -1, -1, -1, -1, -1, -1, 0, 0, -1, -1, -2, -1, -1, -1, 0], [0, 0, 0, 0, 0, 0, 1, 0, 0, 0, 0, 0, 0, 0, 0, 0, 0], [-1, 0, -1, -1, -1, -2, -1, -1, 0, 0, -2, -2, -3, -2, -3, -3, 1], [2, -1, 2, 1, 1, 3, 1, 1, -1, 0, 2, 2, 3, 2, 2, 2, 0], [2, -1, 2, 1, 1, 3, 1, 2, -2, 1, 3, 3, 4, 3, 4, 4, -1], [1, 0, 0, 1, 2, 1, 1, -1, 1, 0, -1, -1, -1, 0, -1, 1, -1], [-1, 0, 0, 0, 0, -1, 0, -2, 1, 0, -2, -2, -3, -2, -3, -2, 0], [0, 0, 0, 0, 0, 0, 0, 1, 0, 0, 1, 1, 2, 1, 2, 2, -1], [2, 0, 2, 1, -2, 4, -1, 3, -6, 2, 6, 6, 8, 5, 10, 7, -1], [0, 0, 0, 0, 0, 0, 0, 1, 0, 0, 1, 1, 1, 1, 1, 0, 1], [-1, 0, -1, -1, 1, -2, 1, -2, 4, -2, -4, -4, -5, -4, -7, -6, 1], [-1, 0, -1, -1, 1, -2, 1, -1, 4, -2, -3, -3, -4, -3, -5, -5, 1]]
[[1, 0, 0, 0, 0, 0, 0, 0, 0, 0, 0, 0, 0, 0, 0, 0, 0], [0, 1, 0, 0, 0, 0, 0, 0, 0, 0, 0, 0, 0, 0, 0, 0, 0], [0, 0, 1, 0, 0, 0, 0, 0, 0, 0, 0, 0, 0, 0, 0, 0, 0], [0, 0, 0, 1, 0, 0, 0, 0, 0, 0, 0, 0, 0, 0, 0, 0, 0], [0, 0, 0, 0, 1, 0, 0, 0, 0, 0, 0, 0, 0, 0, 0, 0, 0], [0, 0, 0, 0, 0, 1, 0, 0, 0, 0, 0, 0, 0, 0, 0, 0, 0], [0, 0, 0, 0, 0, 0, 1, 0, 0, 0, 0, 0, 0, 0, 0, 0, 0], [0, 0, 0, 0, 0, 0, 0, 1, 0, 0, 0, 0, 0, 0, 0, 0, 0], [0, 0, 0, 0, 0, 0, 0, 0, 1, 0, 0, 0, 0, 0, 0, 0, 0], [0, 0, 0, 0, 0, 0, 0, 0, 0, 1, 0, 0, 0, 0, 0, 0, 0], [0, 0, 0, 0, 0, 0, 0, 0, 0, 0, 1, 0, 0, 0, 0, 0, 0], [0, 0, 0, 0, 0, 0, 0, 0, 0, 0, 0, 1, 0, 0, 0, 0, 0], [0, 0, 0, 0, 0, 0, 0, 0, 0, 0, 0, 0, 1, 0, 0, 0, 0], [0, 0, 0, 0, 0, 0, 0, 0, 0, 0, 0, 0, 0, 1, 0, 0, 0], [0, 0, 0, 0, 0, 0, 0, 0, 0, 0, 0, 0, 0, 0, 1, 0, 0], [0, 0, 0, 0, 0, 0, 0, 0, 0, 0, 0, 0, 0, 0, 0, 1, 0], [0, 0, 0, 0, 0, 0, 0, 0, 0, 0, 0, 0, 0, 0, 0, 0, 1]]
[[1, 0, 0, 0, 0, 0, 0, 0, 0, 0, 0, 0, 0, 0, 0, 0, 0], [0, 1, 0, 0, 0, 0, 0, 0, 0, 0, 0, 0, 0, 0, 0, 0, 0], [0, 0, 1, 0, 0, 0, 0, 0, 0, 0, 0, 0, 0, 0, 0, 0, 0], [0, 0, 0, 1, 0, 0, 0, 0, 0, 0, 0, 0, 0, 0, 0, 0, 0], [0, 0, 0, 0, 1, 0, 0, 0, 0, 0, 0, 0, 0, 0, 0, 0, 0], [0, 0, 0, 0, 0, 1, 0, 0, 0, 0, 0, 0, 0, 0, 0, 0, 0], [0, 0, 0, 0, 0, 0, 1, 0, 0, 0, 0, 0, 0, 0, 0, 0, 0], [0, 0, 0, 0, 0, 0, 0, 1, 0, 0, 0, 0, 0, 0, 0, 0, 0], [0, 0, 0, 0, 0, 0, 0, 0, 1, 0, 0, 0, 0, 0, 0, 0, 0], [0, 0, 0, 0, 0, 0, 0, 0, 0, 1, 0, 0, 0, 0, 0, 0, 0], [0, 0, 0, 0, 0, 0, 0, 0, 0, 0, 1, 0, 0, 0, 0, 0, 0], [0, 0, 0, 0, 0, 0, 0, 0, 0, 0, 0, 1, 0, 0, 0, 0, 0], [0, 0, 0, 0, 0, 0, 0, 0, 0, 0, 0, 0, 1, 0, 0, 0, 0], [0, 0, 0, 0, 0, 0, 0, 0, 0, 0, 0, 0, 0, 1, 0, 0, 0], [0, 0, 0, 0, 0, 0, 0, 0, 0, 0, 0, 0, 0, 0, 1, 0, 0], [0, 0, 0, 0, 0, 0, 0, 0, 0, 0, 0, 0, 0, 0, 0, 1, 0], [0, 0, 0, 0, 0, 0, 0, 0, 0, 0, 0, 0, 0, 0, 0, 0, 1]]
[[1, 0, 0, 0, 0, 0, 0, 0, 0, 0, 0, 0, 0, 0, 0, 0, 0], [0, 1, 0, 0, 0, 0, 0, 0, 0, 0, 0, 0, 0, 0, 0, 0, 0], [0, 0, 1, 0, 0, 0, 0, 0, 0, 0, 0, 0, 0, 0, 0, 0, 0], [0, 0, 0, 1, 0, 0, 0, 0, 0, 0, 0, 0, 0, 0, 0, 0, 0], [0, 0, 0, 0, 1, 0, 0, 0, 0, 0, 0, 0, 0, 0, 0, 0, 0], [0, 0, 0, 0, 0, 1, 0, 0, 0, 0, 0, 0, 0, 0, 0, 0, 0], [0, 0, 0, 0, 0, 0, 1, 0, 0, 0, 0, 0, 0, 0, 0, 0, 0], [0, 0, 0, 0, 0, 0, 0, 1, 0, 0, 0, 0, 0, 0, 0, 0, 0], [0, 0, 0, 0, 0, 0, 0, 0, 1, 0, 0, 0, 0, 0, 0, 0, 0], [0, 0, 0, 0, 0, 0, 0, 0, 0, 1, 0, 0, 0, 0, 0, 0, 0], [0, 0, 0, 0, 0, 0, 0, 0, 0, 0, 1, 0, 0, 0, 0, 0, 0], [0, 0, 0, 0, 0, 0, 0, 0, 0, 0, 0, 1, 0, 0, 0, 0, 0], [0, 0, 0, 0, 0, 0, 0, 0, 0, 0, 0, 0, 1, 0, 0, 0, 0], [0, 0, 0, 0, 0, 0, 0, 0, 0, 0, 0, 0, 0, 1, 0, 0, 0], [0, 0, 0, 0, 0, 0, 0, 0, 0, 0, 0, 0, 0, 0, 1, 0, 0], [0, 0, 0, 0, 0, 0, 0, 0, 0, 0, 0, 0, 0, 0, 0, 1, 0], [0, 0, 0, 0, 0, 0, 0, 0, 0, 0, 0, 0, 0, 0, 0, 0, 1]]
[[1, 0, 0, 0, 0, 0, 0, 0, 0, 0, 0, 0, 0, 0, 0, 0, 0], [0, 1, 0, 0, 0, 0, 0, 0, 0, 0, 0, 0, 0, 0, 0, 0, 0], [0, 0, 1, 0, 0, 0, 0, 0, 0, 0, 0, 0, 0, 0, 0, 0, 0], [0, 0, 0, 1, 0, 0, 0, 0, 0, 0, 0, 0, 0, 0, 0, 0, 0], [0, 0, 0, 0, 1, 0, 0, 0, 0, 0, 0, 0, 0, 0, 0, 0, 0], [0, 0, 0, 0, 0, 1, 0, 0, 0, 0, 0, 0, 0, 0, 0, 0, 0], [0, 0, 0, 0, 0, 0, 1, 0, 0, 0, 0, 0, 0, 0, 0, 0, 0], [0, 0, 0, 0, 0, 0, 0, 1, 0, 0, 0, 0, 0, 0, 0, 0, 0], [0, 0, 0, 0, 0, 0, 0, 0, 1, 0, 0, 0, 0, 0, 0, 0, 0], [0, 0, 0, 0, 0, 0, 0, 0, 0, 1, 0, 0, 0, 0, 0, 0, 0], [0, 0, 0, 0, 0, 0, 0, 0, 0, 0, 1, 0, 0, 0, 0, 0, 0], [0, 0, 0, 0, 0, 0, 0, 0, 0, 0, 0, 1, 0, 0, 0, 0, 0], [0, 0, 0, 0, 0, 0, 0, 0, 0, 0, 0, 0, 1, 0, 0, 0, 0], [0, 0, 0, 0, 0, 0, 0, 0, 0, 0, 0, 0, 0, 1, 0, 0, 0], [0, 0, 0, 0, 0, 0, 0, 0, 0, 0, 0, 0, 0, 0, 1, 0, 0], [0, 0, 0, 0, 0, 0, 0, 0, 0, 0, 0, 0, 0, 0, 0, 1, 0], [0, 0, 0, 0, 0, 0, 0, 0, 0, 0, 0, 0, 0, 0, 0, 0, 1]]
[[1, 0, 0, 0, 0, 0, 0, 0, 0, 0, 0, 0, 0, 0, 0, 0, 0], [0, 1, 0, 0, 0, 0, 0, 0, 0, 0, 0, 0, 0, 0, 0, 0, 0], [0, 0, 1, 0, 0, 0, 0, 0, 0, 0, 0, 0, 0, 0, 0, 0, 0], [0, 0, 0, 1, 0, 0, 0, 0, 0, 0, 0, 0, 0, 0, 0, 0, 0], [0, 0, 0, 0, 1, 0, 0, 0, 0, 0, 0, 0, 0, 0, 0, 0, 0], [0, 0, 0, 0, 0, 1, 0, 0, 0, 0, 0, 0, 0, 0, 0, 0, 0], [0, 0, 0, 0, 0, 0, 1, 0, 0, 0, 0, 0, 0, 0, 0, 0, 0], [0, 0, 0, 0, 0, 0, 0, 1, 0, 0, 0, 0, 0, 0, 0, 0, 0], [0, 0, 0, 0, 0, 0, 0, 0, 1, 0, 0, 0, 0, 0, 0, 0, 0], [0, 0, 0, 0, 0, 0, 0, 0, 0, 1, 0, 0, 0, 0, 0, 0, 0], [0, 0, 0, 0, 0, 0, 0, 0, 0, 0, 1, 0, 0, 0, 0, 0, 0], [0, 0, 0, 0, 0, 0, 0, 0, 0, 0, 0, 1, 0, 0, 0, 0, 0], [0, 0, 0, 0, 0, 0, 0, 0, 0, 0, 0, 0, 1, 0, 0, 0, 0], [0, 0, 0, 0, 0, 0, 0, 0, 0, 0, 0, 0, 0, 1, 0, 0, 0], [0, 0, 0, 0, 0, 0, 0, 0, 0, 0, 0, 0, 0, 0, 1, 0, 0], [0, 0, 0, 0, 0, 0, 0, 0, 0, 0, 0, 0, 0, 0, 0, 1, 0], [0, 0, 0, 0, 0, 0, 0, 0, 0, 0, 0, 0, 0, 0, 0, 0, 1]]
[[1, 0, 0, 0, 0, 0, 0, 0, 0, 0, 0, 0, 0, 0, 0, 0, 0], [0, 1, 0, 0, 0, 0, 0, 0, 0, 0, 0, 0, 0, 0, 0, 0, 0], [0, 0, 1, 0, 0, 0, 0, 0, 0, 0, 0, 0, 0, 0, 0, 0, 0], [0, 0, 0, 1, 0, 0, 0, 0, 0, 0, 0, 0, 0, 0, 0, 0, 0], [0, 0, 0, 0, 1, 0, 0, 0, 0, 0, 0, 0, 0, 0, 0, 0, 0], [0, 0, 0, 0, 0, 1, 0, 0, 0, 0, 0, 0, 0, 0, 0, 0, 0], [0, 0, 0, 0, 0, 0, 1, 0, 0, 0, 0, 0, 0, 0, 0, 0, 0], [0, 0, 0, 0, 0, 0, 0, 1, 0, 0, 0, 0, 0, 0, 0, 0, 0], [0, 0, 0, 0, 0, 0, 0, 0, 1, 0, 0, 0, 0, 0, 0, 0, 0], [0, 0, 0, 0, 0, 0, 0, 0, 0, 1, 0, 0, 0, 0, 0, 0, 0], [0, 0, 0, 0, 0, 0, 0, 0, 0, 0, 1, 0, 0, 0, 0, 0, 0], [0, 0, 0, 0, 0, 0, 0, 0, 0, 0, 0, 1, 0, 0, 0, 0, 0], [0, 0, 0, 0, 0, 0, 0, 0, 0, 0, 0, 0, 1, 0, 0, 0, 0], [0, 0, 0, 0, 0, 0, 0, 0, 0, 0, 0, 0, 0, 1, 0, 0, 0], [0, 0, 0, 0, 0, 0, 0, 0, 0, 0, 0, 0, 0, 0, 1, 0, 0], [0, 0, 0, 0, 0, 0, 0, 0, 0, 0, 0, 0, 0, 0, 0, 1, 0], [0, 0, 0, 0, 0, 0, 0, 0, 0, 0, 0, 0, 0, 0, 0, 0, 1]]
[[1, 0, 0, 0, 0, 0, 0, 0, 0, 0, 0, 0, 0, 0, 0, 0, 0], [0, 1, 0, 0, 0, 0, 0, 0, 0, 0, 0, 0, 0, 0, 0, 0, 0], [0, 0, 1, 0, 0, 0, 0, 0, 0, 0, 0, 0, 0, 0, 0, 0, 0], [0, 0, 0, 1, 0, 0, 0, 0, 0, 0, 0, 0, 0, 0, 0, 0, 0], [0, 0, 0, 0, 1, 0, 0, 0, 0, 0, 0, 0, 0, 0, 0, 0, 0], [0, 0, 0, 0, 0, 1, 0, 0, 0, 0, 0, 0, 0, 0, 0, 0, 0], [0, 0, 0, 0, 0, 0, 1, 0, 0, 0, 0, 0, 0, 0, 0, 0, 0], [0, 0, 0, 0, 0, 0, 0, 1, 0, 0, 0, 0, 0, 0, 0, 0, 0], [0, 0, 0, 0, 0, 0, 0, 0, 1, 0, 0, 0, 0, 0, 0, 0, 0], [0, 0, 0, 0, 0, 0, 0, 0, 0, 1, 0, 0, 0, 0, 0, 0, 0], [0, 0, 0, 0, 0, 0, 0, 0, 0, 0, 1, 0, 0, 0, 0, 0, 0], [0, 0, 0, 0, 0, 0, 0, 0, 0, 0, 0, 1, 0, 0, 0, 0, 0], [0, 0, 0, 0, 0, 0, 0, 0, 0, 0, 0, 0, 1, 0, 0, 0, 0], [0, 0, 0, 0, 0, 0, 0, 0, 0, 0, 0, 0, 0, 1, 0, 0, 0], [0, 0, 0, 0, 0, 0, 0, 0, 0, 0, 0, 0, 0, 0, 1, 0, 0], [0, 0, 0, 0, 0, 0, 0, 0, 0, 0, 0, 0, 0, 0, 0, 1, 0], [0, 0, 0, 0, 0, 0, 0, 0, 0, 0, 0, 0, 0, 0, 0, 0, 1]]
[[1, 1, 1, 1, 1, 2, 0, 1, -2, 0, 4, 3, 5, 3, 5, 5, -1], [1, 0, 1, 0, -1, 1, 0, 1, -2, 1, 1, 1, 1, 1, 2, 1, 0], [-1, 1, -1, 0, 0, -2, 1, -1, 2, 0, -2, -1, -2, -1, -2, -2, 0], [1, -1, 1, 1, -1, 1, 0, 1, -2, 1, 1, 1, 1, 1, 2, 1, 0], [1, -1, 1, 1, 1, 1, 1, 0, 0, 0, 0, 0, 0, 0, -1, 0, 0], [1, -1, 1, 0, -1, 2, 0, 1, -2, 1, 1, 1, 1, 1, 2, 1, 0], [-2, 1, -2, -2, 1, -3, -1, -2, 4, -2, -4, -4, -5, -4, -6, -5, 1], [-2, 1, -2, -1, -1, -3, -1, -2, 2, 0, -4, -4, -5, -4, -4, -4, 0], [-1, 1, -1, 0, 0, -1, 0, -1, 1, 0, 0, 0, 0, 0, 1, 1, -1], [0, 0, 0, 0, 1, 0, 0, 0, 0, 0, 1, 1, 1, 1, 1, 2, -1], [1, 0, 0, 0, 0, 1, -1, 1, -2, 1, 2, 2, 2, 2, 3, 3, 0], [2, -1, 3, 1, -2, 4, 0, 3, -6, 3, 5, 5, 6, 4, 8, 5, 0], [0, 0, 0, 0, 1, 0, 0, 0, 0, -1, 1, 1, 2, 1, 1, 2, -1], [1, -1, 1, 1, 0, 1, 1, 0, 0, 0, 0, 0, 0, 1, -1, 0, 0], [0, 0, 0, 1, 1, 0, 1, -1, 2, -1, -1, -1, -1, -1, -2, -1, 0], [-4, 2, -4, -3, 0, -6, -1, -3, 6, -2, -6, -6, -8, -6, -8, -8, 1], [-3, 1, -3, -2, 1, -5, 0, -3, 6, -3, -5, -5, -7, -5, -8, -7, 1]]
[[0, -2, 1, -1, -1, 1, 0, 1, -1, -1, 2, 2, 2, 1, 1, 0, 0], [-3, 1, -2, -1, -1, -3, -1, -2, 2, 0, -3, -2, -3, -3, -2, -2, 0], [-4, 1, -4, -3, 0, -6, -1, -3, 6, -2, -7, -6, -9, -6, -10, -9, 2], [1, 1, 0, 1, 1, 0, 0, 0, -1, 1, 0, -1, -1, 0, 0, 1, 0], [1, 0, 0, 1, 1, 0, 1, 0, 1, 0, -1, -2, -2, 0, -2, -1, 0], [0, 1, 0, 1, 0, 0, 0, 0, -1, 1, 1, 1, 2, 1, 3, 3, -1], [2, -1, 3, 1, -2, 5, 0, 3, -6, 2, 6, 7, 9, 5, 10, 7, -1], [0, 1, 0, 1, 0, 0, 0, -1, -1, 1, 0, 0, 0, 0, 1, 1, 0], [-1, 0, -1, -1, 0, -1, -1, -1, 1, -1, -1, -1, -1, -1, -2, -1, 0], [2, -1, 1, 1, 1, 2, 0, 1, -1, -1, 2, 1, 2, 2, 1, 2, 0], [1, 0, 0, 1, 0, 1, -1, 0, -1, 0, 1, 1, 2, 1, 2, 3, -1], [-1, 1, -1, 0, -1, -2, -1, -1, 0, 0, -1, -2, -2, -2, -1, -1, 0], [3, -2, 3, 1, 0, 5, 1, 3, -4, 1, 5, 5, 6, 5, 6, 5, 0], [-3, 1, -3, -2, 2, -5, 0, -3, 7, -2, -7, -7, -9, -6, -10, -8, 1], [-1, 0, -1, -1, 1, -2, 1, -1, 3, -1, -3, -3, -4, -2, -5, -4, 0], [0, 0, 1, 0, -2, 2, -1, 1, -3, 1, 3, 4, 5, 2, 5, 3, 0], [1, -1, 2, 0, -1, 3, 0, 2, -3, 1, 3, 4, 5, 3, 4, 3, 0]]
[[-1, -1, 0, -2, -1, -2, 0, 1, 1, -1, -1, -1, -2, -2, -3, -4, 1], [1, 1, 1, 1, 0, 2, 0, 0, -2, 1, 2, 2, 3, 2, 4, 4, -1], [0, 1, -1, 0, 1, -2, 0, -1, 3, -1, -3, -3, -4, -2, -5, -4, 1], [1, 0, 1, 2, 0, 2, 0, 0, -2, 1, 2, 2, 3, 2, 4, 4, -1], [0, 0, 0, 0, 1, 0, 0, 0, 0, 0, 0, 0, 0, 0, 0, 0, 0], [1, 0, 1, 1, 0, 3, 0, 0, -2, 1, 2, 2, 3, 2, 4, 4, -1], [0, 0, 0, 0, 0, 0, 1, 0, 0, 0, 0, 0, 0, 0, 0, 0, 0], [0, 1, 0, 1, 0, 1, 0, -1, 0, 1, 0, 0, 1, 0, 2, 2, -1], [-1, 0, -1, -1, -1, -2, -1, 0, 1, 0, -2, -2, -3, -2, -3, -3, 1], [1, -1, 1, 0, 0, 1, 0, 2, -2, 1, 2, 2, 2, 2, 2, 2, 0], [-1, 0, -1, -1, -1, -1, -1, 0, -1, 1, 0, 1, 0, 0, 1, 1, 0], [2, 0, 2, 2, 0, 3, 0, 0, -3, 1, 3, 2, 3, 2, 4, 4, -1], [1, -1, 1, 0, 0, 1, 0, 2, -2, 0, 2, 2, 3, 2, 2, 2, 0], [0, 0, 0, 0, 0, 0, 0, 0, 0, 0, 0, 0, 0, 1, 0, 0, 0], [-1, 0, -1, -1, 0, -2, 0, 0, 2, -1, -2, -2, -3, -2, -3, -4, 1], [-2, 1, -2, -1, 0, -3, 0, -2, 4, -1, -4, -4, -5, -4, -6, -5, 1], [-1, 0, -1, -1, 0, -2, 0, 0, 2, -1, -2, -2, -3, -2, -4, -4, 2]]
[[1, 0, 0, 0, 0, 0, 0, 0, 0, 0, 0, 0, 0, 0, 0, 0, 0], [0, 1, 0, 0, 0, 0, 0, 0, 0, 0, 0, 0, 0, 0, 0, 0, 0], [0, 0, 1, 0, 0, 0, 0, 0, 0, 0, 0, 0, 0, 0, 0, 0, 0], [0, 0, 0, 1, 0, 0, 0, 0, 0, 0, 0, 0, 0, 0, 0, 0, 0], [0, 0, 0, 0, 1, 0, 0, 0, 0, 0, 0, 0, 0, 0, 0, 0, 0], [0, 0, 0, 0, 0, 1, 0, 0, 0, 0, 0, 0, 0, 0, 0, 0, 0], [0, 0, 0, 0, 0, 0, 1, 0, 0, 0, 0, 0, 0, 0, 0, 0, 0], [0, 0, 0, 0, 0, 0, 0, 1, 0, 0, 0, 0, 0, 0, 0, 0, 0], [0, 0, 0, 0, 0, 0, 0, 0, 1, 0, 0, 0, 0, 0, 0, 0, 0], [0, 0, 0, 0, 0, 0, 0, 0, 0, 1, 0, 0, 0, 0, 0, 0, 0], [0, 0, 0, 0, 0, 0, 0, 0, 0, 0, 1, 0, 0, 0, 0, 0, 0], [0, 0, 0, 0, 0, 0, 0, 0, 0, 0, 0, 1, 0, 0, 0, 0, 0], [0, 0, 0, 0, 0, 0, 0, 0, 0, 0, 0, 0, 1, 0, 0, 0, 0], [0, 0, 0, 0, 0, 0, 0, 0, 0, 0, 0, 0, 0, 1, 0, 0, 0], [0, 0, 0, 0, 0, 0, 0, 0, 0, 0, 0, 0, 0, 0, 1, 0, 0], [0, 0, 0, 0, 0, 0, 0, 0, 0, 0, 0, 0, 0, 0, 0, 1, 0], [0, 0, 0, 0, 0, 0, 0, 0, 0, 0, 0, 0, 0, 0, 0, 0, 1]]
[[0, 0, 0, -1, 0, -1, 0, 0, -1, 0, 0, 1, 0, 0, 0, -1, 1], [-1, 0, 0, -1, -1, 0, 0, 1, 0, 1, 0, 1, 1, 0, 1, 0, 0], [0, -1, 1, 0, -1, 0, 0, 1, -2, 1, 1, 1, 1, 1, 1, 1, 0], [1, 0, 0, 1, -1, 1, -1, 1, -1, 0, 1, 0, 1, 1, 1, 1, 0], [-1, 1, -2, 0, 2, -3, 0, -3, 5, -2, -5, -6, -7, -4, -8, -5, 0], [0, 0, 0, 0, 0, 1, 0, 0, 1, 0, 0, 0, 0, 0, 0, 0, 0], [-1, 0, 0, -1, 0, 0, 0, 0, 0, 0, 0, 1, 1, -1, 1, 0, 0], [1, -1, 1, 0, 0, 2, 0, 2, -1, 0, 2, 2, 3, 2, 2, 2, 0], [2, -1, 2, 1, 0, 2, 1, 2, -3, 1, 3, 3, 3, 3, 3, 2, 1], [3, 0, 2, 2, 1, 3, 1, 1, -3, 1, 3, 2, 3, 3, 3, 3, 0], [2, 0, 2, 1, 0, 3, 1, 2, -3, 1, 4, 3, 4, 3, 5, 3, 0], [1, 0, 0, 0, -1, 1, -1, 2, -2, 1, 2, 2, 2, 2, 3, 2, 0], [-1, 1, -1, 0, 1, -2, 0, -2, 2, -1, -2, -2, -2, -2, -3, -2, 0], [0, 0, 0, 1, 0, 0, 1, -1, 1, 0, -1, -1, -1, 0, -1, 0, -1], [-2, 0, -2, -1, 1, -4, 0, -3, 5, -2, -6, -6, -8, -5, -9, -7, 1], [1, -1, 2, 0, -1, 3, 0, 3, -5, 2, 5, 6, 7, 4, 8, 6, 0], [-2, 0, -1, -1, 0, -2, 0, -1, 1, 0, -2, -1, -2, -2, -2, -2, 1]]
[[1, 0, 0, 0, 0, -1, 0, 0, 0, 0, -1, -1, -2, -1, -2, -2, 1], [1, 1, 0, 1, 1, 1, 0, 0, 0, 0, 1, 0, 1, 1, 1, 2, -1], [1, 0, 1, 1, 1, 1, 0, 0, 0, 0, 1, 0, 1, 1, 1, 2, -1], [-1, 0, 0, 0, -1, 1, 0, 0, 0, 0, 1, 2, 3, 1, 3, 2, -1], [-1, 0, 0, -1, 0, 0, 0, 0, 0, 0, 0, 1, 1, 0, 1, 0, 0], [0, 0, 0, 0, 0, 1, 0, 0, 0, 0, 0, 0, 0, 0, 0, 0, 0], [1, 0, 0, 1, 1, 0, 1, 0, 0, 0, 0, -1, -1, 0, -1, 0, 0], [0, 0, 0, 0, 0, 1, 0, 1, 0, 0, 1, 1, 2, 1, 2, 2, -1], [0, 0, 0, 0, 0, -1, 0, 0, 1, 0, -1, -1, -2, -1, -2, -2, 1], [-1, 0, 0, -1, -1, -1, 0, 0, 0, 1, -1, 0, -1, -1, -1, -2, 1], [-1, 0, 0, -1, -1, -1, 0, 0, 0, 0, 0, 0, -1, -1, -1, -2, 1], [0, 0, 0, 0, 0, 1, 0, 0, 0, 0, 1, 2, 2, 1, 2, 2, -1], [0, 0, 0, 0, 0, -1, 0, 0, 0, 0, -1, -1, -1, -1, -2, -2, 1], [0, 0, 0, 0, 0, 0, 0, 0, 0, 0, 0, 0, 0, 1, 0, 0, 0], [0, 0, 0, 0, 0, 0, 0, 0, 0, 0, 0, 0, 0, 0, 1, 0, 0], [1, 0, 0, 1, 1, 0, 0, 0, 0, 0, 0, -1, -1, 0, -1, 1, 0], [1, 0, 0, 1, 1, 0, 0, 0, 0, 0, 0, -1, -1, 0, -1, 0, 1]]
[[0, 0, -1, 0, 2, -2, 1, -2, 4, -1, -4, -4, -5, -3, -6, -4, 0], [0, 0, 0, 0, 1, 0, 0, 0, 0, 0, 0, 0, 0, 0, -1, 0, 0], [1, -1, 2, 0, -1, 3, -1, 2, -4, 1, 4, 4, 6, 3, 6, 5, -1], [0, 0, 0, 0, -2, 1, -1, 1, -2, 0, 2, 2, 3, 2, 3, 2, 0], [-1, 1, -1, -1, -1, -1, -1, 0, 0, 0, 0, 0, 0, 0, 1, 0, 0], [0, 0, 0, 0, 0, 0, 0, 0, 0, 0, 0, 0, -1, 0, -1, -1, 1], [-1, 0, -1, 0, 1, -2, 1, -1, 2, 0, -2, -2, -3, -2, -3, -2, 0], [1, -1, 1, 0, 0, 1, 0, 2, -2, 0, 2, 2, 2, 2, 1, 1, 1], [2, -1, 2, 1, 1, 3, 1, 1, -1, 0, 2, 2, 3, 2, 2, 2, 0], [2, 0, 2, 1, 0, 3, 1, 1, -2, 1, 2, 2, 3, 2, 3, 2, 0], [1, 0, 1, 1, 2, 1, 2, -1, 2, -1, -1, -2, -2, -1, -3, -2, 0], [-1, 0, -1, -1, 0, -1, 0, -1, 2, -1, -2, -1, -2, -1, -3, -2, 0], [-1, 1, -1, 0, 0, -2, 0, -1, 2, 0, -2, -2, -2, -2, -2, -2, 0], [2, 0, 2, 1, -2, 4, -1, 3, -6, 2, 6, 6, 8, 5, 10, 7, -1], [-1, 0, -1, -1, -1, -1, -1, 0, 0, 0, 0, 0, 0, 0, 1, 0, 0], [1, -1, 1, 1, 2, 1, 1, 0, 0, 0, 0, 0, 0, 0, -1, 1, 0], [-1, 0, -1, 0, 1, -1, 0, -1, 2, 0, -2, -2, -2, -2, -2, -1, 0]]
[[-2, 2, -3, -1, 1, -4, 0, -3, 5, -1, -5, -5, -6, -4, -5, -4, -1], [3, -1, 3, 1, 0, 4, 1, 3, -4, 1, 4, 4, 5, 4, 4, 3, 1], [3, -1, 4, 2, -1, 5, 1, 3, -6, 2, 6, 6, 8, 5, 9, 7, -1], [1, -1, 1, 1, 0, 1, 0, 1, -1, 0, 1, 1, 1, 1, 0, 0, 1], [0, 0, 0, 0, 0, 0, -1, 0, -1, 0, 1, 1, 1, 0, 1, 1, 0], [1, -1, 1, 0, 0, 2, 0, 1, -1, 0, 1, 1, 1, 1, 0, 0, 1], [-3, 1, -3, -2, 1, -5, 0, -3, 6, -2, -6, -6, -8, -5, -9, -7, 1], [1, -1, 1, 0, 0, 1, 0, 2, -1, 0, 1, 1, 1, 1, 0, 0, 1], [1, 0, 1, 1, 0, 2, 1, 1, -1, 1, 2, 2, 3, 2, 4, 3, -1], [-1, 1, -1, 0, 0, -1, 0, -1, 1, 1, -1, -1, -1, -1, 0, 0, -1], [0, 0, 0, 0, 1, 0, 1, 0, 1, 0, 0, -1, -1, 0, -1, -1, 0], [1, -1, 1, 0, 1, 1, 1, 1, 0, 0, 0, 1, 0, 1, -1, -1, 1], [-3, 2, -3, -1, 0, -4, -1, -3, 4, -1, -4, -4, -4, -4, -4, -3, -1], [3, -1, 3, 2, -2, 5, 0, 3, -7, 2, 7, 7, 9, 6, 10, 8, -1], [0, 0, 0, 0, -1, 0, -1, 0, -1, 0, 1, 1, 1, 0, 2, 1, 0], [0, 0, 0, 0, 1, 0, 1, 0, 1, 0, -1, -1, -1, 0, -1, 0, 0], [-1, 1, -1, 0, 0, -1, 0, -1, 1, 0, -1, -1, -1, -1, 0, 0, 0]]
[[1, 0, 0, 0, 0, 0, 0, 0, 0, 0, 0, 0, 0, 0, 0, 0, 0], [0, 1, 0, 0, 0, 0, 0, 0, 0, 0, 0, 0, 0, 0, 0, 0, 0], [0, 0, 1, 0, 0, 0, 0, 0, 0, 0, 0, 0, 0, 0, 0, 0, 0], [0, 0, 0, 1, 0, 0, 0, 0, 0, 0, 0, 0, 0, 0, 0, 0, 0], [0, 0, 0, 0, 1, 0, 0, 0, 0, 0, 0, 0, 0, 0, 0, 0, 0], [0, 0, 0, 0, 0, 1, 0, 0, 0, 0, 0, 0, 0, 0, 0, 0, 0], [0, 0, 0, 0, 0, 0, 1, 0, 0, 0, 0, 0, 0, 0, 0, 0, 0], [0, 0, 0, 0, 0, 0, 0, 1, 0, 0, 0, 0, 0, 0, 0, 0, 0], [0, 0, 0, 0, 0, 0, 0, 0, 1, 0, 0, 0, 0, 0, 0, 0, 0], [0, 0, 0, 0, 0, 0, 0, 0, 0, 1, 0, 0, 0, 0, 0, 0, 0], [0, 0, 0, 0, 0, 0, 0, 0, 0, 0, 1, 0, 0, 0, 0, 0, 0], [0, 0, 0, 0, 0, 0, 0, 0, 0, 0, 0, 1, 0, 0, 0, 0, 0], [0, 0, 0, 0, 0, 0, 0, 0, 0, 0, 0, 0, 1, 0, 0, 0, 0], [0, 0, 0, 0, 0, 0, 0, 0, 0, 0, 0, 0, 0, 1, 0, 0, 0], [0, 0, 0, 0, 0, 0, 0, 0, 0, 0, 0, 0, 0, 0, 1, 0, 0], [0, 0, 0, 0, 0, 0, 0, 0, 0, 0, 0, 0, 0, 0, 0, 1, 0], [0, 0, 0, 0, 0, 0, 0, 0, 0, 0, 0, 0, 0, 0, 0, 0, 1]]
[[-1, -1, 0, -2, -1, -2, 0, 1, 1, -1, -1, -1, -2, -2, -3, -4, 1], [1, 1, 1, 1, 0, 2, 0, 0, -2, 1, 2, 2, 3, 2, 4, 4, -1], [0, 1, -1, 0, 1, -2, 0, -1, 3, -1, -3, -3, -4, -2, -5, -4, 1], [1, 0, 1, 2, 0, 2, 0, 0, -2, 1, 2, 2, 3, 2, 4, 4, -1], [0, 0, 0, 0, 1, 0, 0, 0, 0, 0, 0, 0, 0, 0, 0, 0, 0], [1, 0, 1, 1, 0, 3, 0, 0, -2, 1, 2, 2, 3, 2, 4, 4, -1], [0, 0, 0, 0, 0, 0, 1, 0, 0, 0, 0, 0, 0, 0, 0, 0, 0], [0, 1, 0, 1, 0, 1, 0, -1, 0, 1, 0, 0, 1, 0, 2, 2, -1], [-1, 0, -1, -1, -1, -2, -1, 0, 1, 0, -2, -2, -3, -2, -3, -3, 1], [1, -1, 1, 0, 0, 1, 0, 2, -2, 1, 2, 2, 2, 2, 2, 2, 0], [-1, 0, -1, -1, -1, -1, -1, 0, -1, 1, 0, 1, 0, 0, 1, 1, 0], [2, 0, 2, 2, 0, 3, 0, 0, -3, 1, 3, 2, 3, 2, 4, 4, -1], [1, -1, 1, 0, 0, 1, 0, 2, -2, 0, 2, 2, 3, 2, 2, 2, 0], [0, 0, 0, 0, 0, 0, 0, 0, 0, 0, 0, 0, 0, 1, 0, 0, 0], [-1, 0, -1, -1, 0, -2, 0, 0, 2, -1, -2, -2, -3, -2, -3, -4, 1], [-2, 1, -2, -1, 0, -3, 0, -2, 4, -1, -4, -4, -5, -4, -6, -5, 1], [-1, 0, -1, -1, 0, -2, 0, 0, 2, -1, -2, -2, -3, -2, -4, -4, 2]]
[[1, 0, 0, 0, 0, 0, 0, 0, 0, 0, 0, 0, 0, 0, 0, 0, 0], [0, 1, 0, 0, 0, 0, 0, 0, 0, 0, 0, 0, 0, 0, 0, 0, 0], [0, 0, 1, 0, 0, 0, 0, 0, 0, 0, 0, 0, 0, 0, 0, 0, 0], [0, 0, 0, 1, 0, 0, 0, 0, 0, 0, 0, 0, 0, 0, 0, 0, 0], [0, 0, 0, 0, 1, 0, 0, 0, 0, 0, 0, 0, 0, 0, 0, 0, 0], [0, 0, 0, 0, 0, 1, 0, 0, 0, 0, 0, 0, 0, 0, 0, 0, 0], [0, 0, 0, 0, 0, 0, 1, 0, 0, 0, 0, 0, 0, 0, 0, 0, 0], [0, 0, 0, 0, 0, 0, 0, 1, 0, 0, 0, 0, 0, 0, 0, 0, 0], [0, 0, 0, 0, 0, 0, 0, 0, 1, 0, 0, 0, 0, 0, 0, 0, 0], [0, 0, 0, 0, 0, 0, 0, 0, 0, 1, 0, 0, 0, 0, 0, 0, 0], [0, 0, 0, 0, 0, 0, 0, 0, 0, 0, 1, 0, 0, 0, 0, 0, 0], [0, 0, 0, 0, 0, 0, 0, 0, 0, 0, 0, 1, 0, 0, 0, 0, 0], [0, 0, 0, 0, 0, 0, 0, 0, 0, 0, 0, 0, 1, 0, 0, 0, 0], [0, 0, 0, 0, 0, 0, 0, 0, 0, 0, 0, 0, 0, 1, 0, 0, 0], [0, 0, 0, 0, 0, 0, 0, 0, 0, 0, 0, 0, 0, 0, 1, 0, 0], [0, 0, 0, 0, 0, 0, 0, 0, 0, 0, 0, 0, 0, 0, 0, 1, 0], [0, 0, 0, 0, 0, 0, 0, 0, 0, 0, 0, 0, 0, 0, 0, 0, 1]]

Generators of monodromy action on conics:
(61,92)(62,91)(67,95)(68,96)(73,77)(74,78)(97,127)(98,128)(103,131)(104,132)(109,114)(110,113)(145,171)(146,172)(151,179)(152,180)(163,168)(164,167)(193,195)(194,196)(199,227)(200,228)(205,225)(206,226)(229,385)(230,386)(231,340)(232,339)(233,392)(234,391)(235,329)(236,330)(241,358)(242,357)(243,323)(244,324)(247,303)(248,304)(249,309)(250,310)(253,291)(254,292)(257,288)(258,287)(263,283)(264,284)(269,277)(270,278)(317,350)(318,349)(331,362)(332,361)(335,381)(336,382)(337,388)(338,387)(343,379)(344,380)(345,369)(346,370)
(13,30)(14,29)(15,28)(16,27)(17,25)(18,26)(19,35)(20,36)(21,33)(22,34)(23,31)(24,32)(61,156)(62,155)(63,148)(64,147)(65,146)(66,145)(67,153)(68,154)(69,149)(70,150)(71,152)(72,151)(73,159)(74,160)(75,161)(76,162)(77,157)(78,158)(79,166)(80,165)(81,168)(82,167)(83,163)(84,164)(85,171)(86,172)(87,179)(88,180)(89,178)(90,177)(91,170)(92,169)(93,173)(94,174)(95,176)(96,175)(97,197)(98,198)(99,195)(100,196)(101,204)(102,203)(103,211)(104,212)(105,207)(106,208)(107,193)(108,194)(109,209)(110,210)(111,200)(112,199)(113,201)(114,202)(115,206)(116,205)(117,213)(118,214)(119,215)(120,216)(121,219)(122,220)(123,217)(124,218)(125,227)(126,228)(127,221)(128,222)(129,225)(130,226)(131,223)(132,224)(133,140)(134,139)(135,141)(136,142)(137,143)(138,144)(229,238)(230,237)(231,245)(232,246)(239,241)(240,242)(243,251)(244,252)(253,267)(254,268)(257,273)(258,274)(261,264)(262,263)(269,276)(270,275)(277,289)(278,290)(283,297)(284,298)(285,287)(286,288)(291,299)(292,300)(303,330)(304,329)(305,385)(306,386)(307,389)(308,390)(309,391)(310,392)(311,357)(312,358)(313,378)(314,377)(317,381)(318,382)(321,365)(322,366)(323,383)(324,384)(327,379)(328,380)(331,373)(332,374)(337,359)(338,360)(339,341)(340,342)(343,347)(344,348)(345,353)(346,354)(355,361)(356,362)(367,387)(368,388)(369,375)(370,376)
(7,42)(8,41)(9,39)(10,40)(11,38)(12,37)(49,189)(50,190)(51,192)(52,191)(53,182)(54,181)(55,184)(56,183)(57,188)(58,187)(59,186)(60,185)(63,89)(64,90)(69,94)(70,93)(75,80)(76,79)(97,226)(98,225)(99,210)(100,209)(101,207)(102,208)(103,228)(104,227)(105,204)(106,203)(107,201)(108,202)(109,196)(110,195)(111,223)(112,224)(113,193)(114,194)(115,221)(116,222)(117,220)(118,219)(119,217)(120,218)(121,214)(122,213)(123,215)(124,216)(125,212)(126,211)(127,206)(128,205)(129,198)(130,197)(131,200)(132,199)(147,177)(148,178)(149,174)(150,173)(161,165)(162,166)(229,323)(230,324)(231,357)(232,358)(237,384)(238,383)(239,341)(240,342)(241,339)(242,340)(243,385)(244,386)(245,311)(246,312)(251,305)(252,306)(255,295)(256,296)(259,293)(260,294)(265,279)(266,280)(271,281)(272,282)(319,352)(320,351)(327,360)(328,359)(333,371)(334,372)(337,380)(338,379)(343,387)(344,388)(347,367)(348,368)
(7,42)(8,41)(9,39)(10,40)(11,38)(12,37)(13,35)(14,36)(15,34)(16,33)(17,31)(18,32)(19,30)(20,29)(21,27)(22,28)(23,25)(24,26)(49,192)(50,191)(51,189)(52,190)(53,188)(54,187)(55,186)(56,185)(57,182)(58,181)(59,184)(60,183)(61,151)(62,152)(63,178)(64,177)(65,176)(66,175)(67,146)(68,145)(69,174)(70,173)(71,170)(72,169)(73,163)(74,164)(75,165)(76,166)(77,168)(78,167)(79,162)(80,161)(81,159)(82,160)(83,157)(84,158)(85,154)(86,153)(87,156)(88,155)(89,148)(90,147)(91,180)(92,179)(93,150)(94,149)(95,172)(96,171)(97,128)(98,127)(99,100)(101,105)(102,106)(103,132)(104,131)(107,108)(109,113)(110,114)(111,112)(115,116)(117,122)(118,121)(119,123)(120,124)(125,126)(129,130)(133,134)(135,136)(137,138)(139,140)(141,142)(143,144)(193,196)(194,195)(197,198)(199,228)(200,227)(201,202)(203,208)(204,207)(205,226)(206,225)(209,210)(211,212)(213,220)(214,219)(215,217)(216,218)(221,222)(223,224)(229,386)(230,385)(231,339)(232,340)(233,391)(234,392)(235,330)(236,329)(237,238)(239,240)(241,357)(242,358)(243,324)(244,323)(245,246)(247,304)(248,303)(249,310)(250,309)(251,252)(253,269)(254,270)(255,280)(256,279)(257,264)(258,263)(259,281)(260,282)(261,286)(262,285)(265,296)(266,295)(267,289)(268,290)(271,293)(272,294)(273,298)(274,297)(275,300)(276,299)(277,291)(278,292)(283,287)(284,288)(301,302)(305,306)(307,308)(311,312)(313,314)(315,316)(317,349)(318,350)(319,334)(320,333)(321,322)(325,326)(327,328)(331,370)(332,369)(335,382)(336,381)(337,387)(338,388)(341,342)(343,380)(344,379)(345,361)(346,362)(347,348)(351,371)(352,372)(353,374)(354,373)(355,375)(356,376)(359,360)(363,364)(365,366)(367,368)(377,378)(383,384)(389,390)
(1,7)(2,8)(3,9)(4,10)(5,11)(6,12)(13,20)(14,19)(15,21)(16,22)(17,24)(18,23)(25,32)(26,31)(27,34)(28,33)(29,35)(30,36)(37,44)(38,43)(39,46)(40,45)(41,48)(42,47)(49,52)(50,51)(53,58)(54,57)(55,60)(56,59)(61,132)(62,131)(63,118)(64,117)(65,129)(66,130)(67,127)(68,128)(69,119)(70,120)(71,125)(72,126)(73,113)(74,114)(75,101)(76,102)(77,110)(78,109)(79,105)(80,106)(81,108)(82,107)(83,100)(84,99)(85,115)(86,116)(87,111)(88,112)(89,122)(90,121)(91,103)(92,104)(93,123)(94,124)(95,97)(96,98)(133,140)(134,139)(135,141)(136,142)(137,143)(138,144)(145,226)(146,225)(147,213)(148,214)(149,215)(150,216)(151,228)(152,227)(153,221)(154,222)(155,223)(156,224)(157,210)(158,209)(159,201)(160,202)(161,204)(162,203)(163,196)(164,195)(165,208)(166,207)(167,193)(168,194)(169,212)(170,211)(171,206)(172,205)(173,217)(174,218)(175,198)(176,197)(177,219)(178,220)(179,200)(180,199)(229,278)(230,277)(231,287)(232,288)(237,289)(238,290)(239,297)(240,298)(241,283)(242,284)(243,291)(244,292)(245,285)(246,286)(251,299)(252,300)(253,323)(254,324)(255,265)(256,266)(257,339)(258,340)(259,272)(260,271)(261,311)(262,312)(263,358)(264,357)(267,383)(268,384)(269,386)(270,385)(273,341)(274,342)(275,305)(276,306)(307,389)(308,390)(313,378)(314,377)(319,371)(320,372)(321,365)(322,366)(327,375)(328,376)(331,387)(332,388)(337,361)(338,362)(343,345)(344,346)(347,353)(348,354)(355,359)(356,360)(367,373)(368,374)(369,379)(370,380)
(1,48)(2,47)(3,45)(4,46)(5,44)(6,43)(7,41)(8,42)(9,40)(10,39)(11,37)(12,38)(13,36)(14,35)(15,33)(16,34)(17,32)(18,31)(19,29)(20,30)(21,28)(22,27)(23,26)(24,25)
