
#########################################################
# DATA FOR CRYSTALLOGRAPHIC QUARTIC SURFACE FAMILY 32.8 #
#########################################################


##################
# GROUP & FAMILY #
##################

Generators of crystallographic group:
[[0, 0, -1, 0], [0, 0, 0, -1], [-1, 0, 0, 0], [0, -1, 0, 0]]
[[1, 0, 0, 0], [0, 1, 0, 0], [0, 0, -1, 0], [0, 0, 0, -1]]
[[0, 0, -1, 0], [0, 0, 0, -1], [0, 1, 0, 0], [-1, 0, 0, 0]]

Invariant polynomials:
x^4 + y^4 + z^4 + w^4
-x^3*y + x*y^3 - z^3*w + z*w^3
x^2*y^2 + z^2*w^2
x^2*z^2 + y^2*z^2 + x^2*w^2 + y^2*w^2

Equivalent crystallographic groups:

############
# HOMOLOGY #
############


Intersection product:
[[-4, 0, -1, 0, 0, 0, 0, 1, 3, 0, -3, 1, -1, -2, 1, -2, -3, 0, 1, 0, -1, -1], [0, -2, -1, -1, -1, -1, 0, 0, -1, -2, 0, 0, 0, 0, 3, -1, -1, 1, -2, 1, 1, 1], [-1, -1, -2, -1, -1, -1, -1, 0, 0, -1, -1, 0, 0, 0, 3, -1, -2, 1, -1, 1, 0, 1], [0, -1, -1, -2, -1, -1, -1, -1, -2, -1, 1, -1, 1, 1, 2, 0, 0, 1, -2, 1, 1, 2], [0, -1, -1, -1, -2, -1, -1, -1, -2, -1, 1, -1, 1, 1, 2, 0, 0, 1, -2, 1, 1, 2], [0, -1, -1, -1, -1, -2, -1, -1, -2, -1, 1, -1, 1, 1, 2, 0, 0, 1, -2, 1, 1, 2], [0, 0, -1, -1, -1, -1, -2, -1, -1, 1, 1, -1, 1, 1, -1, 1, 1, 0, 0, 0, 0, 1], [1, 0, 0, -1, -1, -1, -1, -2, -2, 0, 2, -1, 1, 1, -1, 1, 2, 0, -1, 0, 1, 1], [3, -1, 0, -2, -2, -2, -1, -2, -6, -1, 4, -2, 2, 3, 1, 2, 3, 1, -3, 1, 2, 3], [0, -2, -1, -1, -1, -1, 1, 0, -1, -4, 0, 0, 0, 0, 5, -2, -2, 2, -3, 2, 2, 2], [-3, 0, -1, 1, 1, 1, 1, 2, 4, 0, -4, 1, -1, -2, 1, -2, -3, 0, 1, 0, -1, -1], [1, 0, 0, -1, -1, -1, -1, -1, -2, 0, 1, -2, 1, 1, -1, 1, 2, 0, -1, 0, 1, 1], [-1, 0, 0, 1, 1, 1, 1, 1, 2, 0, -1, 1, -2, -1, 1, -2, -2, 0, 1, 0, -1, -1], [-2, 0, 0, 1, 1, 1, 1, 1, 3, 0, -2, 1, -1, -2, 0, -2, -2, 0, 1, -1, -1, -1], [1, 3, 3, 2, 2, 2, -1, -1, 1, 5, 1, -1, 1, 0, -8, 4, 4, -3, 3, -3, -2, -3], [-2, -1, -1, 0, 0, 0, 1, 1, 2, -2, -2, 1, -2, -2, 4, -4, -4, 1, -1, 1, 0, 1], [-3, -1, -2, 0, 0, 0, 1, 2, 3, -2, -3, 2, -2, -2, 4, -4, -6, 1, 0, 1, -1, 1], [0, 1, 1, 1, 1, 1, 0, 0, 1, 2, 0, 0, 0, 0, -3, 1, 1, -2, 1, -1, -1, -1], [1, -2, -1, -2, -2, -2, 0, -1, -3, -3, 1, -1, 1, 1, 3, -1, 0, 1, -4, 1, 2, 3], [0, 1, 1, 1, 1, 1, 0, 0, 1, 2, 0, 0, 0, -1, -3, 1, 1, -1, 1, -2, -1, -1], [-1, 1, 0, 1, 1, 1, 0, 1, 2, 2, -1, 1, -1, -1, -2, 0, -1, -1, 2, -1, -2, -1], [-1, 1, 1, 2, 2, 2, 1, 1, 3, 2, -1, 1, -1, -1, -3, 1, 1, -1, 3, -1, -1, -4]]

Basis of the generic Picard lattice:
[1, 0, 0, 0, 0, 0, 0, 0, 0, 0, 0, 0, 0, 0, 0, 0, 0, 0, 1, 1, 0, 0]
[0, 1, 0, 0, 0, 0, 0, 0, 0, 0, 0, 0, 0, 0, 0, 1, 0, 0, 2, 1, -1, 1]
[0, 0, 1, 0, 0, 0, 0, 0, 0, 0, 0, 0, 0, 0, 0, 0, 0, 0, 2, 1, -1, 2]
[0, 0, 0, 1, 0, 0, 0, 0, 0, 0, 0, 0, 0, 0, 0, 1, 0, 0, 3, 2, -3, 2]
[0, 0, 0, 0, 1, 0, 0, 0, 0, 0, 0, 0, 0, 0, 0, 0, 0, 0, 1, 1, -2, 1]
[0, 0, 0, 0, 0, 1, 0, 0, 0, 0, 0, 0, 0, 0, 0, 1, 0, 0, 1, 1, -2, 0]
[0, 0, 0, 0, 0, 0, 1, 0, 0, 0, 0, 0, 0, 0, 0, 1, 0, 0, 1, 1, -2, 1]
[0, 0, 0, 0, 0, 0, 0, 1, 0, 0, 0, 0, 0, 0, 0, 0, 0, 0, 0, 0, 0, 1]
[0, 0, 0, 0, 0, 0, 0, 0, 1, 0, 0, 0, 0, 0, 0, 1, 0, 0, 1, 1, -2, 1]
[0, 0, 0, 0, 0, 0, 0, 0, 0, 1, 0, 0, 0, 0, 0, 0, 0, 0, 0, 1, -1, -1]
[0, 0, 0, 0, 0, 0, 0, 0, 0, 0, 1, 0, 0, 0, 0, 1, 0, 0, 1, 1, -2, -1]
[0, 0, 0, 0, 0, 0, 0, 0, 0, 0, 0, 1, 0, 0, 0, 1, 0, 0, 0, 0, 0, 0]
[0, 0, 0, 0, 0, 0, 0, 0, 0, 0, 0, 0, 1, 0, 0, 0, 0, 0, 2, 1, -2, 1]
[0, 0, 0, 0, 0, 0, 0, 0, 0, 0, 0, 0, 0, 1, 0, 1, 0, 0, 2, 1, -2, 0]
[0, 0, 0, 0, 0, 0, 0, 0, 0, 0, 0, 0, 0, 0, 1, 0, 0, 0, 1, -2, 2, 1]
[0, 0, 0, 0, 0, 0, 0, 0, 0, 0, 0, 0, 0, 0, 0, 2, 0, 0, 3, 2, -3, 1]
[0, 0, 0, 0, 0, 0, 0, 0, 0, 0, 0, 0, 0, 0, 0, 0, 1, 0, 1, 2, -3, 0]
[0, 0, 0, 0, 0, 0, 0, 0, 0, 0, 0, 0, 0, 0, 0, 0, 0, 1, 1, 0, -1, 1]

Class of hyperplane section:
[0, 0, 0, 0, 0, 0, 0, 0, 0, 0, 0, 0, -1, -2, 0, 2, 0, 0, 0, 1, 0, 1]

Action of the group on homology:
[[0, 0, 0, 0, 0, 0, 0, 0, 0, 1, 0, 0, 0, 0, -2, 1, 1, -1, 1, -1, 0, -1], [-1, 0, 0, 0, -1, 0, 0, 0, 0, 0, 0, 0, 0, 0, -1, 0, 0, -1, 0, 0, 0, 0], [0, 0, 0, 0, 0, -1, 0, 0, -1, 0, 0, 0, 0, 0, 1, 0, 0, 1, 0, 0, 0, 0], [1, 1, 1, 1, 1, 1, 0, 0, 1, 0, 0, 0, 0, 0, 0, 0, 0, 0, 0, 0, -1, 0], [1, -1, 0, 0, 0, 0, 0, 0, 0, -2, 0, 0, 0, 0, 3, -1, -1, 1, -2, 1, 0, 1], [0, 0, -1, 0, 0, 0, -1, 0, 1, -1, -1, 0, 0, 0, 3, -1, -2, 1, -1, 1, -1, 1], [-1, 0, 0, 0, 0, 0, 0, 0, 0, 2, 1, 0, 0, 0, -3, 1, 1, -1, 2, -1, 1, -1], [-1, 0, 0, 0, 0, 0, 1, 1, 0, 0, -1, 0, 0, 0, -1, 0, 0, -1, 0, 0, 0, 0], [-1, 0, 0, 0, 0, 0, 1, 0, -1, 2, 1, 0, 0, 0, -4, 1, 2, -1, 2, -1, 1, -1], [-1, 0, 0, 0, 0, 0, 0, 0, 0, 2, 0, 0, 0, 0, -2, 1, 1, -1, 1, -1, 0, -1], [-1, 0, 0, 0, 0, 0, 1, 0, 0, 0, 0, 0, 0, 0, -1, 0, 0, -1, 0, 0, 1, 0], [0, 0, 0, 0, 0, 0, 0, 0, 0, 0, 0, 1, 0, 0, 0, 0, 0, 0, 0, 0, -1, 0], [-1, 0, 0, 0, 0, 0, 0, 0, 1, 0, -1, 0, 1, 0, -1, 1, 0, -1, 0, -1, 0, -1], [0, 0, 0, 0, 0, 0, 0, 0, -1, 1, 1, 0, 0, 1, -1, 0, 1, 0, 1, 0, -1, 0], [0, 0, 0, 0, 0, 0, 0, 0, 0, 0, 0, 0, 0, 0, 0, 0, -1, 0, 0, 0, 0, 0], [1, 0, 0, 0, 0, 0, 0, 0, -1, 0, 1, 0, 0, 0, 1, 0, 0, 1, 0, 1, 1, 1], [0, 0, 0, 0, 0, 0, 0, 0, 0, 0, 0, 0, 0, 0, -1, 0, 0, 0, 0, 0, 0, 0], [-1, 0, 0, 0, 0, 0, 0, 0, 0, 1, 0, 0, 0, 0, -1, 0, 1, 0, 1, 0, 0, 0], [1, 0, 0, 0, 0, 0, 0, 0, 0, -1, 0, 0, 0, 0, 1, 0, -1, 1, 0, 0, 0, 0], [0, 0, 0, 0, 0, 0, 0, 0, 0, 0, 0, 0, 0, 0, 0, 1, 1, 0, 0, 0, 1, -1], [0, 0, 0, 0, 0, 0, 0, 0, 0, 0, 0, 0, 0, 0, 0, 0, 0, 0, 0, 0, -1, 0], [1, 0, 0, 0, 0, 0, 0, 0, -1, 0, 1, 0, 0, 0, 0, 0, 0, 1, 0, 0, 0, 1]]
[[0, 1, 0, 0, 0, 1, -1, 0, 1, 2, 0, 0, 0, 0, -3, 1, 1, -1, 2, -1, -1, -1], [-1, 0, 0, -1, 0, 0, 0, 0, 0, 0, 0, 0, 0, 0, 0, 0, 0, 0, 0, 0, 0, 0], [1, 1, 1, 1, 0, 0, 0, 0, 0, 0, 0, 0, 0, 0, 0, 0, 0, 0, 0, 0, 0, 0], [0, -2, 0, 0, 0, -1, 1, 0, -1, -2, 0, 0, 0, 0, 3, -1, -1, 1, -2, 1, 1, 1], [1, -2, 0, 0, 0, -1, 1, 0, -1, -3, 0, 0, 0, 0, 4, -1, -1, 1, -3, 1, 1, 1], [1, -2, 0, 0, 0, -1, 1, 0, -1, -3, 0, 0, 0, 0, 4, -1, -2, 1, -3, 1, 1, 1], [-2, 3, -1, 0, 0, 2, -2, 0, 2, 5, 0, 0, 0, 0, -6, 2, 2, -1, 5, -2, -2, -2], [-1, 0, 0, -1, 0, 0, 0, 0, 0, 0, 0, 0, 1, 0, -1, 0, 0, 0, 0, 0, 0, 1], [-1, 3, 0, 0, 1, 2, -1, 0, 2, 4, 0, 0, 0, 0, -5, 1, 2, -1, 4, -1, -1, -1], [0, 2, 0, 0, -1, 1, -2, -1, 0, 3, 1, -1, 1, 1, -4, 2, 2, -1, 2, -1, -1, 0], [-2, 1, -1, -1, 0, 1, -1, 0, 1, 2, 0, 0, 0, 0, -2, 0, 0, 0, 2, 0, -1, 0], [2, -1, 1, 0, 0, -1, 1, 0, -2, -2, 1, 0, 0, 1, 2, 0, 0, 0, -2, 1, 1, 1], [-1, 0, -1, -1, -1, 0, -2, 0, 0, 1, 0, -1, 1, 1, -1, 1, 0, 0, 1, 0, -1, 0], [1, 0, 1, 0, 0, 0, 1, -1, -1, -1, 1, 0, 1, 1, 0, 0, 1, 0, -1, 0, 1, 1], [-1, 1, -1, 0, 0, 0, -1, 0, 1, 1, -1, 0, 0, 0, 0, 0, -1, 0, 1, 0, -1, 0], [0, 1, 0, 1, 1, 1, 1, 1, 1, 1, -1, 1, -1, -1, 0, 0, 0, 0, 1, 0, 0, -1], [0, 0, 0, 0, 1, -1, 0, 0, 0, 0, 0, 0, 0, 0, 0, 0, 0, 0, 0, 0, 0, 0], [1, 1, 2, 1, 1, 1, 1, 0, 0, 1, 1, 0, 0, 0, -3, 1, 2, -1, 1, -1, 0, -1], [-1, 0, -1, 1, 0, 0, 0, 1, 2, 0, -2, 1, -1, -1, 1, -1, -2, 0, 1, 0, -1, -1], [0, 0, 0, 0, 0, 0, -1, 0, 0, 1, 1, 0, 0, 0, -1, 1, 1, 0, 1, 0, 0, -1], [0, -1, 0, 0, -1, 0, 1, 0, 0, -2, -1, 0, 0, 0, 2, -1, -1, 0, -2, 1, 1, 1], [0, 0, 0, 1, 1, 0, 1, 1, 1, 0, -1, 1, -1, -1, 1, -1, -1, 0, 0, 0, 0, 0]]
[[1, 0, 0, -1, 0, 0, 0, 0, -1, 0, 1, 0, -1, 0, 0, -1, 0, 0, 0, 0, 0, 1], [-1, 0, 0, 0, 1, 1, 1, 1, 2, 0, -1, 1, -1, -1, -1, -1, -1, -1, 1, 0, 0, -1], [1, 0, 0, 0, 0, 0, 0, 0, 0, -1, 0, 0, 0, 0, 1, 0, 0, 1, 0, 0, 0, 0], [-1, 1, 1, 2, 1, 0, 0, 0, 1, 2, -1, 0, 1, 0, -2, 2, 1, -1, 1, -1, -1, -2], [-1, 1, 1, 2, 0, 0, -1, 0, 1, 2, -1, -1, 1, 0, -2, 2, 1, -1, 1, -1, -1, -2], [-1, 1, 1, 2, 0, 0, -1, -1, 1, 2, 0, 0, 1, 0, -2, 2, 1, -1, 1, -1, -1, -2], [2, -2, -2, -4, -1, -1, 0, -1, -4, -3, 3, -1, 0, 2, 4, -2, 0, 2, -3, 3, 3, 5], [-1, 0, 0, 0, 1, 1, 1, 1, 2, 0, -1, 1, -1, -1, -1, -1, -1, 0, 1, 0, 0, -1], [1, -2, -2, -3, 0, 0, 1, 0, -1, -3, 1, 0, -1, 0, 3, -3, -1, 2, -2, 2, 2, 3], [2, -1, -1, -2, 0, 0, 0, 0, -2, -1, 2, 0, -1, 1, 2, -1, 0, 1, -1, 1, 1, 2], [0, -1, -1, -2, 0, 0, 0, 0, -1, -1, 1, 0, 0, 1, 2, -1, -1, 1, -1, 2, 1, 2], [-1, 1, 1, 2, 1, 1, 1, 1, 3, 1, -2, 1, -1, -2, -2, 0, 0, -1, 2, -2, -1, -3], [1, 0, 1, -1, 0, 0, 0, 0, -2, 0, 2, 0, 0, 1, 0, 0, 0, 0, 0, 0, 0, 1], [-1, 0, -1, 1, 1, 1, 1, 1, 3, 0, -2, 1, -1, -1, -1, -1, -1, 0, 2, -1, -1, -2], [0, -1, -1, -2, -1, -1, -1, -1, -2, -1, 1, -1, 1, 1, 2, 0, 0, 1, -2, 1, 1, 2], [0, -1, -1, -1, -1, -1, 0, -1, -1, -2, 0, -1, 0, 0, 3, -1, 0, 1, -3, 2, 2, 2], [-1, 0, 0, 0, 0, 0, 0, 0, 1, 0, -1, 0, 1, -1, -1, 0, 0, 0, 0, -1, 0, 0], [0, 0, 0, 1, 1, 1, 1, 1, 2, 0, -1, 1, -1, -1, 0, -1, 0, 0, 1, 0, 0, -1], [0, 0, 0, -1, -1, -1, -1, -1, -2, 0, 1, -1, 1, 1, 0, 1, 1, 0, -1, 0, 0, 1], [1, 1, 1, 0, 0, 0, 0, 0, -1, 0, 1, 0, 0, 0, 0, 0, 0, 0, 0, 0, 0, 1], [-1, 0, 0, 1, 1, 1, 1, 1, 2, 1, -1, 1, -2, -1, -2, 0, 0, -1, 2, -1, -1, -3], [0, 0, 0, 0, 0, 0, 0, -1, 0, 0, 0, -1, 1, 0, -1, 1, 2, 0, -1, 0, 1, 0]]

####################
# ALGEBRAIC CURVES #
####################


There are 416 conics:
[1, 0, 0, -1, -1, -1, 2, 0, 2, 1, 1, -1, 0, -2, 1, 2, 0, 0, 1, 1, -1, 1]
[-1, 0, 0, 1, 1, 1, -2, 0, -2, -1, -1, 1, -1, 0, -1, 0, 0, 0, -1, 0, 1, 0]
[1, 0, 0, -1, -2, -1, 3, 0, 2, 1, 1, -2, 0, -2, 1, 2, 0, 0, 1, 1, -1, 1]
[-1, 0, 0, 1, 2, 1, -3, 0, -2, -1, -1, 2, -1, 0, -1, 0, 0, 0, -1, 0, 1, 0]
[1, 1, 0, -2, -2, -2, 3, 1, 3, 2, 2, -2, 1, -2, 1, 1, 0, 0, 0, 1, -1, 0]
[-1, -1, 0, 2, 2, 2, -3, -1, -3, -2, -2, 2, -2, 0, -1, 1, 0, 0, 0, 0, 1, 1]
[1, 0, 0, -1, -2, -1, 3, 0, 2, 2, 1, -1, 1, -2, 1, 1, 0, 0, 0, 1, -1, 0]
[-1, 0, 0, 1, 2, 1, -3, 0, -2, -2, -1, 1, -2, 0, -1, 1, 0, 0, 0, 0, 1, 1]
[0, 1, -1, 1, 1, 0, -1, 0, -1, -1, 0, 1, 0, -1, -1, 0, 0, 0, -1, 1, 0, 0]
[0, -1, 1, -1, -1, 0, 1, 0, 1, 1, 0, -1, -1, -1, 1, 2, 0, 0, 1, 0, 0, 1]
[0, 0, 1, 0, 0, 0, -1, 0, 0, 0, 0, 1, -1, 0, -1, 0, 0, 1, -1, 1, 0, 0]
[0, 0, -1, 0, 0, 0, 1, 0, 0, 0, 0, -1, 0, -2, 1, 2, 0, -1, 1, 0, 0, 1]
[0, 0, 0, 0, 1, 1, -2, 1, -1, -1, 0, 1, 0, -1, -1, 0, 0, 0, -1, 1, 0, 0]
[0, 0, 0, 0, -1, -1, 2, -1, 1, 1, 0, -1, -1, -1, 1, 2, 0, 0, 1, 0, 0, 1]
[0, 0, 0, 0, 1, 0, -1, 0, -1, 0, -1, 1, -1, 0, -1, 0, 0, 1, -1, 1, 0, 0]
[0, 0, 0, 0, -1, 0, 1, 0, 1, 0, 1, -1, 0, -2, 1, 2, 0, -1, 1, 0, 0, 1]
[0, 0, 0, 0, 0, 1, 0, -1, -1, 0, -1, 0, 0, -2, 0, 1, 0, 0, 1, 1, 0, 1]
[0, 0, 0, 0, 0, -1, 0, 1, 1, 0, 1, 0, -1, 0, 0, 1, 0, 0, -1, 0, 0, 0]
[0, 0, 0, 0, 1, 0, 0, 0, -1, 0, 0, 0, 0, -1, 0, 0, 0, -1, 0, 1, 0, 0]
[0, 0, 0, 0, -1, 0, 0, 0, 1, 0, 0, 0, -1, -1, 0, 2, 0, 1, 0, 0, 0, 1]
[0, 0, 0, 0, 1, 0, -1, 0, -1, 0, 0, 1, 0, -1, 0, 0, 0, 0, 0, 0, 1, 0]
[0, 0, 0, 0, -1, 0, 1, 0, 1, 0, 0, -1, -1, -1, 0, 2, 0, 0, 0, 1, -1, 1]
[0, 1, -1, 1, 0, 1, -1, 1, -1, 0, 0, 0, 0, -1, 0, 0, 0, 0, 0, 0, 1, 0]
[0, -1, 1, -1, 0, -1, 1, -1, 1, 0, 0, 0, -1, -1, 0, 2, 0, 0, 0, 1, -1, 1]
[1, -1, 1, -2, -2, -2, 4, -1, 3, 2, 1, -2, 0, -2, 1, 3, -1, 0, 1, 1, -1, 1]
[-1, 1, -1, 2, 2, 2, -4, 1, -3, -2, -1, 2, -1, 0, -1, -1, 1, 0, -1, 0, 1, 0]
[1, 0, 0, -1, -1, -1, 2, 0, 1, 2, 1, -1, 1, -2, 1, 1, -1, 0, 1, 0, 1, 0]
[-1, 0, 0, 1, 1, 1, -2, 0, -1, -2, -1, 1, -2, 0, -1, 1, 1, 0, -1, 1, -1, 1]
[1, 0, 0, -1, -1, -1, 3, 0, 1, 2, 1, -2, 1, -2, 1, 1, -1, -1, 1, 1, 0, 0]
[-1, 0, 0, 1, 1, 1, -3, 0, -1, -2, -1, 2, -2, 0, -1, 1, 1, 1, -1, 0, 0, 1]
[1, 0, 0, -1, -2, -2, 3, 1, 3, 2, 2, -2, 0, -1, 1, 2, -1, 0, 0, 0, 0, 0]
[-1, 0, 0, 1, 2, 2, -3, -1, -3, -2, -2, 2, -1, -1, -1, 0, 1, 0, 0, 1, 0, 1]
[1, 0, 0, -1, -1, -1, 2, 0, 1, 2, 0, -1, 0, -1, 0, 1, -1, 1, 0, 1, 0, 0]
[-1, 0, 0, 1, 1, 1, -2, 0, -1, -2, 0, 1, -1, -1, 0, 1, 1, -1, 0, 0, 0, 1]
[1, 0, 0, -1, -1, 0, 1, 1, 1, 1, 1, -1, 1, -2, 0, 1, -1, 0, 0, 1, 0, 0]
[-1, 0, 0, 1, 1, 0, -1, -1, -1, -1, -1, 1, -2, 0, 0, 1, 1, 0, 0, 0, 0, 1]
[1, 0, 1, -1, -2, -1, 2, 0, 2, 2, 1, -1, 0, -1, 0, 1, -1, 1, 0, 1, 0, 0]
[-1, 0, -1, 1, 2, 1, -2, 0, -2, -2, -1, 1, -1, -1, 0, 1, 1, -1, 0, 0, 0, 1]
[1, 1, -1, 0, -1, -1, 2, 0, 1, 1, 1, -1, 1, -2, 0, 1, -1, 0, 0, 1, 0, 0]
[-1, -1, 1, 0, 1, 1, -2, 0, -1, -1, -1, 1, -2, 0, 0, 1, 1, 0, 0, 0, 0, 1]
[0, 0, 0, 0, 0, 0, 0, 0, 0, 0, 0, 1, 0, -1, 0, 0, 1, 0, -1, 1, -1, 0]
[0, 0, 0, 0, 0, 0, 0, 0, 0, 0, 0, -1, -1, -1, 0, 2, -1, 0, 1, 0, 1, 1]
[0, 1, 0, -1, 0, -1, 0, 1, 1, 0, 1, 0, 0, -1, 0, 0, 1, 0, -1, 1, -1, 0]
[0, -1, 0, 1, 0, 1, 0, -1, -1, 0, -1, 0, -1, -1, 0, 2, -1, 0, 1, 0, 1, 1]
[0, 0, 0, 0, 0, 0, 0, 0, 0, 1, 0, 0, 0, -1, 0, 1, -1, 0, 0, 0, 1, 0]
[0, 0, 0, 0, 0, 0, 0, 0, 0, -1, 0, 0, -1, -1, 0, 1, 1, 0, 0, 1, -1, 1]
[0, 0, 0, 0, 1, 0, -1, 0, 0, -1, 0, 1, -1, -1, 0, 1, 1, 0, 0, 1, -1, 1]
[0, 0, 0, 0, -1, 0, 1, 0, 0, 1, 0, -1, 0, -1, 0, 1, -1, 0, 0, 0, 1, 0]
[0, 1, -1, 1, 1, 1, -2, 1, -2, 0, 0, 1, 1, -1, -1, -1, -1, 0, -1, 0, 2, -1]
[0, -1, 1, -1, -1, -1, 2, -1, 2, 0, 0, -1, -2, -1, 1, 3, 1, 0, 1, 1, -2, 2]
[0, 1, 0, 0, 0, 0, 0, 0, 0, 0, 0, 0, -1, 0, -1, 1, -1, 1, -1, 0, 1, 0]
[0, -1, 0, 0, 0, 0, 0, 0, 0, 0, 0, 0, 0, -2, 1, 1, 1, -1, 1, 1, -1, 1]
[0, 0, 0, 1, 0, 0, -1, 0, 0, 0, 0, 1, -1, 0, -1, 1, -1, 1, -1, 0, 1, 0]
[0, 0, 0, -1, 0, 0, 1, 0, 0, 0, 0, -1, 0, -2, 1, 1, 1, -1, 1, 1, -1, 1]
[0, 0, 1, 0, 0, 0, -1, 0, 0, 1, -1, 1, -1, 1, -1, 0, -1, 1, -1, 0, 2, 0]
[0, 0, -1, 0, 0, 0, 1, 0, 0, -1, 1, -1, 0, -3, 1, 2, 1, -1, 1, 1, -2, 1]
[0, 0, 0, 1, 1, 1, -1, -1, -2, 0, -1, 1, 0, -1, -1, 0, -1, 0, 0, 1, 1, 0]
[0, 0, 0, -1, -1, -1, 1, 1, 2, 0, 1, -1, -1, -1, 1, 2, 1, 0, 0, 0, -1, 1]
[0, 0, 0, 1, 0, 0, -1, 0, -1, 0, 0, 0, 0, -1, -1, 0, -1, 0, 0, 1, 1, 0]
[0, 0, 0, -1, 0, 0, 1, 0, 1, 0, 0, 0, -1, -1, 1, 2, 1, 0, 0, 0, -1, 1]
[0, 0, 0, 1, 1, 1, -2, 0, -1, -1, -1, 1, -1, 0, -1, 1, -1, 0, 0, 0, 2, 1]
[0, 0, 0, -1, -1, -1, 2, 0, 1, 1, 1, -1, 0, -2, 1, 1, 1, 0, 0, 1, -2, 0]
[0, 0, 0, 1, 1, 1, -2, 0, -2, 0, -1, 1, -1, 0, -1, 0, -1, 1, 0, 0, 2, 0]
[0, 0, 0, -1, -1, -1, 2, 0, 2, 0, 1, -1, 0, -2, 1, 2, 1, -1, 0, 1, -2, 1]
[0, 0, 0, 0, 0, 0, 0, 0, 0, 0, 0, 0, 0, -1, -1, 1, -1, 0, -1, 1, 0, 0]
[0, 0, 0, 0, 0, 0, 0, 0, 0, 0, 0, 0, -1, -1, 1, 1, 1, 0, 1, 0, 0, 1]
[0, 0, 0, 0, 0, 0, 0, 0, 1, -1, 0, 0, -1, -1, 1, 2, 1, -1, 1, 0, 0, 2]
[0, 0, 0, 0, 0, 0, 0, 0, -1, 1, 0, 0, 0, -1, -1, 0, -1, 1, -1, 1, 0, -1]
[0, 0, 0, 0, 1, 1, -1, 0, -1, 0, -1, 1, -1, 0, -1, 1, -1, 1, -1, 0, 1, 0]
[0, 0, 0, 0, -1, -1, 1, 0, 1, 0, 1, -1, 0, -2, 1, 1, 1, -1, 1, 1, -1, 1]
[0, 0, 0, 0, 0, 0, 1, -1, 0, 0, 0, 0, 0, -2, 1, 1, 1, -1, 1, 1, -1, 1]
[0, 0, 0, 0, 0, 0, -1, 1, 0, 0, 0, 0, -1, 0, -1, 1, -1, 1, -1, 0, 1, 0]
[0, 0, 1, -1, -1, -1, 1, 0, 2, 1, 0, 0, -1, 0, 1, 1, 1, 0, 0, 0, 0, 1]
[0, 0, -1, 1, 1, 1, -1, 0, -2, -1, 0, 0, 0, -2, -1, 1, -1, 0, 0, 1, 0, 0]
[0, 0, 0, 0, 1, 1, -1, 0, -2, 0, -1, 0, 0, -1, -1, 0, -1, 0, 0, 1, 1, 0]
[0, 0, 0, 0, -1, -1, 1, 0, 2, 0, 1, 0, -1, -1, 1, 2, 1, 0, 0, 0, -1, 1]
[0, 1, 0, -1, -1, -1, 2, 0, 2, 0, 1, -1, -1, -1, 1, 2, 1, 0, 0, 0, -1, 1]
[0, -1, 0, 1, 1, 1, -2, 0, -2, 0, -1, 1, 0, -1, -1, 0, -1, 0, 0, 1, 1, 0]
[0, 1, -1, 0, 0, 0, 0, 1, 0, 0, 1, 0, 1, -2, 1, 0, 1, -1, 0, 0, 0, 0]
[0, -1, 1, 0, 0, 0, 0, -1, 0, 0, -1, 0, -2, 0, -1, 2, -1, 1, 0, 1, 0, 1]
[0, 0, 1, -1, -1, 0, 0, 0, 1, 0, 0, 0, -1, -1, 0, 1, 1, 1, 0, 1, -1, 1]
[0, 0, -1, 1, 1, 0, 0, 0, -1, 0, 0, 0, 0, -1, 0, 1, -1, -1, 0, 0, 1, 0]
[0, 0, 0, 0, 1, 0, 0, 0, -1, 1, 0, 0, 0, -1, 0, 0, -1, 0, 0, 0, 1, 0]
[0, 0, 0, 0, -1, 0, 0, 0, 1, -1, 0, 0, -1, -1, 0, 2, 1, 0, 0, 1, -1, 1]
[0, 0, 0, 0, 0, 0, 1, 0, -1, 1, 0, 0, 0, -1, 0, 1, -1, 0, 0, 0, 1, 0]
[0, 0, 0, 0, 0, 0, -1, 0, 1, -1, 0, 0, -1, -1, 0, 1, 1, 0, 0, 1, -1, 1]
[0, 0, 0, 0, 0, 0, 0, 1, 0, 0, 1, -1, 0, -1, 0, 1, -1, -1, 0, 0, 1, 0]
[0, 0, 0, 0, 0, 0, 0, -1, 0, 0, -1, 1, -1, -1, 0, 1, 1, 1, 0, 1, -1, 1]
[0, 0, 0, 0, 0, 1, -1, 0, -1, 0, -1, 1, 0, -1, 0, 0, 1, 0, 0, 1, 0, 0]
[0, 0, 0, 0, 0, -1, 1, 0, 1, 0, 1, -1, -1, -1, 0, 2, -1, 0, 0, 0, 0, 1]
[0, 0, 0, 0, 0, 1, 0, -1, 0, -1, -1, 0, -1, -1, 0, 1, 1, 0, 0, 1, -1, 1]
[0, 0, 0, 0, 0, -1, 0, 1, 0, 1, 1, 0, 0, -1, 0, 1, -1, 0, 0, 0, 1, 0]
[0, 0, 0, 0, 0, 1, -1, 0, 0, -1, 0, 1, 0, -2, 0, 1, 1, 0, 0, 1, -1, 1]
[0, 0, 0, 0, 0, -1, 1, 0, 0, 1, 0, -1, -1, 0, 0, 1, -1, 0, 0, 0, 1, 0]
[0, 1, -1, 0, 0, 0, 0, 0, 0, -1, 0, 0, 0, -2, 0, 1, 1, 0, 0, 1, -1, 1]
[0, -1, 1, 0, 0, 0, 0, 0, 0, 1, 0, 0, -1, 0, 0, 1, -1, 0, 0, 0, 1, 0]
[0, 1, -1, 0, 1, 1, -1, 0, -1, -1, 0, 0, 0, -2, 0, 0, 1, 0, 0, 1, -1, 0]
[0, -1, 1, 0, -1, -1, 1, 0, 1, 1, 0, 0, -1, 0, 0, 2, -1, 0, 0, 0, 1, 1]
[0, 0, 1, -1, 0, -1, 1, 0, 1, 1, 0, 0, -1, 0, 0, 2, -1, 0, 0, 0, 1, 1]
[0, 0, -1, 1, 0, 1, -1, 0, -1, -1, 0, 0, 0, -2, 0, 0, 1, 0, 0, 1, -1, 0]
[0, 0, 0, 0, 0, 1, -1, 1, 0, -1, 0, 0, -1, -1, 0, 1, 1, 0, 0, 1, -1, 1]
[0, 0, 0, 0, 0, -1, 1, -1, 0, 1, 0, 0, 0, -1, 0, 1, -1, 0, 0, 0, 1, 0]
[0, 0, 0, 0, 1, 0, -1, 0, 0, 0, 0, 0, -1, 0, 0, 1, -1, 0, 0, -1, 2, 0]
[0, 0, 0, 0, -1, 0, 1, 0, 0, 0, 0, 0, 0, -2, 0, 1, 1, 0, 0, 2, -2, 1]
[0, 1, 0, -1, -1, -1, 1, 1, 2, 0, 1, 0, -1, -1, 0, 2, 1, 1, -1, 1, -2, 1]
[0, -1, 0, 1, 1, 1, -1, -1, -2, 0, -1, 0, 0, -1, 0, 0, -1, -1, 1, 0, 2, 0]
[0, 1, -1, 0, 0, 0, 0, 1, 0, 0, 0, 0, 0, -1, 0, 0, 1, 0, -1, 1, -1, 0]
[0, -1, 1, 0, 0, 0, 0, -1, 0, 0, 0, 0, -1, -1, 0, 2, -1, 0, 1, 0, 1, 1]
[0, 1, 0, 0, 0, 0, -1, 1, 0, 0, 0, 1, 0, -1, 0, 0, 1, 0, 0, 1, 0, 1]
[0, -1, 0, 0, 0, 0, 1, -1, 0, 0, 0, -1, -1, -1, 0, 2, -1, 0, 0, 0, 0, 0]
[0, 1, -1, 1, 0, 0, 0, 0, 0, -1, 0, 0, -1, -1, 0, 1, 1, 0, 0, 1, -1, 1]
[0, -1, 1, -1, 0, 0, 0, 0, 0, 1, 0, 0, 0, -1, 0, 1, -1, 0, 0, 0, 1, 0]
[0, 1, 0, 0, -1, 0, 0, 1, 1, 0, 0, 1, -1, 0, 0, 1, 1, 1, -1, 0, 0, 1]
[0, -1, 0, 0, 1, 0, 0, -1, -1, 0, 0, -1, 0, -2, 0, 1, -1, -1, 1, 1, 0, 0]
[0, 1, 0, 0, -1, 0, 0, 1, 1, 0, 1, 0, 0, -1, 0, 0, 1, 0, -1, 1, -1, 0]
[0, -1, 0, 0, 1, 0, 0, -1, -1, 0, -1, 0, -1, -1, 0, 2, -1, 0, 1, 0, 1, 1]
[1, 1, 0, -1, -1, -2, 2, 1, 2, 2, 2, -1, 1, -1, 0, 0, -1, 0, -1, 1, 0, -1]
[-1, -1, 0, 1, 1, 2, -2, -1, -2, -2, -2, 1, -2, -1, 0, 2, 1, 0, 1, 0, 0, 2]
[1, 1, 0, -1, -1, -2, 2, 1, 2, 2, 1, 0, 0, 0, 0, 1, -1, 1, -1, 0, 1, 0]
[-1, -1, 0, 1, 1, 2, -2, -1, -2, -2, -1, 0, -1, -2, 0, 1, 1, -1, 1, 1, -1, 1]
[1, 0, 0, 0, -1, -1, 2, 0, 1, 1, 1, -1, 0, -1, 0, 1, -1, 0, 0, 1, 0, 0]
[-1, 0, 0, 0, 1, 1, -2, 0, -1, -1, -1, 1, -1, -1, 0, 1, 1, 0, 0, 0, 0, 1]
[1, 0, 1, -1, -1, -1, 1, 1, 1, 2, 1, 0, 1, -1, 0, 0, -1, 0, 0, 1, 1, 0]
[-1, 0, -1, 1, 1, 1, -1, -1, -1, -2, -1, 0, -2, -1, 0, 2, 1, 0, 0, 0, -1, 1]
[1, 0, 0, -1, -1, -1, 2, 1, 1, 2, 1, -1, 1, -1, 0, 0, -1, 0, -1, 1, 0, -1]
[-1, 0, 0, 1, 1, 1, -2, -1, -1, -2, -1, 1, -2, -1, 0, 2, 1, 0, 1, 0, 0, 2]
[1, 0, 1, -2, -2, -2, 3, 1, 3, 2, 2, -1, 0, -1, 0, 2, -1, 1, -1, 1, -1, 0]
[-1, 0, -1, 2, 2, 2, -3, -1, -3, -2, -2, 1, -1, -1, 0, 0, 1, -1, 1, 0, 1, 1]
[1, 0, 0, -1, -1, -2, 3, 0, 1, 2, 1, -1, 1, -2, 0, 1, -1, 0, 0, 2, -1, 0]
[-1, 0, 0, 1, 1, 2, -3, 0, -1, -2, -1, 1, -2, 0, 0, 1, 1, 0, 0, -1, 1, 1]
[1, 0, 0, -1, 0, -1, 1, 1, 1, 1, 1, -1, 0, -1, 0, 1, -1, 0, 0, 1, 0, 0]
[-1, 0, 0, 1, 0, 1, -1, -1, -1, -1, -1, 1, -1, -1, 0, 1, 1, 0, 0, 0, 0, 1]
[1, 0, -1, 0, 0, -1, 1, 0, 0, 1, 1, -1, 1, -2, 0, 0, -1, 0, 0, 1, 0, -1]
[-1, 0, 1, 0, 0, 1, -1, 0, 0, -1, -1, 1, -2, 0, 0, 2, 1, 0, 0, 0, 0, 2]
[1, 0, 0, -1, 0, 0, 1, 0, 0, 1, 1, -1, 1, -2, 0, 0, -1, 0, 0, 1, 0, -1]
[-1, 0, 0, 1, 0, 0, -1, 0, 0, -1, -1, 1, -2, 0, 0, 2, 1, 0, 0, 0, 0, 2]
[1, 0, 0, -1, -1, -1, 2, 0, 1, 1, 1, -1, 1, -2, 0, 1, -1, 0, 0, 1, 0, 0]
[-1, 0, 0, 1, 1, 1, -2, 0, -1, -1, -1, 1, -2, 0, 0, 1, 1, 0, 0, 0, 0, 1]
[1, 0, 0, -1, 0, -1, 1, 0, 1, 1, 1, 0, 1, -2, 0, 1, -1, 0, 0, 1, 0, 0]
[-1, 0, 0, 1, 0, 1, -1, 0, -1, -1, -1, 0, -2, 0, 0, 1, 1, 0, 0, 0, 0, 1]
[1, 0, 0, -1, 0, -1, 2, -1, 1, 1, 0, -1, 0, -1, 0, 1, -1, 0, 0, 1, 0, 0]
[-1, 0, 0, 1, 0, 1, -2, 1, -1, -1, 0, 1, -1, -1, 0, 1, 1, 0, 0, 0, 0, 1]
[1, 0, 0, -1, 0, -1, 1, 0, 0, 2, 0, 0, 1, -1, 0, 0, -1, 0, 0, 1, 1, -1]
[-1, 0, 0, 1, 0, 1, -1, 0, 0, -2, 0, 0, -2, -1, 0, 2, 1, 0, 0, 0, -1, 2]
[1, -1, 1, -1, -1, -1, 2, -1, 1, 2, 0, 0, 0, -1, 0, 1, -1, 1, 0, 1, 0, 0]
[-1, 1, -1, 1, 1, 1, -2, 1, -1, -2, 0, 0, -1, -1, 0, 1, 1, -1, 0, 0, 0, 1]
[1, -1, 1, -1, -1, -1, 1, 0, 2, 1, 1, -1, 0, -1, 0, 1, -1, 0, 0, 1, 0, 0]
[-1, 1, -1, 1, 1, 1, -1, 0, -2, -1, -1, 1, -1, -1, 0, 1, 1, 0, 0, 0, 0, 1]
[1, 0, 0, -1, -1, -2, 2, 0, 2, 1, 1, -1, 0, -1, 0, 2, -1, 0, 0, 1, 0, 0]
[-1, 0, 0, 1, 1, 2, -2, 0, -2, -1, -1, 1, -1, -1, 0, 0, 1, 0, 0, 0, 0, 1]
[1, 0, 1, -2, -1, -2, 2, 0, 2, 2, 1, -1, 0, -1, 0, 1, -1, 1, 0, 1, 0, 0]
[-1, 0, -1, 2, 1, 2, -2, 0, -2, -2, -1, 1, -1, -1, 0, 1, 1, -1, 0, 0, 0, 1]
[1, -1, 1, -2, -1, -1, 2, 0, 2, 1, 1, -1, 0, -2, 1, 2, 0, 0, 1, 1, -1, 1]
[-1, 1, -1, 2, 1, 1, -2, 0, -2, -1, -1, 1, -1, 0, -1, 0, 0, 0, -1, 0, 1, 0]
[1, -1, 0, -1, -1, -1, 3, -1, 1, 1, 1, -2, 1, -3, 1, 1, 0, -1, 1, 2, -2, 0]
[-1, 1, 0, 1, 1, 1, -3, 1, -1, -1, -1, 2, -2, 1, -1, 1, 0, 1, -1, -1, 2, 1]
[1, -1, 1, -2, -2, -2, 3, 0, 3, 2, 1, -1, 0, -1, 1, 2, 0, 0, 0, 1, -1, 0]
[-1, 1, -1, 2, 2, 2, -3, 0, -3, -2, -1, 1, -1, -1, -1, 0, 0, 0, 0, 0, 1, 1]
[1, 0, 0, -2, -1, -2, 3, 0, 3, 1, 2, -2, 0, -2, 1, 2, 0, 0, 0, 1, -2, 0]
[-1, 0, 0, 2, 1, 2, -3, 0, -3, -1, -2, 2, -1, 0, -1, 0, 0, 0, 0, 0, 2, 1]
[1, 0, 0, -2, -1, -2, 3, 0, 2, 2, 1, -1, 1, -2, 1, 1, 0, 0, 0, 1, -1, 0]
[-1, 0, 0, 2, 1, 2, -3, 0, -2, -2, -1, 1, -2, 0, -1, 1, 0, 0, 0, 0, 1, 1]
[1, 0, 0, -1, -1, -2, 3, -1, 2, 1, 1, -1, 0, -2, 1, 2, 0, 0, 1, 1, -1, 1]
[-1, 0, 0, 1, 1, 2, -3, 1, -2, -1, -1, 1, -1, 0, -1, 0, 0, 0, -1, 0, 1, 0]
[1, 0, 0, -1, -1, -1, 2, 0, 1, 1, 1, -1, 1, -2, 1, 1, 0, -1, 1, 1, 0, 0]
[-1, 0, 0, 1, 1, 1, -2, 0, -1, -1, -1, 1, -2, 0, -1, 1, 0, 1, -1, 0, 0, 1]
[1, 0, 0, -1, 0, -1, 1, 0, 1, 1, 1, -1, 1, -2, 1, 0, 0, -1, 1, 1, 0, 0]
[-1, 0, 0, 1, 0, 1, -1, 0, -1, -1, -1, 1, -2, 0, -1, 2, 0, 1, -1, 0, 0, 1]
[1, 0, 0, -1, -1, -1, 2, 0, 2, 1, 1, -1, 0, -1, 1, 1, 0, 0, 0, 0, 0, 0]
[-1, 0, 0, 1, 1, 1, -2, 0, -2, -1, -1, 1, -1, -1, -1, 1, 0, 0, 0, 1, 0, 1]
[1, 0, 1, -2, -2, -2, 3, 0, 3, 2, 2, -1, 1, -2, 1, 1, 0, 0, 0, 1, -1, 0]
[-1, 0, -1, 2, 2, 2, -3, 0, -3, -2, -2, 1, -2, 0, -1, 1, 0, 0, 0, 0, 1, 1]
[1, 0, 1, -2, -2, -3, 3, 1, 4, 2, 2, -1, 0, -1, 1, 2, 0, 0, 0, 1, -1, 1]
[-1, 0, -1, 2, 2, 3, -3, -1, -4, -2, -2, 1, -1, -1, -1, 0, 0, 0, 0, 0, 1, 0]
[1, 0, 1, -2, -2, -2, 3, 1, 3, 2, 2, -2, 0, -1, 1, 1, 0, 0, 0, 1, -1, 0]
[-1, 0, -1, 2, 2, 2, -3, -1, -3, -2, -2, 2, -1, -1, -1, 1, 0, 0, 0, 0, 1, 1]
[1, 0, 1, -2, -2, -2, 4, 0, 3, 2, 1, -1, 0, -1, 1, 2, 0, 0, 0, 1, -1, 1]
[-1, 0, -1, 2, 2, 2, -4, 0, -3, -2, -1, 1, -1, -1, -1, 0, 0, 0, 0, 0, 1, 0]
[1, 0, 0, -1, -1, -2, 3, 0, 2, 2, 1, -1, 0, -1, 1, 1, 0, 0, 0, 1, -1, 0]
[-1, 0, 0, 1, 1, 2, -3, 0, -2, -2, -1, 1, -1, -1, -1, 1, 0, 0, 0, 0, 1, 1]
[1, 1, 0, -2, -1, -2, 3, 1, 2, 2, 2, -1, 1, -2, 1, 1, 0, 0, 0, 1, -1, 0]
[-1, -1, 0, 2, 1, 2, -3, -1, -2, -2, -2, 1, -2, 0, -1, 1, 0, 0, 0, 0, 1, 1]
[1, 0, 0, -1, -2, -2, 3, 1, 2, 2, 2, -1, 1, -2, 1, 1, 0, 0, 0, 1, -1, 0]
[-1, 0, 0, 1, 2, 2, -3, -1, -2, -2, -2, 1, -2, 0, -1, 1, 0, 0, 0, 0, 1, 1]
[1, 0, 0, -1, -1, -1, 2, 1, 2, 1, 2, -1, 1, -2, 1, 1, 0, -1, 0, 1, -1, 0]
[-1, 0, 0, 1, 1, 1, -2, -1, -2, -1, -2, 1, -2, 0, -1, 1, 0, 1, 0, 0, 1, 1]
[1, 1, -1, -1, -1, -2, 3, 1, 2, 1, 2, -2, 1, -2, 1, 1, 0, -1, 0, 1, -1, 0]
[-1, -1, 1, 1, 1, 2, -3, -1, -2, -1, -2, 2, -2, 0, -1, 1, 0, 1, 0, 0, 1, 1]
[0, 1, -1, 1, 0, 1, -1, 1, -1, -1, 0, 0, 0, -1, -1, 0, 0, 0, -1, 1, 0, 0]
[0, -1, 1, -1, 0, -1, 1, -1, 1, 1, 0, 0, -1, -1, 1, 2, 0, 0, 1, 0, 0, 1]
[0, 1, -1, 1, 1, 1, -2, 1, -1, -1, 0, 1, 0, -1, -1, 0, 0, 0, -1, 1, 0, 0]
[0, -1, 1, -1, -1, -1, 2, -1, 1, 1, 0, -1, -1, -1, 1, 2, 0, 0, 1, 0, 0, 1]
[0, 1, -1, 1, 0, 0, -1, 1, -1, 0, 0, 1, 0, -1, -1, 0, 0, 1, -1, 1, 0, 0]
[0, -1, 1, -1, 0, 0, 1, -1, 1, 0, 0, -1, -1, -1, 1, 2, 0, -1, 1, 0, 0, 1]
[0, 1, 0, 0, 0, 1, -1, 1, -1, 0, 0, 1, 0, -1, -1, 0, 0, 1, -1, 1, 0, 0]
[0, -1, 0, 0, 0, -1, 1, -1, 1, 0, 0, -1, -1, -1, 1, 2, 0, -1, 1, 0, 0, 1]
[0, 0, 0, 1, 0, 1, -1, 0, -1, 0, -1, 1, -1, 0, -1, 0, 0, 1, -1, 1, 0, 0]
[0, 0, 0, -1, 0, -1, 1, 0, 1, 0, 1, -1, 0, -2, 1, 2, 0, -1, 1, 0, 0, 1]
[0, 1, 0, 0, 0, 0, 0, 0, 0, 0, -1, 1, -1, 0, -1, 1, 0, 1, -1, 1, 0, 1]
[0, -1, 0, 0, 0, 0, 0, 0, 0, 0, 1, -1, 0, -2, 1, 1, 0, -1, 1, 0, 0, 0]
[0, 1, 0, 0, 0, 0, -1, 1, 0, 0, 0, 0, -1, 0, -1, 0, 0, 1, -1, 1, 0, 0]
[0, -1, 0, 0, 0, 0, 1, -1, 0, 0, 0, 0, 0, -2, 1, 2, 0, -1, 1, 0, 0, 1]
[0, 0, 1, 0, -1, 0, -1, 1, 1, 0, 0, 1, -1, 0, -1, 1, 0, 1, -1, 1, 0, 1]
[0, 0, -1, 0, 1, 0, 1, -1, -1, 0, 0, -1, 0, -2, 1, 1, 0, -1, 1, 0, 0, 0]
[0, 1, 0, 0, 0, 0, -1, 0, 0, 0, 0, 1, 0, -1, -1, 0, 0, 1, -1, 1, 0, 0]
[0, -1, 0, 0, 0, 0, 1, 0, 0, 0, 0, -1, -1, -1, 1, 2, 0, -1, 1, 0, 0, 1]
[0, 1, -1, 1, 1, 1, -2, 0, -1, -1, -1, 1, -1, 0, -1, 0, 0, 1, -1, 0, 1, 0]
[0, -1, 1, -1, -1, -1, 2, 0, 1, 1, 1, -1, 0, -2, 1, 2, 0, -1, 1, 1, -1, 1]
[0, 0, 0, 1, 1, 2, -3, 0, -2, -1, -1, 1, 0, -1, -1, -1, 0, 0, 0, 1, 1, 0]
[0, 0, 0, -1, -1, -2, 3, 0, 2, 1, 1, -1, -1, -1, 1, 3, 0, 0, 0, 0, -1, 1]
[0, 1, -1, 1, 1, 1, -2, 0, -2, -1, -1, 1, 0, -1, -1, 0, 0, 0, 0, 1, 1, 0]
[0, -1, 1, -1, -1, -1, 2, 0, 2, 1, 1, -1, -1, -1, 1, 2, 0, 0, 0, 0, -1, 1]
[0, 0, 0, 1, 0, 1, -1, -1, -1, -1, -1, 1, -1, -1, -1, 1, 0, 1, 0, 1, 0, 1]
[0, 0, 0, -1, 0, -1, 1, 1, 1, 1, 1, -1, 0, -1, 1, 1, 0, -1, 0, 0, 0, 0]
[0, 0, 0, 0, 0, 1, -1, 0, -1, 0, -1, 1, 0, -1, -1, 0, 0, 1, -1, 1, 0, 0]
[0, 0, 0, 0, 0, -1, 1, 0, 1, 0, 1, -1, -1, -1, 1, 2, 0, -1, 1, 0, 0, 1]
[0, 0, 0, 0, 0, 1, -1, 0, 0, -1, 0, 0, -1, -1, -1, 1, 0, 1, -1, 1, -1, 0]
[0, 0, 0, 0, 0, -1, 1, 0, 0, 1, 0, 0, 0, -1, 1, 1, 0, -1, 1, 0, 1, 1]
[0, 0, 0, 0, 0, 0, 1, 0, 0, 0, 1, -1, 0, -2, 1, 1, 0, -1, 1, 0, 0, 1]
[0, 0, 0, 0, 0, 0, -1, 0, 0, 0, -1, 1, -1, 0, -1, 1, 0, 1, -1, 1, 0, 0]
[0, 0, 1, -1, -1, -1, 1, 1, 2, 1, 1, 0, -1, 0, 1, 2, 0, 0, 0, -1, 1, 1]
[0, 0, -1, 1, 1, 1, -1, -1, -2, -1, -1, 0, 0, -2, -1, 0, 0, 0, 0, 2, -1, 0]
[0, 0, 0, 0, 1, 1, -2, 0, -1, -1, -1, 1, -1, -1, -1, 1, 0, 1, 0, 1, 0, 1]
[0, 0, 0, 0, -1, -1, 2, 0, 1, 1, 1, -1, 0, -1, 1, 1, 0, -1, 0, 0, 0, 0]
[1, 0, 0, -1, -1, -1, 1, 0, 1, 1, 0, 0, 0, -1, 0, 1, 0, 1, 0, 1, 0, 0]
[-1, 0, 0, 1, 1, 1, -1, 0, -1, -1, 0, 0, -1, -1, 0, 1, 0, -1, 0, 0, 0, 1]
[1, 0, 0, -1, 0, 0, 0, 0, 1, 0, 0, 0, 0, -1, 0, 1, 0, 0, 0, 1, 0, 0]
[-1, 0, 0, 1, 0, 0, 0, 0, -1, 0, 0, 0, -1, -1, 0, 1, 0, 0, 0, 0, 0, 1]
[1, 0, 0, -1, -1, -1, 1, 0, 1, 1, 1, -1, 1, -2, 0, 0, 0, 0, 0, 2, -1, -1]
[-1, 0, 0, 1, 1, 1, -1, 0, -1, -1, -1, 1, -2, 0, 0, 2, 0, 0, 0, -1, 1, 2]
[1, 0, 0, -1, -1, -1, 2, -1, 1, 1, 0, 0, 1, -2, 0, 1, 0, 0, 0, 2, -1, 0]
[-1, 0, 0, 1, 1, 1, -2, 1, -1, -1, 0, 0, -2, 0, 0, 1, 0, 0, 0, -1, 1, 1]
[1, 0, 0, -1, -1, -1, 2, 0, 1, 1, 0, -1, 0, -1, 0, 1, 0, 0, 0, 2, -1, 0]
[-1, 0, 0, 1, 1, 1, -2, 0, -1, -1, 0, 1, -1, -1, 0, 1, 0, 0, 0, -1, 1, 1]
[1, 0, 0, -1, -1, -1, 1, 1, 1, 1, 1, 0, 1, -2, 0, 1, 0, 0, 0, 2, -1, 0]
[-1, 0, 0, 1, 1, 1, -1, -1, -1, -1, -1, 0, -2, 0, 0, 1, 0, 0, 0, -1, 1, 1]
[1, 0, 0, -1, -1, -1, 2, 0, 1, 1, 1, -1, 0, -2, 0, 1, 0, 1, 0, 2, -2, 0]
[-1, 0, 0, 1, 1, 1, -2, 0, -1, -1, -1, 1, -1, 0, 0, 1, 0, -1, 0, -1, 2, 1]
[1, 0, 0, -1, -1, -1, 2, 0, 2, 0, 1, -1, 0, -2, 0, 2, 0, 0, 0, 2, -2, 1]
[-1, 0, 0, 1, 1, 1, -2, 0, -2, 0, -1, 1, -1, 0, 0, 0, 0, 0, 0, -1, 2, 0]
[1, 0, 0, -1, -1, -1, 1, 1, 1, 1, 1, -1, 1, -2, 0, 0, 0, 0, 0, 2, -1, 0]
[-1, 0, 0, 1, 1, 1, -1, -1, -1, -1, -1, 1, -2, 0, 0, 2, 0, 0, 0, -1, 1, 1]
[1, 0, 0, -1, 0, 0, 1, 0, 0, 1, 0, 0, 1, -2, 0, 0, 0, 0, 0, 2, -1, 0]
[-1, 0, 0, 1, 0, 0, -1, 0, 0, -1, 0, 0, -2, 0, 0, 2, 0, 0, 0, -1, 1, 1]
[1, 0, 0, -1, -1, -1, 1, 1, 2, 1, 1, 0, 0, -1, 0, 1, 0, 1, -1, 1, -1, 0]
[-1, 0, 0, 1, 1, 1, -1, -1, -2, -1, -1, 0, -1, -1, 0, 1, 0, -1, 1, 0, 1, 1]
[1, 0, 1, -2, -2, -2, 3, 0, 3, 2, 1, -1, 0, -1, 0, 1, 0, 1, -1, 2, -2, 0]
[-1, 0, -1, 2, 2, 2, -3, 0, -3, -2, -1, 1, -1, -1, 0, 1, 0, -1, 1, -1, 2, 1]
[1, 1, 0, -2, -1, -1, 2, 1, 2, 1, 1, -1, 0, -1, 0, 1, 0, 1, -1, 1, -1, 0]
[-1, -1, 0, 2, 1, 1, -2, -1, -2, -1, -1, 1, -1, -1, 0, 1, 0, -1, 1, 0, 1, 1]
[1, 1, -1, -1, -1, -1, 2, 1, 1, 1, 2, -1, 2, -3, 0, 0, 0, 0, -1, 2, -2, -1]
[-1, -1, 1, 1, 1, 1, -2, -1, -1, -1, -2, 1, -3, 1, 0, 2, 0, 0, 1, -1, 2, 2]
[1, 0, 1, -1, -1, -1, 1, 0, 2, 1, 0, 0, -1, 0, 0, 1, 0, 1, 0, 1, 0, 1]
[-1, 0, -1, 1, 1, 1, -1, 0, -2, -1, 0, 0, 0, -2, 0, 1, 0, -1, 0, 0, 0, 0]
[1, 0, 0, 0, -1, -1, 1, 0, 1, 1, 1, 0, 1, -2, 0, 0, 0, 0, 0, 2, -1, 0]
[-1, 0, 0, 0, 1, 1, -1, 0, -1, -1, -1, 0, -2, 0, 0, 2, 0, 0, 0, -1, 1, 1]
[1, 1, -1, 0, 0, 0, 0, 1, 0, 0, 1, 0, 1, -2, 0, 0, 0, 0, 0, 1, 0, 0]
[-1, -1, 1, 0, 0, 0, 0, -1, 0, 0, -1, 0, -2, 0, 0, 2, 0, 0, 0, 0, 0, 1]
[1, 1, 0, -1, -1, -1, 2, 0, 1, 1, 1, -1, 1, -2, 0, 0, 0, 0, 0, 2, -1, 0]
[-1, -1, 0, 1, 1, 1, -2, 0, -1, -1, -1, 1, -2, 0, 0, 2, 0, 0, 0, -1, 1, 1]
[1, 1, 1, -2, -2, -2, 2, 1, 3, 2, 1, 0, 0, 0, 0, 1, 0, 1, -1, 1, 0, 0]
[-1, -1, -1, 2, 2, 2, -2, -1, -3, -2, -1, 0, -1, -2, 0, 1, 0, -1, 1, 0, 0, 1]
[1, 1, 0, -1, -2, -2, 2, 1, 3, 1, 2, -1, 0, -1, 0, 1, 0, 1, -1, 1, -1, 0]
[-1, -1, 0, 1, 2, 2, -2, -1, -3, -1, -2, 1, -1, -1, 0, 1, 0, -1, 1, 0, 1, 1]
[1, 1, 0, -1, -1, -1, 2, 0, 2, 1, 1, 0, 0, -1, 0, 1, 0, 1, -1, 1, -1, 0]
[-1, -1, 0, 1, 1, 1, -2, 0, -2, -1, -1, 0, -1, -1, 0, 1, 0, -1, 1, 0, 1, 1]
[1, 1, 0, -1, -1, -1, 1, 1, 1, 2, 1, 0, 1, -1, 0, -1, 0, 1, -1, 1, 0, -1]
[-1, -1, 0, 1, 1, 1, -1, -1, -1, -2, -1, 0, -2, -1, 0, 3, 0, -1, 1, 0, 0, 2]
[1, 1, -1, 0, -1, -1, 1, 1, 1, 1, 1, 0, 1, -1, 0, 0, 0, 0, -1, 1, 0, -1]
[-1, -1, 1, 0, 1, 1, -1, -1, -1, -1, -1, 0, -2, -1, 0, 2, 0, 0, 1, 0, 0, 2]
[1, 1, 0, -1, -1, -1, 1, 1, 2, 1, 1, 0, 1, -1, 0, 0, 0, 0, -1, 1, 0, 0]
[-1, -1, 0, 1, 1, 1, -1, -1, -2, -1, -1, 0, -2, -1, 0, 2, 0, 0, 1, 0, 0, 1]
[0, 1, -1, 1, 0, 0, 0, 1, 0, 0, 1, 0, 0, -1, 0, 0, 0, 0, -1, 0, 0, 0]
[0, -1, 1, -1, 0, 0, 0, -1, 0, 0, -1, 0, -1, -1, 0, 2, 0, 0, 1, 1, 0, 1]
[0, 1, 0, 0, 0, 0, 0, 1, 0, 1, 0, 1, 0, 0, 0, 0, 0, 0, -1, 0, 1, 0]
[0, -1, 0, 0, 0, 0, 0, -1, 0, -1, 0, -1, -1, -2, 0, 2, 0, 0, 1, 1, -1, 1]
[0, 1, 0, 0, -1, -1, 0, 2, 1, 1, 1, 0, 0, 0, 0, 0, 0, 0, -1, 0, 1, 0]
[0, -1, 0, 0, 1, 1, 0, -2, -1, -1, -1, 0, -1, -2, 0, 2, 0, 0, 1, 1, -1, 1]
[0, 1, 0, 0, -1, -1, 1, 1, 2, 0, 1, 0, -1, 0, 0, 2, 0, 0, -1, 0, 0, 1]
[0, -1, 0, 0, 1, 1, -1, -1, -2, 0, -1, 0, 0, -2, 0, 0, 0, 0, 1, 1, 0, 0]
[0, 1, 1, -1, -1, -1, 1, 1, 2, 1, 1, 0, -1, 0, 0, 1, 0, 1, -1, 0, 0, 1]
[0, -1, -1, 1, 1, 1, -1, -1, -2, -1, -1, 0, 0, -2, 0, 1, 0, -1, 1, 1, 0, 0]
[0, 1, 0, 0, -1, -1, 1, 1, 1, 1, 1, 0, -1, 0, 0, 1, 0, 1, -1, 0, 0, 0]
[0, -1, 0, 0, 1, 1, -1, -1, -1, -1, -1, 0, 0, -2, 0, 1, 0, -1, 1, 1, 0, 1]
[0, 1, -1, 1, 0, 0, 0, 1, -1, 0, 1, 0, 1, -2, 0, 0, 0, -1, 0, 1, 0, 0]
[0, -1, 1, -1, 0, 0, 0, -1, 1, 0, -1, 0, -2, 0, 0, 2, 0, 1, 0, 0, 0, 1]
[0, 1, 0, 0, 0, 0, 0, 1, 0, 0, 0, 0, -1, 0, 0, 1, 0, 0, 0, 0, 1, 1]
[0, -1, 0, 0, 0, 0, 0, -1, 0, 0, 0, 0, 0, -2, 0, 1, 0, 0, 0, 1, -1, 0]
[0, 0, 1, 0, -1, -1, 1, 0, 1, 1, 0, 0, -1, 0, 0, 1, 0, 0, 0, 1, 0, 1]
[0, 0, -1, 0, 1, 1, -1, 0, -1, -1, 0, 0, 0, -2, 0, 1, 0, 0, 0, 0, 0, 0]
[0, 0, 0, 1, 0, 0, -1, 1, 0, 0, 0, 1, -1, 0, 0, 1, 0, 0, 0, 0, 1, 1]
[0, 0, 0, -1, 0, 0, 1, -1, 0, 0, 0, -1, 0, -2, 0, 1, 0, 0, 0, 1, -1, 0]
[0, 1, 0, -1, -1, -1, 2, 1, 1, 1, 1, -1, 0, -1, 0, 1, 0, 0, -1, 1, -1, 0]
[0, -1, 0, 1, 1, 1, -2, -1, -1, -1, -1, 1, -1, -1, 0, 1, 0, 0, 1, 0, 1, 1]
[0, 1, -1, 0, 0, 0, 0, 2, 0, 0, 1, 0, 0, -1, 0, 1, 0, 0, -1, 0, 0, 0]
[0, -1, 1, 0, 0, 0, 0, -2, 0, 0, -1, 0, -1, -1, 0, 1, 0, 0, 1, 1, 0, 1]
[0, 0, 0, 0, 1, 1, -1, -1, -1, -1, -1, 0, -1, -1, 0, 1, 0, 0, 1, 0, 1, 1]
[0, 0, 0, 0, -1, -1, 1, 1, 1, 1, 1, 0, 0, -1, 0, 1, 0, 0, -1, 1, -1, 0]
[0, 0, 1, -1, -1, -1, 1, 1, 2, 1, 0, 0, -2, 1, 0, 2, 0, 1, -1, 0, 0, 1]
[0, 0, -1, 1, 1, 1, -1, -1, -2, -1, 0, 0, 1, -3, 0, 0, 0, -1, 1, 1, 0, 0]
[0, 0, 0, 0, 0, 0, 0, 1, 0, 0, 1, 0, 0, -2, 0, 1, 0, 0, 0, 1, -1, 1]
[0, 0, 0, 0, 0, 0, 0, -1, 0, 0, -1, 0, -1, 0, 0, 1, 0, 0, 0, 0, 1, 0]
[0, 0, 0, 0, 0, 0, 1, 0, 0, 0, 0, -1, -1, -1, 0, 1, 0, 0, 0, 1, -1, 1]
[0, 0, 0, 0, 0, 0, -1, 0, 0, 0, 0, 1, 0, -1, 0, 1, 0, 0, 0, 0, 1, 0]
[0, 0, 0, 0, 0, 0, 0, 1, 0, 0, 0, 0, 0, -1, 0, 1, 0, -1, 0, 1, 0, 1]
[0, 0, 0, 0, 0, 0, 0, -1, 0, 0, 0, 0, -1, -1, 0, 1, 0, 1, 0, 0, 0, 0]
[0, 0, 0, 0, 0, 0, 0, 1, -1, 1, 0, 0, 0, -1, 0, 0, 0, 0, 0, 1, 0, 0]
[0, 0, 0, 0, 0, 0, 0, -1, 1, -1, 0, 0, -1, -1, 0, 2, 0, 0, 0, 0, 0, 1]
[0, 0, 0, 0, 0, 0, 1, 0, 0, 0, 0, 0, -1, -1, 0, 2, 0, 0, 0, 1, -1, 1]
[0, 0, 0, 0, 0, 0, -1, 0, 0, 0, 0, 0, 0, -1, 0, 0, 0, 0, 0, 0, 1, 0]
[0, 0, 0, 0, 1, 1, -1, -1, -1, 0, -1, 1, 0, -1, 0, 0, 0, 0, 0, 0, 1, 0]
[0, 0, 0, 0, -1, -1, 1, 1, 1, 0, 1, -1, -1, -1, 0, 2, 0, 0, 0, 1, -1, 1]
[0, 1, -1, 1, 1, 1, -1, 0, -1, -1, 0, 0, 0, -1, 0, 0, 0, -1, 0, 0, 1, 0]
[0, -1, 1, -1, -1, -1, 1, 0, 1, 1, 0, 0, -1, -1, 0, 2, 0, 1, 0, 1, -1, 1]
[0, 1, -1, 1, 0, 0, 0, 0, -1, 0, 0, 0, 0, -1, 0, 0, 0, 0, 0, 0, 1, 0]
[0, -1, 1, -1, 0, 0, 0, 0, 1, 0, 0, 0, -1, -1, 0, 2, 0, 0, 0, 1, -1, 1]
[0, 1, -1, 1, 1, 0, -1, 0, -1, 0, 0, 1, 0, -1, 0, 0, 0, 0, 0, 0, 1, 0]
[0, -1, 1, -1, -1, 0, 1, 0, 1, 0, 0, -1, -1, -1, 0, 2, 0, 0, 0, 1, -1, 1]
[0, 0, 0, 1, 0, 1, -1, 0, -1, 0, 0, 1, 0, -1, 0, 0, 0, 0, 0, 0, 1, 0]
[0, 0, 0, -1, 0, -1, 1, 0, 1, 0, 0, -1, -1, -1, 0, 2, 0, 0, 0, 1, -1, 1]
[0, 1, 0, 0, 0, 0, 0, 0, 0, 0, 0, 1, 0, -1, 0, 1, 0, 0, 0, 0, 1, 1]
[0, -1, 0, 0, 0, 0, 0, 0, 0, 0, 0, -1, -1, -1, 0, 1, 0, 0, 0, 1, -1, 0]
[0, 0, 0, 1, 0, 0, 0, -1, 0, 0, -1, 1, -1, 0, 0, 1, 0, 0, 0, 0, 1, 1]
[0, 0, 0, -1, 0, 0, 0, 1, 0, 0, 1, -1, 0, -2, 0, 1, 0, 0, 0, 1, -1, 0]
[0, 1, 0, 0, 0, 0, -1, 1, 0, 0, 1, 0, 0, -1, 0, 0, 0, 0, 0, 0, 1, 0]
[0, -1, 0, 0, 0, 0, 1, -1, 0, 0, -1, 0, -1, -1, 0, 2, 0, 0, 0, 1, -1, 1]
[0, 0, 0, 1, 0, 0, -1, 0, 0, 0, 0, 0, -1, 0, 0, 0, 0, 0, 0, 0, 1, 0]
[0, 0, 0, -1, 0, 0, 1, 0, 0, 0, 0, 0, 0, -2, 0, 2, 0, 0, 0, 1, -1, 1]
[0, 1, 0, 0, 0, -1, 0, 0, 1, 0, 0, 0, -1, 0, 0, 1, 0, 0, 0, 0, 1, 1]
[0, -1, 0, 0, 0, 1, 0, 0, -1, 0, 0, 0, 0, -2, 0, 1, 0, 0, 0, 1, -1, 0]
[0, 0, 1, 0, -1, 0, 0, 0, 1, 0, 0, 0, -1, 0, 0, 1, 0, 0, 0, 0, 1, 1]
[0, 0, -1, 0, 1, 0, 0, 0, -1, 0, 0, 0, 0, -2, 0, 1, 0, 0, 0, 1, -1, 0]
[0, 0, 1, 0, 0, 0, -1, 0, 1, 0, 0, 1, -1, 0, 0, 1, 0, 0, 0, 0, 1, 1]
[0, 0, -1, 0, 0, 0, 1, 0, -1, 0, 0, -1, 0, -2, 0, 1, 0, 0, 0, 1, -1, 0]
[0, 0, 1, 0, -1, -1, 0, 0, 1, 1, 0, 1, -1, 0, 0, 1, 0, 1, 0, 0, 1, 1]
[0, 0, -1, 0, 1, 1, 0, 0, -1, -1, 0, -1, 0, -2, 0, 1, 0, -1, 0, 1, -1, 0]
[0, 1, -1, 0, 0, 0, 1, 0, 0, 0, 0, 0, 0, -1, 0, 1, 0, 0, -1, 0, 0, 0]
[0, -1, 1, 0, 0, 0, -1, 0, 0, 0, 0, 0, -1, -1, 0, 1, 0, 0, 1, 1, 0, 1]
[0, 1, -1, 0, 0, 0, 0, 1, 0, 0, 1, -1, 0, -1, 0, 0, 0, 0, -1, 0, 0, -1]
[0, -1, 1, 0, 0, 0, 0, -1, 0, 0, -1, 1, -1, -1, 0, 2, 0, 0, 1, 1, 0, 2]
[0, 1, -1, 0, 0, -1, 0, 1, 1, 0, 1, 0, 0, -1, 0, 1, 0, 0, -1, 0, 0, 0]
[0, -1, 1, 0, 0, 1, 0, -1, -1, 0, -1, 0, -1, -1, 0, 1, 0, 0, 1, 1, 0, 1]
[0, 0, 0, 0, 1, 0, 0, -1, -1, 0, -1, 0, -1, -1, 0, 1, 0, 0, 1, 1, 0, 1]
[0, 0, 0, 0, -1, 0, 0, 1, 1, 0, 1, 0, 0, -1, 0, 1, 0, 0, -1, 0, 0, 0]
[0, 1, 0, -1, 0, 0, 0, 1, 1, 0, 1, 0, 0, -1, 0, 1, 0, 0, -1, 0, 0, 0]
[0, -1, 0, 1, 0, 0, 0, -1, -1, 0, -1, 0, -1, -1, 0, 1, 0, 0, 1, 1, 0, 1]
[0, 1, 0, -1, -1, -1, 1, 1, 1, 1, 1, 0, 0, -1, 0, 1, 0, 1, -1, 0, 0, 0]
[0, -1, 0, 1, 1, 1, -1, -1, -1, -1, -1, 0, -1, -1, 0, 1, 0, -1, 1, 1, 0, 1]
[0, 0, 0, 0, 0, 0, 0, 0, 1, 0, 0, 0, -1, 0, 0, 1, 0, 0, -1, 0, 0, 0]
[0, 0, 0, 0, 0, 0, 0, 0, -1, 0, 0, 0, 0, -2, 0, 1, 0, 0, 1, 1, 0, 1]
[0, 0, 0, 0, 1, 1, -1, 0, -1, -1, 0, 0, 0, -2, 0, 1, 0, -1, 1, 1, 0, 1]
[0, 0, 0, 0, -1, -1, 1, 0, 1, 1, 0, 0, -1, 0, 0, 1, 0, 1, -1, 0, 0, 0]
[0, 1, 0, -1, 0, -1, 1, 0, 1, 1, 0, 0, -1, 0, 0, 1, 0, 1, -1, 0, 0, 0]
[0, -1, 0, 1, 0, 1, -1, 0, -1, -1, 0, 0, 0, -2, 0, 1, 0, -1, 1, 1, 0, 1]
[0, 0, 1, -1, -1, 0, 1, 0, 1, 1, 0, 0, -1, 0, 0, 1, 0, 1, -1, 0, 0, 0]
[0, 0, -1, 1, 1, 0, -1, 0, -1, -1, 0, 0, 0, -2, 0, 1, 0, -1, 1, 1, 0, 1]
[0, 0, 1, -1, -1, -1, 1, 0, 2, 1, 0, 1, -1, 0, 0, 2, 0, 1, -1, 0, 0, 1]
[0, 0, -1, 1, 1, 1, -1, 0, -2, -1, 0, -1, 0, -2, 0, 0, 0, -1, 1, 1, 0, 0]
[0, 0, 1, -1, -1, -1, 0, 1, 2, 1, 1, 0, -1, 0, 0, 1, 0, 1, -1, 0, 0, 0]
[0, 0, -1, 1, 1, 1, 0, -1, -2, -1, -1, 0, 0, -2, 0, 1, 0, -1, 1, 1, 0, 1]
[0, 0, 1, -1, -1, -1, 1, 0, 2, 0, 0, 0, -2, 0, 0, 3, 0, 1, 0, 0, 0, 2]
[0, 0, -1, 1, 1, 1, -1, 0, -2, 0, 0, 0, 1, -2, 0, -1, 0, -1, 0, 1, 0, -1]
[0, 0, 1, -1, 0, 0, 0, 0, 1, 0, 0, 0, -2, 0, 0, 2, 0, 1, 0, 0, 0, 1]
[0, 0, -1, 1, 0, 0, 0, 0, -1, 0, 0, 0, 1, -2, 0, 0, 0, -1, 0, 1, 0, 0]
[0, 1, -1, 0, 1, 0, 0, 0, -1, 0, 0, 0, 1, -2, 0, 0, 0, -1, 0, 1, 0, 0]
[0, -1, 1, 0, -1, 0, 0, 0, 1, 0, 0, 0, -2, 0, 0, 2, 0, 1, 0, 0, 0, 1]
[0, 0, 0, 0, 0, 1, 0, 0, -1, 0, 0, 0, 1, -2, 0, 0, 0, -1, 0, 1, 0, 0]
[0, 0, 0, 0, 0, -1, 0, 0, 1, 0, 0, 0, -2, 0, 0, 2, 0, 1, 0, 0, 0, 1]
[0, 0, 0, 0, 0, 0, 1, -1, 0, 0, 0, 0, 0, -2, 0, 1, 0, 0, 0, 1, -1, 1]
[0, 0, 0, 0, 0, 0, -1, 1, 0, 0, 0, 0, -1, 0, 0, 1, 0, 0, 0, 0, 1, 0]
[0, 0, 1, -1, 0, 0, -1, 1, 1, 0, 0, 0, -1, 0, 0, 1, 0, 0, 0, 0, 1, 1]
[0, 0, -1, 1, 0, 0, 1, -1, -1, 0, 0, 0, 0, -2, 0, 1, 0, 0, 0, 1, -1, 0]
[0, 0, 0, 0, 0, 0, 0, 0, 1, -1, 0, -1, -2, 0, 0, 2, 0, 0, 0, 0, 0, 1]
[0, 0, 0, 0, 0, 0, 0, 0, -1, 1, 0, 1, 1, -2, 0, 0, 0, 0, 0, 1, 0, 0]
[0, 0, 0, 0, 0, 0, 1, -1, -1, 1, -1, 0, 0, -1, 0, 0, 0, 0, 0, 1, 0, 0]
[0, 0, 0, 0, 0, 0, -1, 1, 1, -1, 1, 0, -1, -1, 0, 2, 0, 0, 0, 0, 0, 1]
[0, 0, 1, -1, -1, -1, 1, 0, 2, 0, 1, -1, -1, -1, 0, 2, 0, 0, 0, 1, -1, 1]
[0, 0, -1, 1, 1, 1, -1, 0, -2, 0, -1, 1, 0, -1, 0, 0, 0, 0, 0, 0, 1, 0]
[0, 0, 1, -1, 0, 0, 0, 0, 0, 1, -1, 1, -1, 0, 0, 1, 0, 1, 0, 0, 1, 1]
[0, 0, -1, 1, 0, 0, 0, 0, 0, -1, 1, -1, 0, -2, 0, 1, 0, -1, 0, 1, -1, 0]
[0, 0, 0, 0, 0, 0, 0, 0, 0, 0, 1, -1, 0, -2, 0, 0, 0, 0, 0, 1, -1, 0]
[0, 0, 0, 0, 0, 0, 0, 0, 0, 0, -1, 1, -1, 0, 0, 2, 0, 0, 0, 0, 1, 1]
[0, 1, -1, 0, 0, -1, 1, 0, 0, 0, 1, -1, 0, -2, 0, 1, 0, 0, 0, 1, -1, 0]
[0, -1, 1, 0, 0, 1, -1, 0, 0, 0, -1, 1, -1, 0, 0, 1, 0, 0, 0, 0, 1, 1]
[0, 0, 0, 0, 1, 0, -1, 0, 0, 0, -1, 1, -1, 0, 0, 1, 0, 0, 0, 0, 1, 1]
[0, 0, 0, 0, -1, 0, 1, 0, 0, 0, 1, -1, 0, -2, 0, 1, 0, 0, 0, 1, -1, 0]
[0, 0, 0, 0, 0, 0, 1, -1, 0, 0, -1, 0, -2, 0, 0, 2, 0, 1, 0, 0, 0, 1]
[0, 0, 0, 0, 0, 0, -1, 1, 0, 0, 1, 0, 1, -2, 0, 0, 0, -1, 0, 1, 0, 0]
[0, 0, 0, 0, 0, 0, 0, 0, 0, 0, 1, 0, 0, -2, 0, 1, 0, 0, 0, 1, -1, 0]
[0, 0, 0, 0, 0, 0, 0, 0, 0, 0, -1, 0, -1, 0, 0, 1, 0, 0, 0, 0, 1, 1]
[0, 0, 0, 0, 1, 1, -1, 0, -1, 0, -1, 0, -1, 0, 0, 0, 0, 0, 0, 0, 1, 0]
[0, 0, 0, 0, -1, -1, 1, 0, 1, 0, 1, 0, 0, -2, 0, 2, 0, 0, 0, 1, -1, 1]
[0, 0, 0, 0, 0, 0, 0, 0, 0, 0, 0, 1, -1, -1, 0, 2, 0, 1, 0, 0, 0, 1]
[0, 0, 0, 0, 0, 0, 0, 0, 0, 0, 0, -1, 0, -1, 0, 0, 0, -1, 0, 1, 0, 0]
[0, 0, 0, 0, 0, 0, 1, -1, 0, 0, 0, -1, -1, -1, 0, 1, 0, 0, 0, 1, -1, 0]
[0, 0, 0, 0, 0, 0, -1, 1, 0, 0, 0, 1, 0, -1, 0, 1, 0, 0, 0, 0, 1, 1]
[0, 0, 0, 0, 1, 1, -2, 1, -1, 0, 0, 1, 0, -1, 0, 0, 0, 0, 0, 0, 1, 0]
[0, 0, 0, 0, -1, -1, 2, -1, 1, 0, 0, -1, -1, -1, 0, 2, 0, 0, 0, 1, -1, 1]
[0, 0, 1, -1, -1, -1, 2, -1, 1, 1, 0, 0, -1, -1, 0, 2, 0, 1, 0, 1, -1, 1]
[0, 0, -1, 1, 1, 1, -2, 1, -1, -1, 0, 0, 0, -1, 0, 0, 0, -1, 0, 0, 1, 0]
[0, 1, -1, 0, 1, 0, -1, 1, -1, 0, 0, 0, 0, -1, 0, 0, 0, 0, 0, 0, 1, 0]
[0, -1, 1, 0, -1, 0, 1, -1, 1, 0, 0, 0, -1, -1, 0, 2, 0, 0, 0, 1, -1, 1]
[0, 0, 0, 0, 0, 1, -1, 1, -1, 0, 0, 0, 0, -1, 0, 0, 0, 0, 0, 0, 1, 0]
[0, 0, 0, 0, 0, -1, 1, -1, 1, 0, 0, 0, -1, -1, 0, 2, 0, 0, 0, 1, -1, 1]
[0, 0, 0, 0, 0, 0, 0, 0, 0, 0, 0, 0, 0, -1, 0, 1, 0, -1, 0, 1, 0, 0]
[0, 0, 0, 0, 0, 0, 0, 0, 0, 0, 0, 0, -1, -1, 0, 1, 0, 1, 0, 0, 0, 1]
[0, 0, 0, 0, 1, 1, -1, 0, 0, -1, 0, 0, -1, -1, 0, 1, 0, 0, 0, 0, 0, 1]
[0, 0, 0, 0, -1, -1, 1, 0, 0, 1, 0, 0, 0, -1, 0, 1, 0, 0, 0, 1, 0, 0]
[0, 0, 1, -1, -1, -1, 1, 0, 1, 1, 0, 0, 0, -1, 0, 1, 0, 0, 0, 1, 0, 1]
[0, 0, -1, 1, 1, 1, -1, 0, -1, -1, 0, 0, -1, -1, 0, 1, 0, 0, 0, 0, 0, 0]
[0, 0, 0, 0, 0, 1, 0, 0, 0, -1, 0, 0, -1, -1, 0, 2, 0, 0, 0, 0, 0, 1]
[0, 0, 0, 0, 0, -1, 0, 0, 0, 1, 0, 0, 0, -1, 0, 0, 0, 0, 0, 1, 0, 0]
[0, 0, 1, -1, 0, 0, 0, 0, 0, 1, 0, 0, 0, -1, 0, 0, 0, 0, 0, 1, 0, 0]
[0, 0, -1, 1, 0, 0, 0, 0, 0, -1, 0, 0, -1, -1, 0, 2, 0, 0, 0, 0, 0, 1]
[0, 1, -1, 0, 1, 0, 0, 0, 0, -1, 0, 0, -1, -1, 0, 2, 0, 0, 0, 0, 0, 1]
[0, -1, 1, 0, -1, 0, 0, 0, 0, 1, 0, 0, 0, -1, 0, 0, 0, 0, 0, 1, 0, 0]

################
# DISCRIMINANT #
################

The discriminant has 5 components of degree 1, 3 components of degree 2, 1 component of degree 5, and 1 component of degree 10:
4*Z[0]^2 - 4*Z[0]*Z[2] + 4*Z[1]^2 + Z[2]^2
8*Z[0]^2 + 4*Z[0]*Z[2] + 12*Z[0]*Z[3] - Z[1]^2 + 2*Z[2]*Z[3] + 4*Z[3]^2
8*Z[0]^2 + 4*Z[0]*Z[2] - 12*Z[0]*Z[3] - Z[1]^2 - 2*Z[2]*Z[3] + 4*Z[3]^2
8*Z[0]^2 + 4*Z[0]*Z[2] - Z[1]^2
8*Z[0]^2 + 4*Z[0]*Z[2] - Z[1]^2 - 4*Z[3]^2

#############
# MONODROMY #
#############


Generators of the monodromy group on the second homology group:
[[1, 0, 0, 0, 0, 0, 0, 0, 0, 0, 0, 0, 0, 0, 0, 0, 0, 0, 0, 0, 0, 0], [0, 1, 0, 0, 0, 0, 0, 0, 0, 0, 0, 0, 0, 0, 0, 0, 0, 0, 0, 0, 0, 0], [0, 0, 1, 0, 0, 0, 0, 0, 0, 0, 0, 0, 0, 0, 0, 0, 0, 0, 0, 0, 0, 0], [0, 0, 0, 1, 0, 0, 0, 0, 0, 0, 0, 0, 0, 0, 0, 0, 0, 0, 0, 0, 0, 0], [0, 0, 0, 0, 1, 0, 0, 0, 0, 0, 0, 0, 0, 0, 0, 0, 0, 0, 0, 0, 0, 0], [0, 0, 0, 0, 0, 1, 0, 0, 0, 0, 0, 0, 0, 0, 0, 0, 0, 0, 0, 0, 0, 0], [0, 0, 0, 0, 0, 0, 1, 0, 0, 0, 0, 0, 0, 0, 0, 0, 0, 0, 0, 0, 0, 0], [0, 0, 0, 0, 0, 0, 0, 1, 0, 0, 0, 0, 0, 0, 0, 0, 0, 0, 0, 0, 0, 0], [0, 0, 0, 0, 0, 0, 0, 0, 1, 0, 0, 0, 0, 0, 0, 0, 0, 0, 0, 0, 0, 0], [0, 0, 0, 0, 0, 0, 0, 0, 0, 1, 0, 0, 0, 0, 0, 0, 0, 0, 0, 0, 0, 0], [0, 0, 0, 0, 0, 0, 0, 0, 0, 0, 1, 0, 0, 0, 0, 0, 0, 0, 0, 0, 0, 0], [0, 0, 0, 0, 0, 0, 0, 0, 0, 0, 0, 1, 0, 0, 0, 0, 0, 0, 0, 0, 0, 0], [0, 0, 0, 0, 0, 0, 0, 0, 0, 0, 0, 0, 1, 0, 0, 0, 0, 0, 0, 0, 0, 0], [0, 0, 0, 0, 0, 0, 0, 0, 0, 0, 0, 0, 0, 1, 0, 0, 0, 0, 0, 0, 0, 0], [0, 0, 0, 0, 0, 0, 0, 0, 0, 0, 0, 0, 0, 0, 1, 0, 0, 0, 0, 0, 0, 0], [0, 0, 0, 0, 0, 0, 0, 0, 0, 0, 0, 0, 0, 0, 0, 1, 0, 0, 0, 0, 0, 0], [0, 0, 0, 0, 0, 0, 0, 0, 0, 0, 0, 0, 0, 0, 0, 0, 1, 0, 0, 0, 0, 0], [0, 0, 0, 0, 0, 0, 0, 0, 0, 0, 0, 0, 0, 0, 0, 0, 0, 1, 0, 0, 0, 0], [0, 0, 0, 0, 0, 0, 0, 0, 0, 0, 0, 0, 0, 0, 0, 0, 0, 0, 1, 0, 0, 0], [0, 0, 0, 0, 0, 0, 0, 0, 0, 0, 0, 0, 0, 0, 0, 0, 0, 0, 0, 1, 0, 0], [0, 0, 0, 0, 0, 0, 0, 0, 0, 0, 0, 0, 0, 0, 0, 0, 0, 0, 0, 0, 1, 0], [0, 0, 0, 0, 0, 0, 0, 0, 0, 0, 0, 0, 0, 0, 0, 0, 0, 0, 0, 0, 0, 1]]
[[0, -1, -1, -1, -1, -1, 0, 0, -1, -1, 0, 0, -1, 0, 1, -1, -1, 0, -1, 0, 0, 1], [0, 0, 0, 0, -1, -1, 0, 0, -1, -1, 0, 0, 0, 0, 1, 0, -1, 0, -1, 0, 0, 0], [-1, 0, 1, 0, 0, 0, 0, 0, 0, -1, -1, -1, 1, 0, 2, 0, 0, 1, -1, 1, 1, 0], [1, 1, 1, 2, 2, 1, 0, 0, 2, 1, 0, 0, 1, 0, -1, 1, 1, 0, 1, 0, 0, -1], [1, 1, 1, 2, 2, 1, 0, 0, 1, 1, 0, 0, 2, 1, 0, 2, 1, 1, 1, 1, 0, -1], [1, 1, 1, 2, 2, 2, 1, 0, 2, 1, 0, 1, 1, 0, -1, 1, 1, 0, 1, 0, 0, -1], [-1, -2, -3, -4, -3, -1, 0, 0, -2, 0, 1, 0, -4, -1, -3, -3, -1, -2, 0, -2, -1, 2], [0, 0, 0, 0, -1, -1, 0, 1, -1, -1, -1, 0, 0, 0, 2, 0, -1, 0, -1, 0, 0, 0], [-1, -2, -2, -3, -3, -1, 0, 0, -2, 0, 1, 0, -3, -1, -3, -2, 0, -2, 0, -2, 0, 1], [-1, -2, -3, -3, -2, -1, 0, 0, -1, 0, 0, 0, -3, -1, -1, -3, -1, -1, -1, -1, 0, 2], [0, -1, -2, -2, -2, -1, 0, 0, -2, 0, 1, 0, -2, 0, -1, -1, 0, -1, 0, -1, 0, 1], [0, 0, 1, 1, 1, 0, 0, 0, 1, -1, -1, 0, 2, 0, 2, 1, 0, 1, -1, 1, 1, -1], [0, -1, -1, -1, -1, -2, 0, 0, -2, -2, 0, 0, 0, 1, 4, -1, -2, 1, -2, 1, 0, 2], [0, 0, 0, 0, 0, 1, 0, 0, 1, 1, 0, 0, 0, 0, -3, 0, 1, -1, 1, -1, 0, -1], [0, -1, -1, -1, -1, 0, 0, 0, -1, 0, 1, 0, -1, 0, 0, -1, 0, 0, 0, 0, 0, 1], [0, 0, 0, -1, 0, 1, 0, 0, 0, 1, 1, 0, -1, -1, -3, 0, 1, -1, 1, -1, 0, 0], [0, 0, 1, 1, 0, 0, 0, 0, 0, 0, 0, 0, 1, 0, 0, 1, 1, 0, 0, 0, 0, -1], [-1, 0, 0, 0, 0, 0, 0, 0, 1, 0, -1, 0, 0, -1, -1, 0, 0, 0, 0, -1, 0, -1], [0, 0, 0, 0, 0, 0, 0, 0, 0, -1, 0, 0, 0, 0, 2, -1, -1, 1, 0, 1, 0, 1], [-1, 0, 0, 0, 0, -1, 0, 0, 0, -1, -1, 0, 0, 0, 2, 0, -1, 0, -1, 1, 0, 0], [1, 0, 0, 0, 0, 0, 0, 0, 0, -1, 0, 0, 0, 0, 2, -1, -1, 1, -1, 1, 1, 1], [0, 0, 0, 0, 0, 1, 0, 0, 1, 1, 0, 0, 0, -1, -3, 0, 1, -1, 1, -1, 0, 0]]
[[1, 0, 0, 0, 0, 0, 0, 0, 0, 0, 0, 0, 0, 0, 0, 0, 0, 0, 0, 0, 0, 0], [0, 1, 0, 0, 0, 0, 0, 0, 0, 0, 0, 0, 0, 0, 0, 0, 0, 0, 0, 0, 0, 0], [0, 0, 1, 0, 0, 0, 0, 0, 0, 0, 0, 0, 0, 0, 0, 0, 0, 0, 0, 0, 0, 0], [0, 0, 0, 1, 0, 0, 0, 0, 0, 0, 0, 0, 0, 0, 0, 0, 0, 0, 0, 0, 0, 0], [0, 0, 0, 0, 1, 0, 0, 0, 0, 0, 0, 0, 0, 0, 0, 0, 0, 0, 0, 0, 0, 0], [0, 0, 0, 0, 0, 1, 0, 0, 0, 0, 0, 0, 0, 0, 0, 0, 0, 0, 0, 0, 0, 0], [0, 0, 0, 0, 0, 0, 1, 0, 0, 0, 0, 0, 0, 0, 0, 0, 0, 0, 0, 0, 0, 0], [0, 0, 0, 0, 0, 0, 0, 1, 0, 0, 0, 0, 0, 0, 0, 0, 0, 0, 0, 0, 0, 0], [0, 0, 0, 0, 0, 0, 0, 0, 1, 0, 0, 0, 0, 0, 0, 0, 0, 0, 0, 0, 0, 0], [0, 0, 0, 0, 0, 0, 0, 0, 0, 1, 0, 0, 0, 0, 0, 0, 0, 0, 0, 0, 0, 0], [0, 0, 0, 0, 0, 0, 0, 0, 0, 0, 1, 0, 0, 0, 0, 0, 0, 0, 0, 0, 0, 0], [0, 0, 0, 0, 0, 0, 0, 0, 0, 0, 0, 1, 0, 0, 0, 0, 0, 0, 0, 0, 0, 0], [0, 0, 0, 0, 0, 0, 0, 0, 0, 0, 0, 0, 1, 0, 0, 0, 0, 0, 0, 0, 0, 0], [0, 0, 0, 0, 0, 0, 0, 0, 0, 0, 0, 0, 0, 1, 0, 0, 0, 0, 0, 0, 0, 0], [0, 0, 0, 0, 0, 0, 0, 0, 0, 0, 0, 0, 0, 0, 1, 0, 0, 0, 0, 0, 0, 0], [0, 0, 0, 0, 0, 0, 0, 0, 0, 0, 0, 0, 0, 0, 0, 1, 0, 0, 0, 0, 0, 0], [0, 0, 0, 0, 0, 0, 0, 0, 0, 0, 0, 0, 0, 0, 0, 0, 1, 0, 0, 0, 0, 0], [0, 0, 0, 0, 0, 0, 0, 0, 0, 0, 0, 0, 0, 0, 0, 0, 0, 1, 0, 0, 0, 0], [0, 0, 0, 0, 0, 0, 0, 0, 0, 0, 0, 0, 0, 0, 0, 0, 0, 0, 1, 0, 0, 0], [0, 0, 0, 0, 0, 0, 0, 0, 0, 0, 0, 0, 0, 0, 0, 0, 0, 0, 0, 1, 0, 0], [0, 0, 0, 0, 0, 0, 0, 0, 0, 0, 0, 0, 0, 0, 0, 0, 0, 0, 0, 0, 1, 0], [0, 0, 0, 0, 0, 0, 0, 0, 0, 0, 0, 0, 0, 0, 0, 0, 0, 0, 0, 0, 0, 1]]
[[1, 0, 0, 0, 0, 0, 0, 0, 0, 0, 0, 0, 0, 0, 0, 0, 0, 0, 0, 0, 0, 0], [0, 1, 0, 0, 0, 0, 0, 0, 0, 0, 0, 0, 0, 0, 0, 0, 0, 0, 0, 0, 0, 0], [0, 0, 1, 0, 0, 0, 0, 0, 0, 0, 0, 0, 0, 0, 0, 0, 0, 0, 0, 0, 0, 0], [0, 0, 0, 1, 0, 0, 0, 0, 0, 0, 0, 0, 0, 0, 0, 0, 0, 0, 0, 0, 0, 0], [0, 0, 0, 0, 1, 0, 0, 0, 0, 0, 0, 0, 0, 0, 0, 0, 0, 0, 0, 0, 0, 0], [0, 0, 0, 0, 0, 1, 0, 0, 0, 0, 0, 0, 0, 0, 0, 0, 0, 0, 0, 0, 0, 0], [0, 0, 0, 0, 0, 0, 1, 0, 0, 0, 0, 0, 0, 0, 0, 0, 0, 0, 0, 0, 0, 0], [0, 0, 0, 0, 0, 0, 0, 1, 0, 0, 0, 0, 0, 0, 0, 0, 0, 0, 0, 0, 0, 0], [0, 0, 0, 0, 0, 0, 0, 0, 1, 0, 0, 0, 0, 0, 0, 0, 0, 0, 0, 0, 0, 0], [0, 0, 0, 0, 0, 0, 0, 0, 0, 1, 0, 0, 0, 0, 0, 0, 0, 0, 0, 0, 0, 0], [0, 0, 0, 0, 0, 0, 0, 0, 0, 0, 1, 0, 0, 0, 0, 0, 0, 0, 0, 0, 0, 0], [0, 0, 0, 0, 0, 0, 0, 0, 0, 0, 0, 1, 0, 0, 0, 0, 0, 0, 0, 0, 0, 0], [0, 0, 0, 0, 0, 0, 0, 0, 0, 0, 0, 0, 1, 0, 0, 0, 0, 0, 0, 0, 0, 0], [0, 0, 0, 0, 0, 0, 0, 0, 0, 0, 0, 0, 0, 1, 0, 0, 0, 0, 0, 0, 0, 0], [0, 0, 0, 0, 0, 0, 0, 0, 0, 0, 0, 0, 0, 0, 1, 0, 0, 0, 0, 0, 0, 0], [0, 0, 0, 0, 0, 0, 0, 0, 0, 0, 0, 0, 0, 0, 0, 1, 0, 0, 0, 0, 0, 0], [0, 0, 0, 0, 0, 0, 0, 0, 0, 0, 0, 0, 0, 0, 0, 0, 1, 0, 0, 0, 0, 0], [0, 0, 0, 0, 0, 0, 0, 0, 0, 0, 0, 0, 0, 0, 0, 0, 0, 1, 0, 0, 0, 0], [0, 0, 0, 0, 0, 0, 0, 0, 0, 0, 0, 0, 0, 0, 0, 0, 0, 0, 1, 0, 0, 0], [0, 0, 0, 0, 0, 0, 0, 0, 0, 0, 0, 0, 0, 0, 0, 0, 0, 0, 0, 1, 0, 0], [0, 0, 0, 0, 0, 0, 0, 0, 0, 0, 0, 0, 0, 0, 0, 0, 0, 0, 0, 0, 1, 0], [0, 0, 0, 0, 0, 0, 0, 0, 0, 0, 0, 0, 0, 0, 0, 0, 0, 0, 0, 0, 0, 1]]
[[1, 0, 0, 0, 0, 0, 0, 0, 0, 0, 0, 0, 0, 0, 0, 0, 0, 0, 0, 0, 0, 0], [0, 1, 0, 0, 0, 0, 0, 0, 0, 0, 0, 0, 0, 0, 0, 0, 0, 0, 0, 0, 0, 0], [0, 0, 1, 0, 0, 0, 0, 0, 0, 0, 0, 0, 0, 0, 0, 0, 0, 0, 0, 0, 0, 0], [0, 0, 0, 1, 0, 0, 0, 0, 0, 0, 0, 0, 0, 0, 0, 0, 0, 0, 0, 0, 0, 0], [0, 0, 0, 0, 1, 0, 0, 0, 0, 0, 0, 0, 0, 0, 0, 0, 0, 0, 0, 0, 0, 0], [0, 0, 0, 0, 0, 1, 0, 0, 0, 0, 0, 0, 0, 0, 0, 0, 0, 0, 0, 0, 0, 0], [0, 0, 0, 0, 0, 0, 1, 0, 0, 0, 0, 0, 0, 0, 0, 0, 0, 0, 0, 0, 0, 0], [0, 0, 0, 0, 0, 0, 0, 1, 0, 0, 0, 0, 0, 0, 0, 0, 0, 0, 0, 0, 0, 0], [0, 0, 0, 0, 0, 0, 0, 0, 1, 0, 0, 0, 0, 0, 0, 0, 0, 0, 0, 0, 0, 0], [0, 0, 0, 0, 0, 0, 0, 0, 0, 1, 0, 0, 0, 0, 0, 0, 0, 0, 0, 0, 0, 0], [0, 0, 0, 0, 0, 0, 0, 0, 0, 0, 1, 0, 0, 0, 0, 0, 0, 0, 0, 0, 0, 0], [0, 0, 0, 0, 0, 0, 0, 0, 0, 0, 0, 1, 0, 0, 0, 0, 0, 0, 0, 0, 0, 0], [0, 0, 0, 0, 0, 0, 0, 0, 0, 0, 0, 0, 1, 0, 0, 0, 0, 0, 0, 0, 0, 0], [0, 0, 0, 0, 0, 0, 0, 0, 0, 0, 0, 0, 0, 1, 0, 0, 0, 0, 0, 0, 0, 0], [0, 0, 0, 0, 0, 0, 0, 0, 0, 0, 0, 0, 0, 0, 1, 0, 0, 0, 0, 0, 0, 0], [0, 0, 0, 0, 0, 0, 0, 0, 0, 0, 0, 0, 0, 0, 0, 1, 0, 0, 0, 0, 0, 0], [0, 0, 0, 0, 0, 0, 0, 0, 0, 0, 0, 0, 0, 0, 0, 0, 1, 0, 0, 0, 0, 0], [0, 0, 0, 0, 0, 0, 0, 0, 0, 0, 0, 0, 0, 0, 0, 0, 0, 1, 0, 0, 0, 0], [0, 0, 0, 0, 0, 0, 0, 0, 0, 0, 0, 0, 0, 0, 0, 0, 0, 0, 1, 0, 0, 0], [0, 0, 0, 0, 0, 0, 0, 0, 0, 0, 0, 0, 0, 0, 0, 0, 0, 0, 0, 1, 0, 0], [0, 0, 0, 0, 0, 0, 0, 0, 0, 0, 0, 0, 0, 0, 0, 0, 0, 0, 0, 0, 1, 0], [0, 0, 0, 0, 0, 0, 0, 0, 0, 0, 0, 0, 0, 0, 0, 0, 0, 0, 0, 0, 0, 1]]
[[1, 0, 0, 0, 0, 0, 0, 0, 0, 0, 0, 0, 0, 0, -1, 0, 1, 0, 0, 0, 0, 0], [1, 0, 1, 0, 0, 0, 1, 0, -1, -1, 1, 0, 0, 0, 0, 0, 1, 1, 0, 0, 1, 0], [-1, 1, 0, 0, 0, 0, -1, 0, 1, 1, -1, 0, 0, 0, 0, 0, -1, -1, 0, 0, -1, 0], [0, -1, -1, -1, -1, -1, -1, -1, -2, -1, 1, -1, 1, 1, 4, 0, -1, 1, -2, 1, 1, 2], [0, 0, 0, 0, 0, 1, 0, 0, 0, 0, 0, 0, 0, 0, 2, 0, -1, 0, 0, 0, 0, 0], [0, 0, 0, 0, 1, 0, 0, 0, 0, 0, 0, 0, 0, 0, 2, 0, -1, 0, 0, 0, 0, 0], [0, 0, 0, 0, 0, 0, 1, 0, 0, 0, 0, 0, 0, 0, -4, 0, 2, 0, 0, 0, 0, 0], [0, 0, 0, 0, 0, 0, 0, 0, 0, 0, 1, 1, 0, 0, 0, 0, 0, 1, 1, 0, 0, 0], [0, 0, 0, 0, 0, 0, 0, 0, 1, 0, 0, 0, 0, 0, -3, 0, 1, 0, 0, 0, 0, 0], [0, 0, 0, 0, 0, 0, 0, 0, 0, 1, 0, 0, 0, 0, -2, 0, 2, 0, 0, 0, 0, 0], [0, 0, 0, 0, 0, 0, 0, 0, 0, 0, 1, 0, 0, 0, -2, 0, 1, 1, 1, 0, 0, 0], [0, 0, 0, 0, 0, 0, 0, 1, 0, 0, -1, 0, 0, 0, 2, 0, -1, 0, 0, 0, 0, 0], [1, 0, 0, 0, 0, 0, 0, 0, -1, 0, 1, 0, 0, 1, 0, 0, 1, 1, 1, 1, 0, 0], [-1, 0, 0, 0, 0, 0, 0, 0, 1, 0, -1, 0, 1, 0, 0, 0, 0, 0, 0, -1, 0, 0], [0, 0, 0, 0, 0, 0, 0, 0, 0, 0, 0, 0, 0, 0, -1, 0, 0, 0, 0, 0, 0, 0], [0, 0, 0, 0, 0, 0, 0, 0, 0, 0, 0, 0, 0, 0, -1, 1, 0, -1, -1, 0, 0, 0], [0, 0, 0, 0, 0, 0, 0, 0, 0, 0, 0, 0, 0, 0, 0, 0, -1, 0, 0, 0, 0, 0], [0, 0, 0, 0, 0, 0, 0, 0, 0, 0, 0, 0, 0, 0, 1, 0, 0, 0, -1, 0, 0, 0], [0, 0, 0, 0, 0, 0, 0, 0, 0, 0, 0, 0, 0, 0, -1, 0, 0, -1, 0, 0, 0, 0], [0, 0, 0, 0, 0, 0, 0, 0, 0, 0, 0, 0, 0, 0, 0, 0, 0, 0, 0, 1, 0, 0], [0, 0, 0, 0, 0, 0, 0, 0, 0, 0, 0, 0, 0, 0, 1, 0, 1, 0, 0, 0, 1, 0], [0, 0, 0, 0, 0, 0, 0, 0, 0, 0, 0, 0, 0, 0, 0, 0, -1, -1, -1, 0, 0, 1]]
[[1, 0, 0, 0, 0, 0, 0, 0, 0, 0, 0, 0, 0, 0, 0, 0, 0, 0, 0, 0, 0, 0], [0, 1, 0, 0, 0, 0, 0, 0, 0, 0, 0, 0, 0, 0, 0, 0, 0, 0, 0, 0, 0, 0], [0, 0, 1, 0, 0, 0, 0, 0, 0, 0, 0, 0, 0, 0, 0, 0, 0, 0, 0, 0, 0, 0], [0, 0, 0, 1, 0, 0, 0, 0, 0, 0, 0, 0, 0, 0, 0, 0, 0, 0, 0, 0, 0, 0], [0, 0, 0, 0, 1, 0, 0, 0, 0, 0, 0, 0, 0, 0, 0, 0, 0, 0, 0, 0, 0, 0], [0, 0, 0, 0, 0, 1, 0, 0, 0, 0, 0, 0, 0, 0, 0, 0, 0, 0, 0, 0, 0, 0], [0, 0, 0, 0, 0, 0, 1, 0, 0, 0, 0, 0, 0, 0, 0, 0, 0, 0, 0, 0, 0, 0], [0, 0, 0, 0, 0, 0, 0, 1, 0, 0, 0, 0, 0, 0, 0, 0, 0, 0, 0, 0, 0, 0], [0, 0, 0, 0, 0, 0, 0, 0, 1, 0, 0, 0, 0, 0, 0, 0, 0, 0, 0, 0, 0, 0], [0, 0, 0, 0, 0, 0, 0, 0, 0, 1, 0, 0, 0, 0, 0, 0, 0, 0, 0, 0, 0, 0], [0, 0, 0, 0, 0, 0, 0, 0, 0, 0, 1, 0, 0, 0, 0, 0, 0, 0, 0, 0, 0, 0], [0, 0, 0, 0, 0, 0, 0, 0, 0, 0, 0, 1, 0, 0, 0, 0, 0, 0, 0, 0, 0, 0], [0, 0, 0, 0, 0, 0, 0, 0, 0, 0, 0, 0, 1, 0, 0, 0, 0, 0, 0, 0, 0, 0], [0, 0, 0, 0, 0, 0, 0, 0, 0, 0, 0, 0, 0, 1, 0, 0, 0, 0, 0, 0, 0, 0], [0, 0, 0, 0, 0, 0, 0, 0, 0, 0, 0, 0, 0, 0, 1, 0, 0, 0, 0, 0, 0, 0], [0, 0, 0, 0, 0, 0, 0, 0, 0, 0, 0, 0, 0, 0, 0, 1, 0, 0, 0, 0, 0, 0], [0, 0, 0, 0, 0, 0, 0, 0, 0, 0, 0, 0, 0, 0, 0, 0, 1, 0, 0, 0, 0, 0], [0, 0, 0, 0, 0, 0, 0, 0, 0, 0, 0, 0, 0, 0, 0, 0, 0, 1, 0, 0, 0, 0], [0, 0, 0, 0, 0, 0, 0, 0, 0, 0, 0, 0, 0, 0, 0, 0, 0, 0, 1, 0, 0, 0], [0, 0, 0, 0, 0, 0, 0, 0, 0, 0, 0, 0, 0, 0, 0, 0, 0, 0, 0, 1, 0, 0], [0, 0, 0, 0, 0, 0, 0, 0, 0, 0, 0, 0, 0, 0, 0, 0, 0, 0, 0, 0, 1, 0], [0, 0, 0, 0, 0, 0, 0, 0, 0, 0, 0, 0, 0, 0, 0, 0, 0, 0, 0, 0, 0, 1]]
[[1, 0, 0, 0, 0, 0, 0, 0, 0, 0, 0, 0, 0, 0, 0, 0, 0, 0, 0, 0, 0, 0], [0, 1, 0, 0, 0, 0, 0, 0, 0, 0, 0, 0, 0, 0, 0, 0, 0, 0, 0, 0, 0, 0], [0, 0, 1, 0, 0, 0, 0, 0, 0, 0, 0, 0, 0, 0, 0, 0, 0, 0, 0, 0, 0, 0], [0, 0, 0, 1, 0, 0, 0, 0, 0, 0, 0, 0, 0, 0, 0, 0, 0, 0, 0, 0, 0, 0], [0, 0, 0, 0, 1, 0, 0, 0, 0, 0, 0, 0, 0, 0, 0, 0, 0, 0, 0, 0, 0, 0], [0, 0, 0, 0, 0, 1, 0, 0, 0, 0, 0, 0, 0, 0, 0, 0, 0, 0, 0, 0, 0, 0], [0, 0, 0, 0, 0, 0, 1, 0, 0, 0, 0, 0, 0, 0, 0, 0, 0, 0, 0, 0, 0, 0], [0, 0, 0, 0, 0, 0, 0, 1, 0, 0, 0, 0, 0, 0, 0, 0, 0, 0, 0, 0, 0, 0], [0, 0, 0, 0, 0, 0, 0, 0, 1, 0, 0, 0, 0, 0, 0, 0, 0, 0, 0, 0, 0, 0], [0, 0, 0, 0, 0, 0, 0, 0, 0, 1, 0, 0, 0, 0, 0, 0, 0, 0, 0, 0, 0, 0], [0, 0, 0, 0, 0, 0, 0, 0, 0, 0, 1, 0, 0, 0, 0, 0, 0, 0, 0, 0, 0, 0], [0, 0, 0, 0, 0, 0, 0, 0, 0, 0, 0, 1, 0, 0, 0, 0, 0, 0, 0, 0, 0, 0], [0, 0, 0, 0, 0, 0, 0, 0, 0, 0, 0, 0, 1, 0, 0, 0, 0, 0, 0, 0, 0, 0], [0, 0, 0, 0, 0, 0, 0, 0, 0, 0, 0, 0, 0, 1, 0, 0, 0, 0, 0, 0, 0, 0], [0, 0, 0, 0, 0, 0, 0, 0, 0, 0, 0, 0, 0, 0, 1, 0, 0, 0, 0, 0, 0, 0], [0, 0, 0, 0, 0, 0, 0, 0, 0, 0, 0, 0, 0, 0, 0, 1, 0, 0, 0, 0, 0, 0], [0, 0, 0, 0, 0, 0, 0, 0, 0, 0, 0, 0, 0, 0, 0, 0, 1, 0, 0, 0, 0, 0], [0, 0, 0, 0, 0, 0, 0, 0, 0, 0, 0, 0, 0, 0, 0, 0, 0, 1, 0, 0, 0, 0], [0, 0, 0, 0, 0, 0, 0, 0, 0, 0, 0, 0, 0, 0, 0, 0, 0, 0, 1, 0, 0, 0], [0, 0, 0, 0, 0, 0, 0, 0, 0, 0, 0, 0, 0, 0, 0, 0, 0, 0, 0, 1, 0, 0], [0, 0, 0, 0, 0, 0, 0, 0, 0, 0, 0, 0, 0, 0, 0, 0, 0, 0, 0, 0, 1, 0], [0, 0, 0, 0, 0, 0, 0, 0, 0, 0, 0, 0, 0, 0, 0, 0, 0, 0, 0, 0, 0, 1]]
[[0, 0, 0, 0, 0, 0, 1, 0, 0, 0, 0, 1, -1, -1, -1, -1, 0, -1, 0, -1, 0, 0], [0, 1, 0, 0, 0, 0, 0, 0, 0, 0, 0, 0, -1, 0, 0, 0, 0, 0, 1, 0, 0, -1], [-1, 0, 1, 1, 0, -1, 0, 0, 0, -1, -1, 0, 1, 0, 3, 0, -1, 1, -1, 1, 0, 0], [1, 0, 0, 0, 0, 0, -2, 0, -1, 1, 1, -2, 2, 2, 0, 2, 1, 1, 0, 1, 0, 1], [0, 0, 0, 0, 1, 0, -2, 0, 0, 1, 0, -2, 3, 2, 0, 3, 1, 1, 0, 1, 0, 0], [0, -1, -1, -1, 0, 0, -2, 0, -1, 1, 1, -2, 2, 2, 0, 2, 1, 1, 0, 1, 0, 1], [0, 1, 0, 0, 0, 2, 4, 0, 2, 1, 0, 4, -5, -4, -6, -4, 0, -4, 2, -4, -1, -1], [0, 0, 0, 1, 0, 0, 1, 1, 1, -1, -1, 1, -2, -1, 1, -1, -1, 0, 1, 0, 0, -2], [0, 0, -1, 0, -1, 0, 3, 0, 1, -1, -1, 3, -4, -3, -1, -4, -1, -2, 0, -2, 0, 0], [-1, 0, -1, 0, 0, 1, 2, 0, 2, 2, 0, 3, -4, -3, -5, -3, 0, -3, 2, -3, -1, -1], [0, 0, -1, 0, -1, 1, 2, 0, 1, 0, 0, 2, -3, -2, -3, -2, 0, -2, 1, -2, 0, -1], [0, 0, 0, 0, 0, -1, -2, 0, -1, 0, 0, -1, 2, 2, 3, 2, 0, 2, 0, 2, 0, 0], [-1, 0, 0, 0, 0, 1, 1, 0, 1, 0, 0, 1, -1, -1, -2, -1, 0, -1, 1, -1, 0, -1], [0, 0, -1, 0, 0, -1, -1, 0, 0, 1, 0, 0, 0, 1, 0, 0, 0, 0, 1, 0, -1, 0], [0, 0, 0, 0, 0, 1, 1, 0, 1, 0, 0, 1, -1, -1, -1, -1, 0, -1, 0, -1, 0, 0], [1, 0, 0, 0, 0, 0, 1, 0, 0, -1, 0, 1, -1, -1, 1, -1, -1, 0, -1, 0, 0, 1], [1, 0, 1, 0, 0, 0, 0, 0, -1, -1, 0, -1, 1, 1, 2, 1, 1, 1, -1, 1, 1, 0], [0, 0, 0, 0, 0, -1, 0, 0, -1, 0, 0, 0, 0, 0, 1, 0, 0, 1, 0, 0, 0, 0], [0, 0, 1, 0, 0, 0, 0, 0, 0, -1, 0, 0, 1, 0, 1, 0, -1, 0, -1, 0, 0, 1], [0, 0, 1, 0, 0, 0, 1, 0, -1, -1, 0, 0, 0, 0, 1, 0, 0, 0, -1, 1, 1, 0], [-1, 0, -1, 0, 0, -1, -2, 0, 1, 1, 0, 0, 0, 0, 0, 0, -1, 0, 1, 0, -1, 0], [1, 0, 0, 0, 0, 0, 0, 0, 0, 0, 0, 0, 0, 0, 0, 0, 0, 0, 0, 0, 0, 1]]
[[-1, 0, 0, 1, 1, 1, 1, 1, 2, 2, -1, 0, 0, -1, -6, 1, 3, -1, 3, -2, 0, -2], [-2, -2, 0, 1, 2, 1, 3, 2, 3, 0, -1, 1, -1, -2, -5, -1, 2, 0, 3, -1, 1, -2], [1, 1, -1, -1, -2, -1, -2, -1, -2, -1, 0, 0, 0, 1, 5, 0, -3, 0, -2, 1, -1, 1], [2, 1, 0, -3, -3, -2, -4, -3, -5, -2, 2, -1, 1, 3, 11, 0, -5, 1, -6, 3, -1, 4], [3, 1, 0, -3, -5, -3, -5, -4, -7, -3, 3, -1, 1, 4, 14, 0, -6, 1, -8, 4, -1, 5], [2, 1, 0, -2, -3, -3, -4, -3, -5, -2, 2, -1, 1, 3, 11, 0, -5, 1, -6, 3, -1, 4], [-5, -2, 0, 5, 7, 5, 7, 6, 11, 5, -4, 1, -1, -6, -22, 0, 10, -1, 12, -6, 2, -7], [-2, -1, 0, 1, 2, 1, 3, 1, 3, 0, -1, 1, -1, -2, -5, -1, 2, 0, 3, -1, 1, -2], [-4, -2, 0, 4, 6, 4, 7, 5, 8, 4, -3, 1, -1, -5, -19, 0, 9, -1, 10, -5, 2, -6], [-2, -1, 0, 3, 4, 3, 4, 3, 6, 3, -2, 0, 0, -3, -14, 1, 7, -1, 7, -4, 1, -4], [-4, -2, 0, 3, 5, 3, 6, 4, 7, 2, -3, 1, -1, -4, -13, -1, 6, 0, 7, -3, 2, -4], [2, 0, 0, -2, -2, -2, -2, -2, -4, -2, 2, -1, 0, 2, 6, 0, -2, 0, -4, 2, 0, 2], [-1, 0, 0, 1, 1, 1, 1, 1, 2, 1, -1, 0, 0, 0, -4, 1, 2, 0, 3, -1, 0, -2], [0, -1, 0, 0, 1, 0, 1, 0, 0, 0, 1, 0, 1, 0, -3, 0, 2, 0, 1, -1, 0, 0], [-1, 0, 0, 1, 1, 1, 1, 1, 2, 1, -1, 0, 0, -1, -4, 0, 1, 0, 2, -1, 0, -1], [-1, 0, 0, 1, 1, 1, 1, 1, 2, 1, -1, 0, -1, -2, -2, -1, 1, 0, 1, 0, 1, -1], [1, 0, 0, -1, -1, -1, -1, -1, -2, -1, 1, 0, 0, 1, 3, 0, -2, 0, -2, 1, 0, 1], [0, 0, 0, 0, 0, 0, 0, 0, 0, 0, 0, 0, 0, 0, 0, 0, 0, -1, 0, 0, 0, 0], [0, 1, 0, 0, -1, 0, -1, 0, 0, 0, -1, 0, 0, 0, 2, 0, -2, 0, -1, 0, -1, 0], [0, 0, 0, 0, 0, 0, 0, 0, 0, 0, 0, 0, 0, 0, 0, 1, 1, 0, 0, 0, 1, -1], [0, 0, 0, 0, 0, 0, 0, 0, 0, 0, 0, 0, 0, 0, 0, 0, 0, 0, 0, 0, -1, 0], [0, 0, 0, 0, 0, 0, 0, 0, 0, 0, 0, 0, -1, -1, 1, -1, -1, 0, -1, 0, 0, 0]]
[[1, 0, 0, 0, 0, 0, 0, 0, 0, 0, 0, 0, 0, 0, -1, 0, 1, 0, 0, 0, 0, 0], [1, 0, 1, 0, 0, 0, 1, 0, -1, -1, 1, 0, 0, 0, 0, 0, 1, 1, 0, 0, 1, 0], [-1, 1, 0, 0, 0, 0, -1, 0, 1, 1, -1, 0, 0, 0, 0, 0, -1, -1, 0, 0, -1, 0], [0, -1, -1, -1, -1, -1, -1, -1, -2, -1, 1, -1, 1, 1, 4, 0, -1, 1, -2, 1, 1, 2], [0, 0, 0, 0, 0, 1, 0, 0, 0, 0, 0, 0, 0, 0, 2, 0, -1, 0, 0, 0, 0, 0], [0, 0, 0, 0, 1, 0, 0, 0, 0, 0, 0, 0, 0, 0, 2, 0, -1, 0, 0, 0, 0, 0], [0, 0, 0, 0, 0, 0, 1, 0, 0, 0, 0, 0, 0, 0, -4, 0, 2, 0, 0, 0, 0, 0], [0, 0, 0, 0, 0, 0, 0, 0, 0, 0, 1, 1, 0, 0, 0, 0, 0, 1, 1, 0, 0, 0], [0, 0, 0, 0, 0, 0, 0, 0, 1, 0, 0, 0, 0, 0, -3, 0, 1, 0, 0, 0, 0, 0], [0, 0, 0, 0, 0, 0, 0, 0, 0, 1, 0, 0, 0, 0, -2, 0, 2, 0, 0, 0, 0, 0], [0, 0, 0, 0, 0, 0, 0, 0, 0, 0, 1, 0, 0, 0, -2, 0, 1, 1, 1, 0, 0, 0], [0, 0, 0, 0, 0, 0, 0, 1, 0, 0, -1, 0, 0, 0, 2, 0, -1, 0, 0, 0, 0, 0], [1, 0, 0, 0, 0, 0, 0, 0, -1, 0, 1, 0, 0, 1, 0, 0, 1, 1, 1, 1, 0, 0], [-1, 0, 0, 0, 0, 0, 0, 0, 1, 0, -1, 0, 1, 0, 0, 0, 0, 0, 0, -1, 0, 0], [0, 0, 0, 0, 0, 0, 0, 0, 0, 0, 0, 0, 0, 0, -1, 0, 0, 0, 0, 0, 0, 0], [0, 0, 0, 0, 0, 0, 0, 0, 0, 0, 0, 0, 0, 0, -1, 1, 0, -1, -1, 0, 0, 0], [0, 0, 0, 0, 0, 0, 0, 0, 0, 0, 0, 0, 0, 0, 0, 0, -1, 0, 0, 0, 0, 0], [0, 0, 0, 0, 0, 0, 0, 0, 0, 0, 0, 0, 0, 0, 1, 0, 0, 0, -1, 0, 0, 0], [0, 0, 0, 0, 0, 0, 0, 0, 0, 0, 0, 0, 0, 0, -1, 0, 0, -1, 0, 0, 0, 0], [0, 0, 0, 0, 0, 0, 0, 0, 0, 0, 0, 0, 0, 0, 0, 0, 0, 0, 0, 1, 0, 0], [0, 0, 0, 0, 0, 0, 0, 0, 0, 0, 0, 0, 0, 0, 1, 0, 1, 0, 0, 0, 1, 0], [0, 0, 0, 0, 0, 0, 0, 0, 0, 0, 0, 0, 0, 0, 0, 0, -1, -1, -1, 0, 0, 1]]
[[1, 0, 0, 0, 0, 0, 0, 0, 0, 0, 0, 0, 0, 0, 0, 0, 0, 0, 0, 0, 0, 0], [0, 1, 0, 0, 0, 0, 0, 0, 0, 0, 0, 0, 0, 0, 0, 0, 0, 0, 0, 0, 0, 0], [0, 0, 1, 0, 0, 0, 0, 0, 0, 0, 0, 0, 0, 0, 0, 0, 0, 0, 0, 0, 0, 0], [0, 0, 0, 1, 0, 0, 0, 0, 0, 0, 0, 0, 0, 0, 0, 0, 0, 0, 0, 0, 0, 0], [0, 0, 0, 0, 1, 0, 0, 0, 0, 0, 0, 0, 0, 0, 0, 0, 0, 0, 0, 0, 0, 0], [0, 0, 0, 0, 0, 1, 0, 0, 0, 0, 0, 0, 0, 0, 0, 0, 0, 0, 0, 0, 0, 0], [0, 0, 0, 0, 0, 0, 1, 0, 0, 0, 0, 0, 0, 0, 0, 0, 0, 0, 0, 0, 0, 0], [0, 0, 0, 0, 0, 0, 0, 1, 0, 0, 0, 0, 0, 0, 0, 0, 0, 0, 0, 0, 0, 0], [0, 0, 0, 0, 0, 0, 0, 0, 1, 0, 0, 0, 0, 0, 0, 0, 0, 0, 0, 0, 0, 0], [0, 0, 0, 0, 0, 0, 0, 0, 0, 1, 0, 0, 0, 0, 0, 0, 0, 0, 0, 0, 0, 0], [0, 0, 0, 0, 0, 0, 0, 0, 0, 0, 1, 0, 0, 0, 0, 0, 0, 0, 0, 0, 0, 0], [0, 0, 0, 0, 0, 0, 0, 0, 0, 0, 0, 1, 0, 0, 0, 0, 0, 0, 0, 0, 0, 0], [0, 0, 0, 0, 0, 0, 0, 0, 0, 0, 0, 0, 1, 0, 0, 0, 0, 0, 0, 0, 0, 0], [0, 0, 0, 0, 0, 0, 0, 0, 0, 0, 0, 0, 0, 1, 0, 0, 0, 0, 0, 0, 0, 0], [0, 0, 0, 0, 0, 0, 0, 0, 0, 0, 0, 0, 0, 0, 1, 0, 0, 0, 0, 0, 0, 0], [0, 0, 0, 0, 0, 0, 0, 0, 0, 0, 0, 0, 0, 0, 0, 1, 0, 0, 0, 0, 0, 0], [0, 0, 0, 0, 0, 0, 0, 0, 0, 0, 0, 0, 0, 0, 0, 0, 1, 0, 0, 0, 0, 0], [0, 0, 0, 0, 0, 0, 0, 0, 0, 0, 0, 0, 0, 0, 0, 0, 0, 1, 0, 0, 0, 0], [0, 0, 0, 0, 0, 0, 0, 0, 0, 0, 0, 0, 0, 0, 0, 0, 0, 0, 1, 0, 0, 0], [0, 0, 0, 0, 0, 0, 0, 0, 0, 0, 0, 0, 0, 0, 0, 0, 0, 0, 0, 1, 0, 0], [0, 0, 0, 0, 0, 0, 0, 0, 0, 0, 0, 0, 0, 0, 0, 0, 0, 0, 0, 0, 1, 0], [0, 0, 0, 0, 0, 0, 0, 0, 0, 0, 0, 0, 0, 0, 0, 0, 0, 0, 0, 0, 0, 1]]
[[1, 0, 0, 0, 0, 0, 0, 0, 0, 0, 0, 0, 0, 0, 0, 0, 0, 0, 0, 0, 0, 0], [0, 1, 0, 0, 0, 0, 0, 0, 0, 0, 0, 0, 0, 0, 0, 0, 0, 0, 0, 0, 0, 0], [0, 0, 1, 0, 0, 0, 0, 0, 0, 0, 0, 0, 0, 0, 0, 0, 0, 0, 0, 0, 0, 0], [0, 0, 0, 1, 0, 0, 0, 0, 0, 0, 0, 0, 0, 0, 0, 0, 0, 0, 0, 0, 0, 0], [0, 0, 0, 0, 1, 0, 0, 0, 0, 0, 0, 0, 0, 0, 0, 0, 0, 0, 0, 0, 0, 0], [0, 0, 0, 0, 0, 1, 0, 0, 0, 0, 0, 0, 0, 0, 0, 0, 0, 0, 0, 0, 0, 0], [0, 0, 0, 0, 0, 0, 1, 0, 0, 0, 0, 0, 0, 0, 0, 0, 0, 0, 0, 0, 0, 0], [0, 0, 0, 0, 0, 0, 0, 1, 0, 0, 0, 0, 0, 0, 0, 0, 0, 0, 0, 0, 0, 0], [0, 0, 0, 0, 0, 0, 0, 0, 1, 0, 0, 0, 0, 0, 0, 0, 0, 0, 0, 0, 0, 0], [0, 0, 0, 0, 0, 0, 0, 0, 0, 1, 0, 0, 0, 0, 0, 0, 0, 0, 0, 0, 0, 0], [0, 0, 0, 0, 0, 0, 0, 0, 0, 0, 1, 0, 0, 0, 0, 0, 0, 0, 0, 0, 0, 0], [0, 0, 0, 0, 0, 0, 0, 0, 0, 0, 0, 1, 0, 0, 0, 0, 0, 0, 0, 0, 0, 0], [0, 0, 0, 0, 0, 0, 0, 0, 0, 0, 0, 0, 1, 0, 0, 0, 0, 0, 0, 0, 0, 0], [0, 0, 0, 0, 0, 0, 0, 0, 0, 0, 0, 0, 0, 1, 0, 0, 0, 0, 0, 0, 0, 0], [0, 0, 0, 0, 0, 0, 0, 0, 0, 0, 0, 0, 0, 0, 1, 0, 0, 0, 0, 0, 0, 0], [0, 0, 0, 0, 0, 0, 0, 0, 0, 0, 0, 0, 0, 0, 0, 1, 0, 0, 0, 0, 0, 0], [0, 0, 0, 0, 0, 0, 0, 0, 0, 0, 0, 0, 0, 0, 0, 0, 1, 0, 0, 0, 0, 0], [0, 0, 0, 0, 0, 0, 0, 0, 0, 0, 0, 0, 0, 0, 0, 0, 0, 1, 0, 0, 0, 0], [0, 0, 0, 0, 0, 0, 0, 0, 0, 0, 0, 0, 0, 0, 0, 0, 0, 0, 1, 0, 0, 0], [0, 0, 0, 0, 0, 0, 0, 0, 0, 0, 0, 0, 0, 0, 0, 0, 0, 0, 0, 1, 0, 0], [0, 0, 0, 0, 0, 0, 0, 0, 0, 0, 0, 0, 0, 0, 0, 0, 0, 0, 0, 0, 1, 0], [0, 0, 0, 0, 0, 0, 0, 0, 0, 0, 0, 0, 0, 0, 0, 0, 0, 0, 0, 0, 0, 1]]
[[1, 0, 0, 0, 0, 0, 0, 0, 0, 0, 0, 0, 0, 0, 0, 0, 0, 0, 0, 0, 0, 0], [3, 1, 0, 0, -1, -1, -1, 0, 0, 2, -1, 0, -2, -2, -5, -1, 1, -3, 1, -4, -2, 0], [1, 0, 1, 0, 0, 0, 0, 0, 0, 1, 0, 0, -1, -1, -3, 0, 1, -1, 1, -2, -1, -1], [-3, 0, 0, 1, 1, 1, 1, 0, 0, -2, 1, 0, 2, 2, 5, 1, -1, 3, -1, 4, 2, 0], [-2, 0, 0, 0, 1, 0, 0, 0, -1, -1, 1, 0, 2, 2, 4, 1, -1, 2, -1, 3, 1, 1], [-2, 0, 0, 0, 0, 1, 0, 0, -1, -1, 1, 0, 2, 2, 4, 1, -1, 2, -1, 3, 1, 1], [-1, -1, -1, 0, 0, 0, 1, 0, 2, -1, -1, 0, -1, -1, 1, -2, -1, 0, 0, 1, 1, 0], [2, 0, 0, 0, 0, 0, 0, 1, 1, 1, -1, 0, -2, -2, -4, -1, 1, -2, 1, -3, -1, -1], [-1, -1, -1, 0, 0, 0, 0, 0, 2, 0, 0, 0, -1, -1, -1, -1, 0, 0, 1, 0, 0, -1], [-3, -1, -1, 0, 1, 1, 1, 0, 2, -1, 0, 0, 0, 0, 3, -1, -1, 2, 0, 3, 2, -1], [1, 0, 0, 0, 0, 0, 0, 0, 1, 0, 0, 0, -1, -1, -1, -1, 0, -1, 0, -1, 0, 0], [1, 0, 0, 0, 0, 0, 0, 0, 0, 1, 0, 1, -1, -1, -3, 0, 1, -1, 1, -2, -1, -1], [3, 1, 1, 0, 0, 0, 0, 0, 0, 1, -1, 0, 0, -1, -3, 0, 1, -2, 0, -3, -1, 0], [-2, -1, -1, 0, 0, 0, 0, 0, 0, 0, 1, 0, 0, 1, 0, 0, 0, 1, 1, 1, 0, -1], [0, 0, 0, 0, 0, 0, 0, 0, 0, 0, 0, 0, 0, 0, 1, 0, 0, 0, 0, 0, 0, 0], [-2, -1, -1, 0, 0, 0, 0, 0, 1, -1, 0, 0, 0, 0, 2, 0, -1, 1, 0, 2, 1, 0], [0, 0, 0, 0, 0, 0, 0, 0, 0, 0, 0, 0, 0, 0, 0, 0, 1, 0, 0, 0, 0, 0], [-2, -1, -1, 0, 0, 0, 0, 0, 1, -1, 0, 0, 0, 0, 2, -1, -1, 2, 0, 2, 1, 0], [2, 1, 1, 0, 0, 0, 0, 0, -1, 1, 0, 0, 0, 0, -2, 1, 1, -1, 1, -2, -1, 0], [3, 1, 1, 0, 0, 0, 0, 0, 0, 1, -1, 0, -1, -1, -3, 0, 1, -2, 0, -2, -1, 0], [0, 0, 0, 0, 0, 0, 0, 0, -1, 1, 1, 0, 0, 0, -2, 1, 1, 0, 1, -1, 0, -1], [-4, -1, -1, 0, 1, 1, 1, 0, 1, -2, 1, 0, 1, 1, 4, 0, -1, 3, 0, 4, 2, 0]]
[[-2, 0, 0, 0, 1, 1, 1, 1, 2, 0, 0, 1, -1, -1, -1, -1, -1, 0, 2, 0, 0, -1], [0, 1, 0, 0, 0, 0, -1, 0, 1, 2, -1, 0, -1, -1, -3, 0, 0, -2, 1, -2, -2, -1], [3, 0, 1, 0, -1, -1, -1, -1, -2, 0, 1, -1, 0, 0, 0, 0, 1, 0, -1, -1, 0, 1], [0, 0, 0, 1, 0, 0, 0, 0, 0, 0, -1, 0, 1, 1, 1, 1, 0, 0, -1, 1, 0, 0], [3, 0, 0, 0, -1, -2, -2, -1, -3, 0, 0, -1, 2, 2, 2, 2, 0, 0, -3, 0, -1, 2], [3, 0, 0, 0, -2, -1, -2, -1, -3, 0, 0, -1, 2, 2, 2, 2, 0, 0, -3, 0, -1, 2], [-7, -1, -1, 0, 3, 3, 4, 2, 5, -1, 1, 2, -2, -2, -1, -2, 0, 2, 5, 2, 3, -4], [-1, 0, 0, 0, 1, 1, 1, 1, 2, 0, -1, 0, -1, -1, -2, -1, 0, -1, 1, 0, 0, -1], [-7, -1, -1, 0, 3, 3, 4, 2, 5, -1, 1, 2, -2, -2, -1, -3, 0, 2, 5, 3, 3, -3], [-6, -1, -1, 0, 2, 2, 3, 1, 4, -2, 1, 1, -1, -1, 0, -2, -1, 2, 3, 3, 3, -2], [-3, 0, 0, 0, 2, 2, 2, 1, 3, 0, 0, 1, -1, -1, -1, -1, 0, 0, 2, 1, 1, -2], [2, 0, 0, 0, -1, -1, -1, -1, -1, 0, 0, 0, 0, 0, -1, 0, 0, -1, -1, -1, -1, 1], [1, 1, 1, 0, 0, 0, -1, 0, 1, 1, -1, 0, 0, -1, -2, 0, -1, -2, 0, -3, -2, 0], [-2, -1, -1, 0, 0, 0, 1, 0, 0, -1, 1, 0, 0, 1, 0, -1, 0, 1, 1, 2, 1, 0], [0, 0, 0, 0, 0, 0, 0, 0, 0, 0, 0, 0, 0, 0, 1, 0, 0, 0, 0, 0, 0, 0], [-2, -1, -1, 0, 1, 1, 2, 1, 1, -1, 0, 1, -1, -1, 2, -1, 0, 2, 1, 2, 2, -1], [0, 0, 0, 0, 0, 0, 0, 0, 0, 0, 0, 0, 0, 0, 0, 0, 1, 0, 0, 0, 0, 0], [-2, 0, 0, 0, 1, 1, 1, 0, 1, 0, 1, 0, 0, 0, -2, 0, 1, 1, 2, 1, 1, -1], [2, 0, 0, 0, -1, -1, -1, 0, -1, 0, -1, 0, 0, 0, 2, 0, -1, 0, -1, -1, -1, 1], [2, 1, 1, 0, 0, 0, -1, 0, 0, 1, 0, 0, -1, -1, -1, 0, 0, -1, 0, -2, -1, 0], [-1, -1, -1, 0, -1, -1, 0, 0, 0, -1, -1, 0, 0, 0, 1, -1, -2, 0, -1, 1, 0, 1], [-4, -2, -2, 0, 1, 1, 2, 1, 2, -2, 0, 1, 0, 0, 3, -1, 0, 3, 1, 4, 3, -1]]
[[1, 0, 0, 0, 0, 0, 0, 0, 0, 0, 0, 0, 0, 0, 0, 0, 0, 0, 0, 0, 0, 0], [0, 1, 0, 0, 0, 0, 0, 0, 0, 0, 0, 0, 0, 0, 0, 0, 0, 0, 0, 0, 0, 0], [0, 0, 1, 0, 0, 0, 0, 0, 0, 0, 0, 0, 0, 0, 0, 0, 0, 0, 0, 0, 0, 0], [0, 0, 0, 1, 0, 0, 0, 0, 0, 0, 0, 0, 0, 0, 0, 0, 0, 0, 0, 0, 0, 0], [0, 0, 0, 0, 1, 0, 0, 0, 0, 0, 0, 0, 0, 0, 0, 0, 0, 0, 0, 0, 0, 0], [0, 0, 0, 0, 0, 1, 0, 0, 0, 0, 0, 0, 0, 0, 0, 0, 0, 0, 0, 0, 0, 0], [0, 0, 0, 0, 0, 0, 1, 0, 0, 0, 0, 0, 0, 0, 0, 0, 0, 0, 0, 0, 0, 0], [0, 0, 0, 0, 0, 0, 0, 1, 0, 0, 0, 0, 0, 0, 0, 0, 0, 0, 0, 0, 0, 0], [0, 0, 0, 0, 0, 0, 0, 0, 1, 0, 0, 0, 0, 0, 0, 0, 0, 0, 0, 0, 0, 0], [0, 0, 0, 0, 0, 0, 0, 0, 0, 1, 0, 0, 0, 0, 0, 0, 0, 0, 0, 0, 0, 0], [0, 0, 0, 0, 0, 0, 0, 0, 0, 0, 1, 0, 0, 0, 0, 0, 0, 0, 0, 0, 0, 0], [0, 0, 0, 0, 0, 0, 0, 0, 0, 0, 0, 1, 0, 0, 0, 0, 0, 0, 0, 0, 0, 0], [0, 0, 0, 0, 0, 0, 0, 0, 0, 0, 0, 0, 1, 0, 0, 0, 0, 0, 0, 0, 0, 0], [0, 0, 0, 0, 0, 0, 0, 0, 0, 0, 0, 0, 0, 1, 0, 0, 0, 0, 0, 0, 0, 0], [0, 0, 0, 0, 0, 0, 0, 0, 0, 0, 0, 0, 0, 0, 1, 0, 0, 0, 0, 0, 0, 0], [0, 0, 0, 0, 0, 0, 0, 0, 0, 0, 0, 0, 0, 0, 0, 1, 0, 0, 0, 0, 0, 0], [0, 0, 0, 0, 0, 0, 0, 0, 0, 0, 0, 0, 0, 0, 0, 0, 1, 0, 0, 0, 0, 0], [0, 0, 0, 0, 0, 0, 0, 0, 0, 0, 0, 0, 0, 0, 0, 0, 0, 1, 0, 0, 0, 0], [0, 0, 0, 0, 0, 0, 0, 0, 0, 0, 0, 0, 0, 0, 0, 0, 0, 0, 1, 0, 0, 0], [0, 0, 0, 0, 0, 0, 0, 0, 0, 0, 0, 0, 0, 0, 0, 0, 0, 0, 0, 1, 0, 0], [0, 0, 0, 0, 0, 0, 0, 0, 0, 0, 0, 0, 0, 0, 0, 0, 0, 0, 0, 0, 1, 0], [0, 0, 0, 0, 0, 0, 0, 0, 0, 0, 0, 0, 0, 0, 0, 0, 0, 0, 0, 0, 0, 1]]
[[1, 0, 0, 0, 0, 0, 0, 0, 0, 0, 0, 0, 0, 0, 0, 0, 0, 0, 0, 0, 0, 0], [1, 1, 1, 1, 0, 0, 0, 0, 0, 0, 0, 0, 0, 0, 0, 0, 0, 0, 0, 0, 0, 0], [-1, 0, 0, -1, 0, 0, 0, 0, 0, 0, 0, 0, 0, 0, 0, 0, 0, 0, 0, 0, 0, 0], [-1, 0, -1, 0, 0, 0, 0, 0, 0, 0, 0, 0, 0, 0, 0, 0, 0, 0, 0, 0, 0, 0], [0, 0, 0, 0, 1, 0, 0, 0, 0, 0, 0, 0, 0, 0, 0, 0, 0, 0, 0, 0, 0, 0], [1, 1, 1, 1, 1, 0, -1, 0, 0, 1, -1, -1, 1, 0, 0, 1, 1, 0, 0, -1, -1, 0], [0, -1, 0, 0, -1, 0, 1, 0, 0, -1, 0, 0, 0, 0, 1, -1, -1, 0, -1, 1, 1, 1], [-1, 0, -1, 0, 0, 1, 1, 1, 1, 0, 1, 2, -2, 0, 0, -1, -1, 0, 2, 1, 0, -1], [-1, -1, -1, -1, -1, 1, 1, 0, 1, -1, 1, 1, -1, 0, 0, -1, -1, 0, 0, 1, 1, 0], [0, 0, 0, 0, 0, 0, 0, 0, 0, 1, 0, 0, 0, 0, 0, 0, 0, 0, 0, 0, 0, 0], [1, 0, 1, 1, 0, 0, 0, 0, 0, 0, 1, 0, 0, 0, 0, 0, 0, 0, 0, 0, 0, 0], [-1, 0, -1, -1, 0, 0, 0, 0, 0, 0, 0, 1, 0, 0, 0, 0, 0, 0, 0, 0, 0, 0], [2, 1, 2, 2, 1, 0, 0, 0, 0, 1, 0, 0, 1, 0, -1, 1, 1, 0, 1, -1, -1, -1], [-1, 0, -1, -1, 0, 0, 0, 0, 0, 0, 0, 0, 0, 1, 0, 0, 0, 0, 0, 0, 0, 0], [2, 0, 2, 1, 0, 0, 0, 0, -1, 0, 0, -1, 1, 0, 0, 1, 1, 0, -1, -1, 0, 0], [-1, -1, -1, -1, -1, 0, 0, 0, 0, -1, 0, 0, 0, 0, 1, 0, -1, 0, -1, 1, 1, 1], [-1, -1, -1, -1, -1, 1, 1, 0, 0, -1, 1, 1, -1, 0, 0, -1, 0, 0, 0, 1, 1, 0], [-3, -1, -3, -2, -1, 0, 0, 0, 1, -1, 0, 1, -1, 0, 2, -2, -2, 1, 0, 2, 1, 1], [1, 0, 1, 0, 0, 0, 0, 0, -1, 0, 0, -1, 1, 0, -1, 1, 1, 0, 0, -1, 0, 0], [0, 0, 0, 0, 0, 0, 0, 0, 0, 0, 0, 0, 0, 0, 0, 0, 0, 0, 0, 1, 0, 0], [0, 1, 0, 0, 1, 0, 0, 0, 0, 1, 0, 0, 0, 0, -1, 1, 1, 0, 1, -1, 0, -1], [-2, -1, -2, -2, -1, 1, 1, 0, 0, -1, 1, 1, -1, 0, 0, -1, -1, 0, 0, 1, 1, 1]]
[[-3, 0, -2, -1, -1, 1, 1, 1, 2, 0, -1, 2, -2, -1, -2, -1, -1, -1, 3, 0, 0, -2], [0, -1, 0, 0, 0, 0, 0, 0, 0, 0, 0, 0, 0, 0, 0, 0, 0, 0, 0, 0, 0, 0], [-1, 0, -1, 0, 0, 0, 1, 1, 1, -1, -1, 1, -1, -1, 0, -1, -1, 0, 1, 0, 0, -1], [2, 0, 2, 0, 1, -1, -1, -1, -2, 0, 1, -2, 2, 1, 2, 1, 1, 1, -3, 0, 0, 2], [4, 0, 3, 1, 0, -2, -2, -2, -4, 0, 2, -3, 3, 2, 3, 2, 2, 1, -5, 0, 0, 3], [6, 1, 4, 2, 1, -3, -4, -3, -5, 2, 2, -5, 5, 3, 3, 4, 3, 1, -6, -1, -1, 4], [-5, 0, -4, -1, -1, 3, 1, 2, 5, 1, -2, 3, -3, -2, -4, -2, -2, -1, 6, 0, 0, -3], [-4, -1, -2, -1, 0, 1, 3, 1, 3, -2, -1, 3, -3, -2, -1, -3, -2, 0, 3, 1, 1, -2], [-7, -1, -5, -2, -1, 3, 4, 3, 5, -1, -2, 5, -5, -3, -4, -4, -3, -1, 7, 1, 1, -4], [-3, 0, -3, -1, -1, 2, 1, 1, 3, 0, -1, 2, -2, -1, -3, -1, -1, -1, 4, 0, 0, -2], [-1, 0, -1, 0, 0, 1, 0, 0, 1, 1, -1, 0, 0, 0, -1, 0, 0, 0, 1, 0, 0, 0], [0, -1, 0, -1, 0, -1, 1, 0, -1, -2, 1, 0, -1, 0, 1, -1, 0, 0, -1, 1, 1, 0], [2, 1, 1, 1, 0, 0, -2, -1, -1, 2, 0, -2, 2, 2, -1, 3, 2, 0, 0, -1, -1, 0], [-1, -1, -1, -1, 0, 0, 1, 0, 0, -1, 1, 1, 0, 0, -1, -1, 0, 0, 1, 0, 0, 0], [2, 1, 1, 1, 0, 0, -2, -1, -1, 2, 0, -2, 2, 1, -1, 2, 1, 0, -1, -1, -1, 1], [-2, 0, -1, 0, 0, 1, 1, 1, 2, 0, -1, 1, -2, -2, 0, -2, -1, 0, 1, 1, 1, -1], [-2, -1, -1, -1, 0, 0, 2, 1, 1, -2, 0, 2, -2, -1, 0, -2, -2, 0, 1, 1, 1, -1], [-4, -1, -2, -1, 0, 1, 3, 2, 3, -2, -1, 3, -3, -2, -1, -3, -2, -1, 3, 1, 1, -2], [1, 1, 1, 1, 0, 0, -1, 0, 0, 1, -1, -1, 1, 0, 0, 1, 0, 0, -1, -1, -1, 0], [0, 0, 0, 0, 0, 0, 0, 0, 0, 0, 0, 0, 0, 0, 0, 1, 1, 0, 0, 0, 1, -1], [0, 0, 0, 0, 0, 0, 0, 0, 0, 0, 0, 0, 0, 0, 0, 0, 0, 0, 0, 0, -1, 0], [-4, -1, -2, -1, 0, 1, 3, 2, 3, -2, -1, 3, -4, -3, 0, -4, -3, 0, 2, 1, 1, -2]]
[[0, 0, 0, -1, 0, 0, 0, 0, 0, 0, 1, 1, -1, 0, -1, 0, 0, -1, 1, 0, 0, -1], [0, 1, 1, 1, 1, 1, 0, 0, 1, 2, 0, 0, 0, 0, -3, 1, 1, -1, 1, -1, -1, -1], [0, 0, 0, -1, -1, -1, 0, 0, -1, -2, 0, 0, 0, 0, 3, -1, -1, 1, -1, 1, 1, 1], [-2, 0, -1, 1, 0, 0, 0, 1, 2, 0, -3, 0, 0, -1, 1, -1, -2, 0, 0, 0, -1, 0], [-1, 0, -1, 1, 0, 0, 0, 1, 2, -1, -3, 0, 0, -1, 2, -1, -3, 1, 0, 0, -1, 0], [0, 0, -1, 1, 0, 0, -1, 0, 1, 0, -2, -1, 1, 0, 2, 0, -1, 1, -1, 0, -1, 1], [3, -1, 2, -1, 1, 0, 0, -2, -4, 2, 6, -1, 1, 2, -4, 3, 6, -1, -1, -1, 2, 0], [0, 1, 1, 1, 1, 1, 1, 1, 1, 1, 0, 1, -1, 0, -2, 0, 0, -1, 2, 0, -1, -1], [2, 0, 2, -1, 1, 1, 1, -1, -2, 1, 4, 0, 0, 1, -3, 1, 4, -1, 0, 0, 2, 0], [2, 0, 1, -1, 0, -1, -1, -2, -3, 1, 4, -1, 1, 2, -2, 2, 3, -1, -1, 0, 1, 1], [2, 0, 2, 1, 2, 1, 0, -1, -1, 3, 3, -1, 1, 1, -4, 2, 4, -1, 0, -1, 0, 0], [-2, 1, -1, 0, -1, 0, 0, 1, 2, -1, -3, 1, 0, -1, 1, -1, -3, 0, 1, 0, -1, 0], [1, 0, 1, 1, 1, 0, -1, -1, 0, 2, 2, 0, 1, 1, -3, 2, 2, -1, 1, -1, -1, -1], [0, 1, 0, 0, 0, 0, 0, 0, 0, 0, -1, -1, 1, 1, 0, 0, 0, 0, 0, 0, 0, 1], [2, -1, 1, 0, 0, 0, 0, -1, -2, 0, 2, -1, 1, 1, 0, 1, 2, 0, -2, 0, 1, 1], [1, -1, 0, -1, 0, 0, 1, 0, -2, -1, 1, 0, 0, 0, 2, 0, 1, 1, -2, 1, 2, 1], [-1, 0, 0, 0, -1, 1, 1, 1, 1, -1, -1, 1, -1, -1, 0, -1, -1, 0, 1, 0, 0, -1], [-1, 1, 0, -1, 0, 0, 0, 0, 0, 0, 0, 0, 0, 0, -1, 0, 0, 0, 1, 0, 0, 0], [0, -2, -1, -1, -1, -1, 0, 0, -1, -2, 0, 0, 0, 0, 3, -1, -1, 1, -2, 1, 1, 1], [0, 0, 0, 0, 0, 0, -1, 0, 0, 1, 1, 0, 0, 0, -1, 1, 1, 0, 1, 0, 0, -1], [-1, 0, -1, 0, 0, -1, 0, 0, 1, -1, -2, 0, 0, 0, 2, -1, -2, 0, -1, 1, 0, 1], [-1, -1, -1, -1, -1, 0, 1, 1, 0, -2, -1, 1, -1, -1, 3, -2, -2, 1, -1, 1, 1, 1]]
[[1, 0, 0, 0, 0, 0, 0, 0, 0, 0, 0, 0, 0, 0, 0, 0, 0, 0, 0, 0, 0, 0], [0, 1, 0, 0, 0, 0, 0, 0, 0, 0, 0, 0, 0, 0, 0, 0, 0, 0, 0, 0, 0, 0], [0, 0, 1, 0, 0, 0, 0, 0, 0, 0, 0, 0, 0, 0, 0, 0, 0, 0, 0, 0, 0, 0], [0, 0, 0, 1, 0, 0, 0, 0, 0, 0, 0, 0, 0, 0, 0, 0, 0, 0, 0, 0, 0, 0], [0, 0, 0, 0, 1, 0, 0, 0, 0, 0, 0, 0, 0, 0, 0, 0, 0, 0, 0, 0, 0, 0], [0, 0, 0, 0, 0, 1, 0, 0, 0, 0, 0, 0, 0, 0, 0, 0, 0, 0, 0, 0, 0, 0], [0, 0, 0, 0, 0, 0, 1, 0, 0, 0, 0, 0, 0, 0, 0, 0, 0, 0, 0, 0, 0, 0], [0, 0, 0, 0, 0, 0, 0, 1, 0, 0, 0, 0, 0, 0, 0, 0, 0, 0, 0, 0, 0, 0], [0, 0, 0, 0, 0, 0, 0, 0, 1, 0, 0, 0, 0, 0, 0, 0, 0, 0, 0, 0, 0, 0], [0, 0, 0, 0, 0, 0, 0, 0, 0, 1, 0, 0, 0, 0, 0, 0, 0, 0, 0, 0, 0, 0], [0, 0, 0, 0, 0, 0, 0, 0, 0, 0, 1, 0, 0, 0, 0, 0, 0, 0, 0, 0, 0, 0], [0, 0, 0, 0, 0, 0, 0, 0, 0, 0, 0, 1, 0, 0, 0, 0, 0, 0, 0, 0, 0, 0], [0, 0, 0, 0, 0, 0, 0, 0, 0, 0, 0, 0, 1, 0, 0, 0, 0, 0, 0, 0, 0, 0], [0, 0, 0, 0, 0, 0, 0, 0, 0, 0, 0, 0, 0, 1, 0, 0, 0, 0, 0, 0, 0, 0], [0, 0, 0, 0, 0, 0, 0, 0, 0, 0, 0, 0, 0, 0, 1, 0, 0, 0, 0, 0, 0, 0], [0, 0, 0, 0, 0, 0, 0, 0, 0, 0, 0, 0, 0, 0, 0, 1, 0, 0, 0, 0, 0, 0], [0, 0, 0, 0, 0, 0, 0, 0, 0, 0, 0, 0, 0, 0, 0, 0, 1, 0, 0, 0, 0, 0], [0, 0, 0, 0, 0, 0, 0, 0, 0, 0, 0, 0, 0, 0, 0, 0, 0, 1, 0, 0, 0, 0], [0, 0, 0, 0, 0, 0, 0, 0, 0, 0, 0, 0, 0, 0, 0, 0, 0, 0, 1, 0, 0, 0], [0, 0, 0, 0, 0, 0, 0, 0, 0, 0, 0, 0, 0, 0, 0, 0, 0, 0, 0, 1, 0, 0], [0, 0, 0, 0, 0, 0, 0, 0, 0, 0, 0, 0, 0, 0, 0, 0, 0, 0, 0, 0, 1, 0], [0, 0, 0, 0, 0, 0, 0, 0, 0, 0, 0, 0, 0, 0, 0, 0, 0, 0, 0, 0, 0, 1]]

#################
# GALOIS GROUPS #
#################


Generators of the monodromy group on the generic Picard lattice:
[[1, 0, 0, 0, 0, 0, 0, 0, 0, 0, 0, 0, 0, 0, 0, 0, 0], [0, 1, 0, 0, 0, 0, 0, 0, 0, 0, 0, 0, 0, 0, 0, 0, 0], [0, 0, 1, 0, 0, 0, 0, 0, 0, 0, 0, 0, 0, 0, 0, 0, 0], [0, 0, 0, 1, 0, 0, 0, 0, 0, 0, 0, 0, 0, 0, 0, 0, 0], [0, 0, 0, 0, 1, 0, 0, 0, 0, 0, 0, 0, 0, 0, 0, 0, 0], [0, 0, 0, 0, 0, 1, 0, 0, 0, 0, 0, 0, 0, 0, 0, 0, 0], [0, 0, 0, 0, 0, 0, 1, 0, 0, 0, 0, 0, 0, 0, 0, 0, 0], [0, 0, 0, 0, 0, 0, 0, 1, 0, 0, 0, 0, 0, 0, 0, 0, 0], [0, 0, 0, 0, 0, 0, 0, 0, 1, 0, 0, 0, 0, 0, 0, 0, 0], [0, 0, 0, 0, 0, 0, 0, 0, 0, 1, 0, 0, 0, 0, 0, 0, 0], [0, 0, 0, 0, 0, 0, 0, 0, 0, 0, 1, 0, 0, 0, 0, 0, 0], [0, 0, 0, 0, 0, 0, 0, 0, 0, 0, 0, 1, 0, 0, 0, 0, 0], [0, 0, 0, 0, 0, 0, 0, 0, 0, 0, 0, 0, 1, 0, 0, 0, 0], [0, 0, 0, 0, 0, 0, 0, 0, 0, 0, 0, 0, 0, 1, 0, 0, 0], [0, 0, 0, 0, 0, 0, 0, 0, 0, 0, 0, 0, 0, 0, 1, 0, 0], [0, 0, 0, 0, 0, 0, 0, 0, 0, 0, 0, 0, 0, 0, 0, 1, 0], [0, 0, 0, 0, 0, 0, 0, 0, 0, 0, 0, 0, 0, 0, 0, 0, 1]]
[[-1, -3, -1, -3, -1, -3, -1, 1, -2, -2, -3, -1, -2, -3, 1, -4, -2], [-1, -1, -1, -1, -1, -1, 0, 0, -1, -1, 0, 0, 0, 0, 0, -1, -1], [-1, -1, 0, -2, -1, -1, -1, 0, -1, -1, -2, -1, 0, -1, 1, -2, -1], [2, 3, 1, 4, 2, 3, 1, -1, 3, 2, 3, 1, 2, 3, -1, 4, 2], [3, 4, 1, 5, 2, 4, 2, -1, 3, 3, 4, 2, 2, 4, -2, 6, 3], [2, 3, 1, 4, 2, 4, 2, -1, 3, 2, 3, 2, 2, 3, -1, 4, 2], [-3, -5, -1, -6, -2, -5, -2, 2, -4, -3, -5, -3, -4, -6, 1, -7, -3], [-1, -1, -1, -1, -1, -1, 0, 1, -1, -1, -1, 0, 0, 0, 1, -1, -1], [-3, -4, -1, -5, -3, -4, -2, 1, -4, -3, -3, -2, -2, -3, 2, -5, -3], [-3, -6, -2, -7, -2, -6, -3, 2, -4, -3, -7, -3, -4, -7, 2, -9, -4], [-1, -2, -1, -3, -2, -3, -1, 1, -3, -2, -2, -1, -2, -2, 2, -3, -2], [0, 0, -1, 0, 0, 1, 0, -1, 1, 0, 1, 1, 2, 2, 0, 1, 0], [-1, -4, -1, -4, -1, -5, -1, 2, -3, -3, -5, -1, -3, -5, 2, -6, -3], [0, 1, 0, 1, 0, 2, 0, -1, 1, 1, 2, 0, 2, 3, -1, 2, 1], [0, -2, 0, -2, -1, -2, -1, 1, -2, -1, -2, -1, -2, -3, 1, -3, -1], [2, 3, 2, 3, 2, 2, 1, 0, 2, 2, 1, 1, 0, 0, -1, 3, 2], [0, 1, 0, 2, 0, 2, 1, -1, 1, 1, 3, 1, 2, 3, -1, 3, 2]]
[[1, 0, 0, 0, 0, 0, 0, 0, 0, 0, 0, 0, 0, 0, 0, 0, 0], [0, 1, 0, 0, 0, 0, 0, 0, 0, 0, 0, 0, 0, 0, 0, 0, 0], [0, 0, 1, 0, 0, 0, 0, 0, 0, 0, 0, 0, 0, 0, 0, 0, 0], [0, 0, 0, 1, 0, 0, 0, 0, 0, 0, 0, 0, 0, 0, 0, 0, 0], [0, 0, 0, 0, 1, 0, 0, 0, 0, 0, 0, 0, 0, 0, 0, 0, 0], [0, 0, 0, 0, 0, 1, 0, 0, 0, 0, 0, 0, 0, 0, 0, 0, 0], [0, 0, 0, 0, 0, 0, 1, 0, 0, 0, 0, 0, 0, 0, 0, 0, 0], [0, 0, 0, 0, 0, 0, 0, 1, 0, 0, 0, 0, 0, 0, 0, 0, 0], [0, 0, 0, 0, 0, 0, 0, 0, 1, 0, 0, 0, 0, 0, 0, 0, 0], [0, 0, 0, 0, 0, 0, 0, 0, 0, 1, 0, 0, 0, 0, 0, 0, 0], [0, 0, 0, 0, 0, 0, 0, 0, 0, 0, 1, 0, 0, 0, 0, 0, 0], [0, 0, 0, 0, 0, 0, 0, 0, 0, 0, 0, 1, 0, 0, 0, 0, 0], [0, 0, 0, 0, 0, 0, 0, 0, 0, 0, 0, 0, 1, 0, 0, 0, 0], [0, 0, 0, 0, 0, 0, 0, 0, 0, 0, 0, 0, 0, 1, 0, 0, 0], [0, 0, 0, 0, 0, 0, 0, 0, 0, 0, 0, 0, 0, 0, 1, 0, 0], [0, 0, 0, 0, 0, 0, 0, 0, 0, 0, 0, 0, 0, 0, 0, 1, 0], [0, 0, 0, 0, 0, 0, 0, 0, 0, 0, 0, 0, 0, 0, 0, 0, 1]]
[[1, 0, 0, 0, 0, 0, 0, 0, 0, 0, 0, 0, 0, 0, 0, 0, 0], [0, 1, 0, 0, 0, 0, 0, 0, 0, 0, 0, 0, 0, 0, 0, 0, 0], [0, 0, 1, 0, 0, 0, 0, 0, 0, 0, 0, 0, 0, 0, 0, 0, 0], [0, 0, 0, 1, 0, 0, 0, 0, 0, 0, 0, 0, 0, 0, 0, 0, 0], [0, 0, 0, 0, 1, 0, 0, 0, 0, 0, 0, 0, 0, 0, 0, 0, 0], [0, 0, 0, 0, 0, 1, 0, 0, 0, 0, 0, 0, 0, 0, 0, 0, 0], [0, 0, 0, 0, 0, 0, 1, 0, 0, 0, 0, 0, 0, 0, 0, 0, 0], [0, 0, 0, 0, 0, 0, 0, 1, 0, 0, 0, 0, 0, 0, 0, 0, 0], [0, 0, 0, 0, 0, 0, 0, 0, 1, 0, 0, 0, 0, 0, 0, 0, 0], [0, 0, 0, 0, 0, 0, 0, 0, 0, 1, 0, 0, 0, 0, 0, 0, 0], [0, 0, 0, 0, 0, 0, 0, 0, 0, 0, 1, 0, 0, 0, 0, 0, 0], [0, 0, 0, 0, 0, 0, 0, 0, 0, 0, 0, 1, 0, 0, 0, 0, 0], [0, 0, 0, 0, 0, 0, 0, 0, 0, 0, 0, 0, 1, 0, 0, 0, 0], [0, 0, 0, 0, 0, 0, 0, 0, 0, 0, 0, 0, 0, 1, 0, 0, 0], [0, 0, 0, 0, 0, 0, 0, 0, 0, 0, 0, 0, 0, 0, 1, 0, 0], [0, 0, 0, 0, 0, 0, 0, 0, 0, 0, 0, 0, 0, 0, 0, 1, 0], [0, 0, 0, 0, 0, 0, 0, 0, 0, 0, 0, 0, 0, 0, 0, 0, 1]]
[[1, 0, 0, 0, 0, 0, 0, 0, 0, 0, 0, 0, 0, 0, 0, 0, 0], [0, 1, 0, 0, 0, 0, 0, 0, 0, 0, 0, 0, 0, 0, 0, 0, 0], [0, 0, 1, 0, 0, 0, 0, 0, 0, 0, 0, 0, 0, 0, 0, 0, 0], [0, 0, 0, 1, 0, 0, 0, 0, 0, 0, 0, 0, 0, 0, 0, 0, 0], [0, 0, 0, 0, 1, 0, 0, 0, 0, 0, 0, 0, 0, 0, 0, 0, 0], [0, 0, 0, 0, 0, 1, 0, 0, 0, 0, 0, 0, 0, 0, 0, 0, 0], [0, 0, 0, 0, 0, 0, 1, 0, 0, 0, 0, 0, 0, 0, 0, 0, 0], [0, 0, 0, 0, 0, 0, 0, 1, 0, 0, 0, 0, 0, 0, 0, 0, 0], [0, 0, 0, 0, 0, 0, 0, 0, 1, 0, 0, 0, 0, 0, 0, 0, 0], [0, 0, 0, 0, 0, 0, 0, 0, 0, 1, 0, 0, 0, 0, 0, 0, 0], [0, 0, 0, 0, 0, 0, 0, 0, 0, 0, 1, 0, 0, 0, 0, 0, 0], [0, 0, 0, 0, 0, 0, 0, 0, 0, 0, 0, 1, 0, 0, 0, 0, 0], [0, 0, 0, 0, 0, 0, 0, 0, 0, 0, 0, 0, 1, 0, 0, 0, 0], [0, 0, 0, 0, 0, 0, 0, 0, 0, 0, 0, 0, 0, 1, 0, 0, 0], [0, 0, 0, 0, 0, 0, 0, 0, 0, 0, 0, 0, 0, 0, 1, 0, 0], [0, 0, 0, 0, 0, 0, 0, 0, 0, 0, 0, 0, 0, 0, 0, 1, 0], [0, 0, 0, 0, 0, 0, 0, 0, 0, 0, 0, 0, 0, 0, 0, 0, 1]]
[[1, 0, 0, 0, 0, 0, 0, 0, 0, 0, 0, 0, 0, 0, -1, 0, 1], [1, -1, 0, -3, -2, -2, -1, 0, -3, -2, -1, 0, -2, -2, 2, -3, -2], [-1, 2, 1, 3, 2, 2, 1, 0, 3, 2, 1, 0, 2, 2, -2, 3, 2], [-1, -3, -1, -4, -2, -4, -2, 1, -3, -3, -4, -1, -2, -4, 4, -5, -4], [0, 0, 0, 0, 0, 1, 0, 0, 0, 0, 0, 0, 0, 0, 2, 0, -1], [0, 0, 0, 0, 1, 0, 0, 0, 0, 0, 0, 0, 0, 0, 2, 0, -1], [0, 0, 0, 0, 0, 0, 1, 0, 0, 0, 0, 0, 0, 0, -4, 0, 2], [1, 0, 0, -1, -1, -1, -1, 0, -1, 0, 0, 1, -2, -2, 1, -1, -1], [0, 0, 0, 0, 0, 0, 0, 0, 1, 0, 0, 0, 0, 0, -3, 0, 1], [0, 0, 0, 0, 0, 0, 0, 0, 0, 1, 0, 0, 0, 0, -2, 0, 2], [1, 0, 0, -1, -1, -1, -1, 0, -1, 0, 0, 0, -2, -2, -1, -1, 0], [0, 0, 0, 0, 0, 0, 0, 1, 0, 0, -1, 0, 0, 0, 2, 0, -1], [3, 1, 1, 1, 0, 0, 0, 0, -1, 1, 1, 0, -1, 0, -1, 1, 2], [-2, -1, -1, -2, -1, -1, -1, 0, 0, -1, -2, 0, 0, -1, 2, -2, -2], [0, 0, 0, 0, 0, 0, 0, 0, 0, 0, 0, 0, 0, 0, -1, 0, 0], [0, 3, 1, 6, 3, 5, 3, -1, 4, 3, 5, 1, 4, 6, -3, 7, 4], [0, 0, 0, 0, 0, 0, 0, 0, 0, 0, 0, 0, 0, 0, 0, 0, -1]]
[[1, 0, 0, 0, 0, 0, 0, 0, 0, 0, 0, 0, 0, 0, 0, 0, 0], [0, 1, 0, 0, 0, 0, 0, 0, 0, 0, 0, 0, 0, 0, 0, 0, 0], [0, 0, 1, 0, 0, 0, 0, 0, 0, 0, 0, 0, 0, 0, 0, 0, 0], [0, 0, 0, 1, 0, 0, 0, 0, 0, 0, 0, 0, 0, 0, 0, 0, 0], [0, 0, 0, 0, 1, 0, 0, 0, 0, 0, 0, 0, 0, 0, 0, 0, 0], [0, 0, 0, 0, 0, 1, 0, 0, 0, 0, 0, 0, 0, 0, 0, 0, 0], [0, 0, 0, 0, 0, 0, 1, 0, 0, 0, 0, 0, 0, 0, 0, 0, 0], [0, 0, 0, 0, 0, 0, 0, 1, 0, 0, 0, 0, 0, 0, 0, 0, 0], [0, 0, 0, 0, 0, 0, 0, 0, 1, 0, 0, 0, 0, 0, 0, 0, 0], [0, 0, 0, 0, 0, 0, 0, 0, 0, 1, 0, 0, 0, 0, 0, 0, 0], [0, 0, 0, 0, 0, 0, 0, 0, 0, 0, 1, 0, 0, 0, 0, 0, 0], [0, 0, 0, 0, 0, 0, 0, 0, 0, 0, 0, 1, 0, 0, 0, 0, 0], [0, 0, 0, 0, 0, 0, 0, 0, 0, 0, 0, 0, 1, 0, 0, 0, 0], [0, 0, 0, 0, 0, 0, 0, 0, 0, 0, 0, 0, 0, 1, 0, 0, 0], [0, 0, 0, 0, 0, 0, 0, 0, 0, 0, 0, 0, 0, 0, 1, 0, 0], [0, 0, 0, 0, 0, 0, 0, 0, 0, 0, 0, 0, 0, 0, 0, 1, 0], [0, 0, 0, 0, 0, 0, 0, 0, 0, 0, 0, 0, 0, 0, 0, 0, 1]]
[[1, 0, 0, 0, 0, 0, 0, 0, 0, 0, 0, 0, 0, 0, 0, 0, 0], [0, 1, 0, 0, 0, 0, 0, 0, 0, 0, 0, 0, 0, 0, 0, 0, 0], [0, 0, 1, 0, 0, 0, 0, 0, 0, 0, 0, 0, 0, 0, 0, 0, 0], [0, 0, 0, 1, 0, 0, 0, 0, 0, 0, 0, 0, 0, 0, 0, 0, 0], [0, 0, 0, 0, 1, 0, 0, 0, 0, 0, 0, 0, 0, 0, 0, 0, 0], [0, 0, 0, 0, 0, 1, 0, 0, 0, 0, 0, 0, 0, 0, 0, 0, 0], [0, 0, 0, 0, 0, 0, 1, 0, 0, 0, 0, 0, 0, 0, 0, 0, 0], [0, 0, 0, 0, 0, 0, 0, 1, 0, 0, 0, 0, 0, 0, 0, 0, 0], [0, 0, 0, 0, 0, 0, 0, 0, 1, 0, 0, 0, 0, 0, 0, 0, 0], [0, 0, 0, 0, 0, 0, 0, 0, 0, 1, 0, 0, 0, 0, 0, 0, 0], [0, 0, 0, 0, 0, 0, 0, 0, 0, 0, 1, 0, 0, 0, 0, 0, 0], [0, 0, 0, 0, 0, 0, 0, 0, 0, 0, 0, 1, 0, 0, 0, 0, 0], [0, 0, 0, 0, 0, 0, 0, 0, 0, 0, 0, 0, 1, 0, 0, 0, 0], [0, 0, 0, 0, 0, 0, 0, 0, 0, 0, 0, 0, 0, 1, 0, 0, 0], [0, 0, 0, 0, 0, 0, 0, 0, 0, 0, 0, 0, 0, 0, 1, 0, 0], [0, 0, 0, 0, 0, 0, 0, 0, 0, 0, 0, 0, 0, 0, 0, 1, 0], [0, 0, 0, 0, 0, 0, 0, 0, 0, 0, 0, 0, 0, 0, 0, 0, 1]]
[[-1, -1, 0, -1, 0, -1, 0, 0, -1, -1, -1, 0, 0, -1, 1, -2, -1], [1, 2, 0, 1, 0, 1, 0, -1, 0, 1, 2, 0, 0, 2, 0, 2, 1], [-1, -1, 0, 0, 0, -1, 0, 0, 0, 0, -1, 0, 0, -1, 0, -1, 0], [2, 2, 1, 2, 0, 1, 0, 1, 1, 1, 1, 0, 0, 1, -1, 3, 1], [1, 3, 0, 3, 1, 3, 1, 0, 3, 2, 3, 1, 2, 4, -2, 6, 2], [1, 1, 0, 1, 0, 1, 0, 1, 1, 1, 1, 0, 0, 1, -1, 3, 1], [-2, -1, 1, -1, 1, 0, 1, -1, -1, -1, -1, 0, 0, -2, 1, -4, -1], [1, 0, -1, 1, 0, 1, 0, -1, 0, 1, 2, 0, 0, 2, 0, 1, 1], [-2, -4, -1, -4, -1, -4, -1, 0, -3, -3, -5, -1, -2, -5, 3, -8, -3], [-2, -1, 0, 0, 1, 0, 0, -1, 0, 1, 0, 0, 0, -1, 0, -2, 0], [-1, -1, -1, -1, -1, 0, 0, -1, -1, -1, 0, 0, 0, 0, 1, -2, -1], [2, 2, 0, 2, 0, 1, 0, 0, 1, 2, 2, 1, 0, 2, -1, 4, 2], [-1, 0, 0, 0, 0, 1, 0, -1, 0, 0, 1, 0, 1, 1, 0, 0, 0], [1, 1, 0, 2, 1, 0, 0, 0, 1, 2, 1, 0, 0, 1, -1, 2, 2], [-1, -1, 0, -1, 0, 0, 0, 0, 0, -1, -1, 0, 0, -1, 1, -2, -1], [-1, -2, 0, -2, 0, -1, 0, 1, 0, -2, -2, 0, 0, -2, 0, -2, -2], [1, 0, 0, -1, -1, 0, 0, 0, -1, -1, 0, 0, 0, 1, 1, 0, 0]]
[[0, 3, 0, 3, 0, 3, 1, -1, 2, 2, 3, 1, 2, 4, -1, 5, 2], [0, -1, 0, 0, 0, 0, 0, 0, 0, 0, 0, 0, 0, 0, 0, 0, 0], [0, 0, -1, 0, 0, 0, 0, 0, 0, 0, 0, 0, 0, 0, 0, 0, 0], [-1, -3, 0, -4, 0, -3, -1, 1, -2, -2, -3, -1, -2, -4, 1, -5, -2], [-1, -4, 0, -4, -1, -4, -1, 1, -3, -3, -3, -1, -2, -4, 1, -6, -2], [-1, -3, 0, -3, 0, -4, -1, 1, -2, -2, -3, -1, -2, -4, 1, -5, -2], [1, 5, 0, 5, 0, 5, 0, -1, 4, 4, 3, 1, 2, 4, -1, 7, 2], [0, 0, 0, 0, 0, 0, 0, -1, 0, 0, 0, 0, 0, 0, 0, 0, 0], [1, 4, 0, 4, 0, 4, 1, -1, 2, 3, 3, 1, 2, 4, -1, 6, 2], [1, 4, 0, 4, 0, 4, 1, -1, 3, 2, 3, 1, 2, 4, -1, 6, 2], [0, 1, 0, 1, 0, 1, 0, 0, 1, 1, -1, 0, 0, 0, 0, 1, 0], [0, -2, 0, -2, 0, -2, 0, 0, -2, -2, 0, -1, 0, 0, 0, -2, 0], [1, 3, 0, 3, 0, 3, 1, -1, 2, 2, 3, 1, 1, 4, -1, 5, 2], [0, -1, 0, -1, 0, -1, 0, 0, -1, -1, 0, 0, 0, -1, 0, -1, 0], [0, 1, 0, 1, 0, 1, 0, 0, 1, 1, 0, 0, 0, 0, -1, 1, 0], [0, 0, 0, 0, 0, 0, 0, 0, 0, 0, 0, 0, 0, 0, 0, -1, 0], [0, -1, 0, -1, 0, -1, 0, 0, -1, -1, 0, 0, 0, 0, 0, -1, -1]]
[[1, 0, 0, 0, 0, 0, 0, 0, 0, 0, 0, 0, 0, 0, -1, 0, 1], [1, -1, 0, -3, -2, -2, -1, 0, -3, -2, -1, 0, -2, -2, 2, -3, -2], [-1, 2, 1, 3, 2, 2, 1, 0, 3, 2, 1, 0, 2, 2, -2, 3, 2], [-1, -3, -1, -4, -2, -4, -2, 1, -3, -3, -4, -1, -2, -4, 4, -5, -4], [0, 0, 0, 0, 0, 1, 0, 0, 0, 0, 0, 0, 0, 0, 2, 0, -1], [0, 0, 0, 0, 1, 0, 0, 0, 0, 0, 0, 0, 0, 0, 2, 0, -1], [0, 0, 0, 0, 0, 0, 1, 0, 0, 0, 0, 0, 0, 0, -4, 0, 2], [1, 0, 0, -1, -1, -1, -1, 0, -1, 0, 0, 1, -2, -2, 1, -1, -1], [0, 0, 0, 0, 0, 0, 0, 0, 1, 0, 0, 0, 0, 0, -3, 0, 1], [0, 0, 0, 0, 0, 0, 0, 0, 0, 1, 0, 0, 0, 0, -2, 0, 2], [1, 0, 0, -1, -1, -1, -1, 0, -1, 0, 0, 0, -2, -2, -1, -1, 0], [0, 0, 0, 0, 0, 0, 0, 1, 0, 0, -1, 0, 0, 0, 2, 0, -1], [3, 1, 1, 1, 0, 0, 0, 0, -1, 1, 1, 0, -1, 0, -1, 1, 2], [-2, -1, -1, -2, -1, -1, -1, 0, 0, -1, -2, 0, 0, -1, 2, -2, -2], [0, 0, 0, 0, 0, 0, 0, 0, 0, 0, 0, 0, 0, 0, -1, 0, 0], [0, 3, 1, 6, 3, 5, 3, -1, 4, 3, 5, 1, 4, 6, -3, 7, 4], [0, 0, 0, 0, 0, 0, 0, 0, 0, 0, 0, 0, 0, 0, 0, 0, -1]]
[[1, 0, 0, 0, 0, 0, 0, 0, 0, 0, 0, 0, 0, 0, 0, 0, 0], [0, 1, 0, 0, 0, 0, 0, 0, 0, 0, 0, 0, 0, 0, 0, 0, 0], [0, 0, 1, 0, 0, 0, 0, 0, 0, 0, 0, 0, 0, 0, 0, 0, 0], [0, 0, 0, 1, 0, 0, 0, 0, 0, 0, 0, 0, 0, 0, 0, 0, 0], [0, 0, 0, 0, 1, 0, 0, 0, 0, 0, 0, 0, 0, 0, 0, 0, 0], [0, 0, 0, 0, 0, 1, 0, 0, 0, 0, 0, 0, 0, 0, 0, 0, 0], [0, 0, 0, 0, 0, 0, 1, 0, 0, 0, 0, 0, 0, 0, 0, 0, 0], [0, 0, 0, 0, 0, 0, 0, 1, 0, 0, 0, 0, 0, 0, 0, 0, 0], [0, 0, 0, 0, 0, 0, 0, 0, 1, 0, 0, 0, 0, 0, 0, 0, 0], [0, 0, 0, 0, 0, 0, 0, 0, 0, 1, 0, 0, 0, 0, 0, 0, 0], [0, 0, 0, 0, 0, 0, 0, 0, 0, 0, 1, 0, 0, 0, 0, 0, 0], [0, 0, 0, 0, 0, 0, 0, 0, 0, 0, 0, 1, 0, 0, 0, 0, 0], [0, 0, 0, 0, 0, 0, 0, 0, 0, 0, 0, 0, 1, 0, 0, 0, 0], [0, 0, 0, 0, 0, 0, 0, 0, 0, 0, 0, 0, 0, 1, 0, 0, 0], [0, 0, 0, 0, 0, 0, 0, 0, 0, 0, 0, 0, 0, 0, 1, 0, 0], [0, 0, 0, 0, 0, 0, 0, 0, 0, 0, 0, 0, 0, 0, 0, 1, 0], [0, 0, 0, 0, 0, 0, 0, 0, 0, 0, 0, 0, 0, 0, 0, 0, 1]]
[[1, 0, 0, 0, 0, 0, 0, 0, 0, 0, 0, 0, 0, 0, 0, 0, 0], [0, 1, 0, 0, 0, 0, 0, 0, 0, 0, 0, 0, 0, 0, 0, 0, 0], [0, 0, 1, 0, 0, 0, 0, 0, 0, 0, 0, 0, 0, 0, 0, 0, 0], [0, 0, 0, 1, 0, 0, 0, 0, 0, 0, 0, 0, 0, 0, 0, 0, 0], [0, 0, 0, 0, 1, 0, 0, 0, 0, 0, 0, 0, 0, 0, 0, 0, 0], [0, 0, 0, 0, 0, 1, 0, 0, 0, 0, 0, 0, 0, 0, 0, 0, 0], [0, 0, 0, 0, 0, 0, 1, 0, 0, 0, 0, 0, 0, 0, 0, 0, 0], [0, 0, 0, 0, 0, 0, 0, 1, 0, 0, 0, 0, 0, 0, 0, 0, 0], [0, 0, 0, 0, 0, 0, 0, 0, 1, 0, 0, 0, 0, 0, 0, 0, 0], [0, 0, 0, 0, 0, 0, 0, 0, 0, 1, 0, 0, 0, 0, 0, 0, 0], [0, 0, 0, 0, 0, 0, 0, 0, 0, 0, 1, 0, 0, 0, 0, 0, 0], [0, 0, 0, 0, 0, 0, 0, 0, 0, 0, 0, 1, 0, 0, 0, 0, 0], [0, 0, 0, 0, 0, 0, 0, 0, 0, 0, 0, 0, 1, 0, 0, 0, 0], [0, 0, 0, 0, 0, 0, 0, 0, 0, 0, 0, 0, 0, 1, 0, 0, 0], [0, 0, 0, 0, 0, 0, 0, 0, 0, 0, 0, 0, 0, 0, 1, 0, 0], [0, 0, 0, 0, 0, 0, 0, 0, 0, 0, 0, 0, 0, 0, 0, 1, 0], [0, 0, 0, 0, 0, 0, 0, 0, 0, 0, 0, 0, 0, 0, 0, 0, 1]]
[[1, 0, 0, 0, 0, 0, 0, 0, 0, 0, 0, 0, 0, 0, 0, 0, 0], [0, 0, 0, 0, 0, -1, -1, 0, 0, 0, -1, -1, 0, -1, 0, -1, 0], [0, 0, 0, 0, 0, 1, 0, -1, 0, 1, 2, 0, 0, 1, -1, 1, 1], [0, 1, 0, 1, 0, 1, 1, 0, 0, 0, 1, 1, 0, 1, 0, 1, 0], [0, 1, 1, 1, 1, 0, 1, 1, 0, 0, 0, 1, 0, 0, 0, 1, 0], [0, 1, 1, 1, 0, 1, 1, 1, 0, 0, 0, 1, 0, 0, 0, 1, 0], [0, -2, 0, -1, 0, -2, -1, 0, 0, -1, -3, -2, 0, -2, 1, -3, -1], [0, -1, -1, -1, 0, 0, -1, 0, 0, 0, 0, -1, 0, 0, 0, -1, 0], [0, -1, -1, 0, 0, 0, -1, -1, 1, 1, 1, -1, 0, 0, -1, 0, 1], [0, -1, -1, -1, 0, 0, -1, -1, 0, 1, 0, -1, 0, 0, 0, -1, 0], [0, -1, 0, -1, 0, -1, -1, 0, 0, -1, -1, -1, 0, -1, 1, -2, -1], [0, 0, -1, 0, 0, 1, 0, -1, 0, 1, 2, 1, 0, 1, -1, 1, 1], [0, 0, 0, -1, 0, 0, 0, 0, 0, -1, -1, 0, 1, 0, 1, -1, -1], [0, 0, -1, 1, 0, 1, 0, -1, 0, 2, 3, 0, 0, 2, -2, 2, 2], [0, 0, 0, 0, 0, 0, 0, 0, 0, 0, 0, 0, 0, 0, 1, 0, 0], [0, 1, 1, 0, 0, 0, 1, 1, 0, -1, -1, 1, 0, 0, 1, 1, -1], [0, 0, 0, 0, 0, 0, 0, 0, 0, 0, 0, 0, 0, 0, 0, 0, 1]]
[[0, 1, 1, 1, 1, 1, 0, 0, 1, 1, 1, 0, 0, 0, 0, 1, 0], [-1, 2, 0, 3, 2, 3, 1, -1, 3, 3, 3, 0, 2, 3, -3, 4, 3], [1, -2, 0, -3, -2, -3, -2, 0, -3, -2, -2, -1, -2, -3, 2, -4, -2], [0, 1, 0, 3, 1, 2, 2, 0, 2, 1, 1, 1, 2, 3, -2, 3, 2], [0, -1, -1, 0, 0, -1, 1, 1, 0, -1, -1, 1, 0, 0, -1, 0, 0], [0, -1, -1, 0, -1, 0, 1, 1, 0, -1, -1, 1, 0, 0, -1, 0, 0], [0, 2, 0, 0, 0, 2, -1, -2, 0, 2, 4, 0, 0, 2, 2, 2, 0], [0, 1, 1, 2, 2, 2, 1, 0, 2, 1, 1, -1, 2, 2, -2, 2, 2], [1, 2, 2, 1, 1, 1, -1, -1, 0, 2, 2, -1, 0, 0, 1, 1, 1], [0, 1, 1, 0, 0, 0, -1, -1, 0, 0, 1, -1, 0, 0, 1, 0, -1], [0, 2, 1, 2, 2, 3, 1, -1, 2, 2, 3, 0, 2, 3, -1, 3, 2], [0, -1, 0, 0, 0, -1, 0, 0, 0, -1, -1, 0, 0, -1, -1, -1, 0], [-2, 0, 0, 0, 1, 1, 0, 0, 2, 0, 0, 0, 1, 0, 0, 0, -1], [1, 0, 1, 1, 0, -1, 0, 0, -1, 0, 0, -1, 0, 0, -1, 0, 1], [0, 0, 0, 0, 0, 0, 0, 0, 0, 0, 0, 0, 0, 0, 1, 0, 0], [0, -4, -2, -6, -3, -5, -2, 2, -4, -4, -6, 0, -4, -6, 4, -7, -5], [0, 0, 0, 0, 0, 0, 0, 0, 0, 0, 0, 0, 0, 0, 0, 0, 1]]
[[1, 0, 0, 0, 0, 0, 0, 0, 0, 0, 0, 0, 0, 0, 0, 0, 0], [0, 1, 0, 0, 0, 0, 0, 0, 0, 0, 0, 0, 0, 0, 0, 0, 0], [0, 0, 1, 0, 0, 0, 0, 0, 0, 0, 0, 0, 0, 0, 0, 0, 0], [0, 0, 0, 1, 0, 0, 0, 0, 0, 0, 0, 0, 0, 0, 0, 0, 0], [0, 0, 0, 0, 1, 0, 0, 0, 0, 0, 0, 0, 0, 0, 0, 0, 0], [0, 0, 0, 0, 0, 1, 0, 0, 0, 0, 0, 0, 0, 0, 0, 0, 0], [0, 0, 0, 0, 0, 0, 1, 0, 0, 0, 0, 0, 0, 0, 0, 0, 0], [0, 0, 0, 0, 0, 0, 0, 1, 0, 0, 0, 0, 0, 0, 0, 0, 0], [0, 0, 0, 0, 0, 0, 0, 0, 1, 0, 0, 0, 0, 0, 0, 0, 0], [0, 0, 0, 0, 0, 0, 0, 0, 0, 1, 0, 0, 0, 0, 0, 0, 0], [0, 0, 0, 0, 0, 0, 0, 0, 0, 0, 1, 0, 0, 0, 0, 0, 0], [0, 0, 0, 0, 0, 0, 0, 0, 0, 0, 0, 1, 0, 0, 0, 0, 0], [0, 0, 0, 0, 0, 0, 0, 0, 0, 0, 0, 0, 1, 0, 0, 0, 0], [0, 0, 0, 0, 0, 0, 0, 0, 0, 0, 0, 0, 0, 1, 0, 0, 0], [0, 0, 0, 0, 0, 0, 0, 0, 0, 0, 0, 0, 0, 0, 1, 0, 0], [0, 0, 0, 0, 0, 0, 0, 0, 0, 0, 0, 0, 0, 0, 0, 1, 0], [0, 0, 0, 0, 0, 0, 0, 0, 0, 0, 0, 0, 0, 0, 0, 0, 1]]
[[1, 0, 0, 0, 0, 0, 0, 0, 0, 0, 0, 0, 0, 0, 0, 0, 0], [1, 1, 1, 1, 0, 0, 0, 0, 0, 0, 0, 0, 0, 0, 0, 0, 0], [-1, 0, 0, -1, 0, 0, 0, 0, 0, 0, 0, 0, 0, 0, 0, 0, 0], [-1, 0, -1, 0, 0, 0, 0, 0, 0, 0, 0, 0, 0, 0, 0, 0, 0], [0, 0, 0, 0, 1, 0, 0, 0, 0, 0, 0, 0, 0, 0, 0, 0, 0], [0, 1, 0, 1, 1, 1, 0, 0, 1, 1, 0, 0, 0, 0, 0, 1, 1], [0, -2, 1, -1, -1, -2, 0, 1, -1, -2, -3, -1, 0, -2, 1, -3, -2], [2, 2, 1, 3, 1, 2, 1, 0, 1, 2, 3, 1, 0, 2, -1, 3, 2], [0, -1, 0, -1, -1, 0, 0, 0, 0, -1, 0, 0, 0, 0, 0, -1, -1], [0, 0, 0, 0, 0, 0, 0, 0, 0, 1, 0, 0, 0, 0, 0, 0, 0], [1, 0, 1, 1, 0, 0, 0, 0, 0, 0, 1, 0, 0, 0, 0, 0, 0], [-1, 0, -1, -1, 0, 0, 0, 0, 0, 0, 0, 1, 0, 0, 0, 0, 0], [2, 2, 1, 3, 1, 2, 1, -1, 1, 2, 3, 1, 1, 2, -1, 3, 2], [-1, 0, -1, -1, 0, 0, 0, 0, 0, 0, 0, 0, 0, 1, 0, 0, 0], [0, -1, 0, -1, -1, 0, 0, 0, -1, -1, 0, 0, 0, 0, 1, -1, -1], [0, 0, 0, 0, 0, 0, 0, 0, 0, 0, 0, 0, 0, 0, 0, 1, 0], [0, -1, 0, -1, -1, 0, 0, 0, -1, -1, 0, 0, 0, 0, 0, -1, 0]]
[[0, 3, 0, 3, 0, 3, 1, -1, 2, 2, 3, 1, 2, 4, -1, 5, 2], [0, -1, 0, 0, 0, 0, 0, 0, 0, 0, 0, 0, 0, 0, 0, 0, 0], [0, 0, -1, 0, 0, 0, 0, 0, 0, 0, 0, 0, 0, 0, 0, 0, 0], [-1, -3, 0, -4, 0, -3, -1, 1, -2, -2, -3, -1, -2, -4, 1, -5, -2], [-1, -4, 0, -4, -1, -4, -1, 1, -3, -3, -3, -1, -2, -4, 1, -6, -2], [-1, -3, 0, -3, 0, -4, -1, 1, -2, -2, -3, -1, -2, -4, 1, -5, -2], [1, 5, 0, 5, 0, 5, 0, -1, 4, 4, 3, 1, 2, 4, -1, 7, 2], [0, 0, 0, 0, 0, 0, 0, -1, 0, 0, 0, 0, 0, 0, 0, 0, 0], [1, 4, 0, 4, 0, 4, 1, -1, 2, 3, 3, 1, 2, 4, -1, 6, 2], [1, 4, 0, 4, 0, 4, 1, -1, 3, 2, 3, 1, 2, 4, -1, 6, 2], [0, 1, 0, 1, 0, 1, 0, 0, 1, 1, -1, 0, 0, 0, 0, 1, 0], [0, -2, 0, -2, 0, -2, 0, 0, -2, -2, 0, -1, 0, 0, 0, -2, 0], [1, 3, 0, 3, 0, 3, 1, -1, 2, 2, 3, 1, 1, 4, -1, 5, 2], [0, -1, 0, -1, 0, -1, 0, 0, -1, -1, 0, 0, 0, -1, 0, -1, 0], [0, 1, 0, 1, 0, 1, 0, 0, 1, 1, 0, 0, 0, 0, -1, 1, 0], [0, 0, 0, 0, 0, 0, 0, 0, 0, 0, 0, 0, 0, 0, 0, -1, 0], [0, -1, 0, -1, 0, -1, 0, 0, -1, -1, 0, 0, 0, 0, 0, -1, -1]]
[[1, 2, 1, 2, 1, 2, 1, -1, 1, 1, 4, 1, 2, 4, -1, 4, 2], [0, 3, 1, 4, 2, 4, 2, -1, 3, 3, 4, 1, 2, 4, -3, 5, 3], [0, -2, 0, -4, -2, -4, -2, 1, -3, -3, -4, -1, -2, -4, 3, -5, -3], [-2, -1, -1, 1, 1, 0, 0, 1, 2, 1, -3, -1, 0, -2, -1, -1, 0], [-1, -2, -2, -1, 0, -1, -1, 1, 1, 0, -4, -1, -2, -4, 0, -3, -2], [-1, -2, -2, -1, 0, -1, -1, 1, 1, 0, -4, -1, -2, -4, 0, -3, -1], [1, 1, 1, -1, -1, 1, 1, -2, -3, -1, 7, 2, 2, 6, 1, 3, 1], [2, 4, 3, 6, 3, 4, 3, 0, 3, 3, 4, 1, 2, 4, -3, 6, 4], [2, 2, 3, 0, 0, 1, 1, -1, -2, -1, 4, 1, 2, 4, 1, 2, 1], [1, 2, 2, 1, 0, 0, 1, -1, -1, -1, 4, 1, 2, 4, 0, 3, 1], [1, 2, 2, 3, 2, 3, 2, -1, 1, 2, 5, 1, 2, 4, -2, 4, 3], [-1, 1, 0, 1, 0, 0, 0, 1, 2, 0, -3, 0, 0, -2, 0, 0, -1], [1, 3, 1, 5, 2, 4, 2, -2, 3, 3, 7, 2, 3, 6, -3, 7, 4], [0, 1, 1, 0, 0, -1, 0, 1, 0, -1, -3, -1, 0, -1, 1, -1, -1], [0, -2, 0, -2, -1, -1, 0, 0, -2, -2, 0, 0, 0, 0, 1, -2, -1], [0, -5, -3, -6, -3, -5, -3, 1, -4, -3, -5, -1, -4, -6, 3, -7, -4], [0, 0, 0, 0, -1, 1, 0, 0, 0, 0, 0, 0, 0, 0, 0, 0, 0]]
[[1, 0, 0, 0, 0, 0, 0, 0, 0, 0, 0, 0, 0, 0, 0, 0, 0], [0, 1, 0, 0, 0, 0, 0, 0, 0, 0, 0, 0, 0, 0, 0, 0, 0], [0, 0, 1, 0, 0, 0, 0, 0, 0, 0, 0, 0, 0, 0, 0, 0, 0], [0, 0, 0, 1, 0, 0, 0, 0, 0, 0, 0, 0, 0, 0, 0, 0, 0], [0, 0, 0, 0, 1, 0, 0, 0, 0, 0, 0, 0, 0, 0, 0, 0, 0], [0, 0, 0, 0, 0, 1, 0, 0, 0, 0, 0, 0, 0, 0, 0, 0, 0], [0, 0, 0, 0, 0, 0, 1, 0, 0, 0, 0, 0, 0, 0, 0, 0, 0], [0, 0, 0, 0, 0, 0, 0, 1, 0, 0, 0, 0, 0, 0, 0, 0, 0], [0, 0, 0, 0, 0, 0, 0, 0, 1, 0, 0, 0, 0, 0, 0, 0, 0], [0, 0, 0, 0, 0, 0, 0, 0, 0, 1, 0, 0, 0, 0, 0, 0, 0], [0, 0, 0, 0, 0, 0, 0, 0, 0, 0, 1, 0, 0, 0, 0, 0, 0], [0, 0, 0, 0, 0, 0, 0, 0, 0, 0, 0, 1, 0, 0, 0, 0, 0], [0, 0, 0, 0, 0, 0, 0, 0, 0, 0, 0, 0, 1, 0, 0, 0, 0], [0, 0, 0, 0, 0, 0, 0, 0, 0, 0, 0, 0, 0, 1, 0, 0, 0], [0, 0, 0, 0, 0, 0, 0, 0, 0, 0, 0, 0, 0, 0, 1, 0, 0], [0, 0, 0, 0, 0, 0, 0, 0, 0, 0, 0, 0, 0, 0, 0, 1, 0], [0, 0, 0, 0, 0, 0, 0, 0, 0, 0, 0, 0, 0, 0, 0, 0, 1]]

Generators of monodromy action on conics:
(51,59)(52,60)(55,68)(56,67)(61,74)(62,73)(69,78)(70,77)(85,106)(86,105)(91,104)(92,103)(97,109)(98,110)(99,114)(100,113)(119,133)(120,134)(123,135)(124,136)(127,147)(128,148)(129,141)(130,142)(155,177)(156,178)(159,173)(160,174)(167,181)(168,182)(169,183)(170,184)(193,207)(194,208)(195,209)(196,210)(199,222)(200,221)(203,217)(204,218)(227,235)(228,236)(229,261)(230,262)(237,253)(238,254)(241,249)(242,250)(251,271)(252,272)(255,265)(256,266)(275,362)(276,361)(277,339)(278,340)(279,380)(280,379)(281,381)(282,382)(283,327)(284,328)(285,313)(286,314)(287,358)(288,357)(289,395)(290,396)(291,410)(292,409)(293,394)(294,393)(295,400)(296,399)(297,350)(298,349)(299,322)(300,321)(301,407)(302,408)(305,336)(306,335)(307,391)(308,392)(309,348)(310,347)(311,374)(312,373)(323,372)(324,371)(329,383)(330,384)(331,386)(332,385)(333,389)(334,390)(337,364)(338,363)(345,388)(346,387)(353,412)(354,411)(355,416)(356,415)
(3,10)(4,9)(7,16)(8,15)(17,20)(18,19)(21,24)(22,23)(25,27)(26,28)(29,31)(30,32)(33,42)(34,41)(39,45)(40,46)(49,65)(50,66)(51,68)(52,67)(53,57)(54,58)(55,59)(56,60)(61,78)(62,77)(63,80)(64,79)(69,74)(70,73)(71,76)(72,75)(83,149)(84,150)(85,110)(86,109)(87,125)(88,126)(89,144)(90,143)(91,142)(92,141)(95,122)(96,121)(97,105)(98,106)(99,133)(100,134)(103,129)(104,130)(107,146)(108,145)(111,138)(112,137)(113,120)(114,119)(123,147)(124,148)(127,135)(128,136)(155,221)(156,222)(157,219)(158,220)(159,181)(160,182)(161,198)(162,197)(163,190)(164,189)(165,212)(166,211)(167,173)(168,174)(169,208)(170,207)(177,200)(178,199)(179,216)(180,215)(183,194)(184,193)(187,214)(188,213)(195,217)(196,218)(203,209)(204,210)(225,270)(226,269)(227,301)(228,302)(229,281)(230,282)(231,234)(232,233)(235,407)(236,408)(237,363)(238,364)(239,397)(240,398)(241,371)(242,372)(243,376)(244,375)(245,351)(246,352)(247,325)(248,326)(249,324)(250,323)(251,345)(252,346)(253,338)(254,337)(255,333)(256,334)(257,316)(258,315)(259,359)(260,360)(261,381)(262,382)(263,413)(264,414)(265,389)(266,390)(267,377)(268,378)(271,388)(272,387)(273,405)(274,406)(275,380)(276,379)(277,394)(278,393)(279,362)(280,361)(283,395)(284,396)(285,349)(286,350)(287,322)(288,321)(289,327)(290,328)(291,348)(292,347)(293,339)(294,340)(295,336)(296,335)(297,314)(298,313)(299,358)(300,357)(303,370)(304,369)(305,400)(306,399)(307,373)(308,374)(309,410)(310,409)(311,392)(312,391)(317,404)(318,403)(319,402)(320,401)(329,412)(330,411)(331,416)(332,415)(341,365)(342,366)(343,368)(344,367)(353,383)(354,384)(355,386)(356,385)
(1,13)(2,14)(3,9)(4,10)(5,11)(6,12)(7,15)(8,16)(17,19)(18,20)(21,23)(22,24)(25,28)(26,27)(29,32)(30,31)(33,41)(34,42)(35,47)(36,48)(37,43)(38,44)(39,46)(40,45)(49,66)(50,65)(51,77)(52,78)(53,58)(54,57)(55,73)(56,74)(59,70)(60,69)(61,67)(62,68)(63,79)(64,80)(71,75)(72,76)(81,117)(82,118)(83,150)(84,149)(85,148)(86,147)(87,126)(88,125)(89,143)(90,144)(91,141)(92,142)(93,131)(94,132)(95,121)(96,122)(97,135)(98,136)(99,134)(100,133)(101,139)(102,140)(103,130)(104,129)(105,127)(106,128)(107,145)(108,146)(109,123)(110,124)(111,137)(112,138)(113,119)(114,120)(115,151)(116,152)(153,191)(154,192)(155,222)(156,221)(157,220)(158,219)(159,217)(160,218)(161,197)(162,198)(163,189)(164,190)(165,211)(166,212)(167,209)(168,210)(169,207)(170,208)(171,201)(172,202)(173,203)(174,204)(175,205)(176,206)(177,199)(178,200)(179,215)(180,216)(181,195)(182,196)(183,193)(184,194)(185,223)(186,224)(187,213)(188,214)(225,269)(226,270)(231,233)(232,234)(237,251)(238,252)(241,255)(242,256)(249,265)(250,266)(253,271)(254,272)(273,406)(274,405)(275,379)(276,380)(277,335)(278,336)(279,361)(280,362)(283,347)(284,348)(285,350)(286,349)(287,321)(288,322)(289,409)(290,410)(291,396)(292,395)(293,399)(294,400)(295,393)(296,394)(297,313)(298,314)(299,357)(300,358)(303,369)(304,370)(305,340)(306,339)(307,374)(308,373)(309,328)(310,327)(311,391)(312,392)(317,403)(318,404)(319,401)(320,402)(323,390)(324,389)(329,331)(330,332)(333,371)(334,372)(337,387)(338,388)(341,366)(342,365)(343,367)(344,368)(345,363)(346,364)(353,355)(354,356)(383,386)(384,385)(411,415)(412,416)
(1,48)(2,47)(3,45)(4,46)(5,44)(6,43)(7,42)(8,41)(9,40)(10,39)(11,38)(12,37)(13,36)(14,35)(15,34)(16,33)(17,31)(18,32)(19,30)(20,29)(21,28)(22,27)(23,25)(24,26)(49,50)(51,52)(53,54)(55,56)(57,58)(59,60)(61,62)(63,64)(65,66)(67,68)(69,70)(71,72)(73,74)(75,76)(77,78)(79,80)(81,82)(83,144)(84,143)(85,86)(87,88)(89,149)(90,150)(91,92)(93,94)(95,96)(97,98)(99,100)(101,102)(103,104)(105,106)(107,108)(109,110)(111,112)(113,114)(115,116)(117,118)(119,120)(121,122)(123,124)(125,126)(127,128)(129,130)(131,132)(133,134)(135,136)(137,138)(139,140)(141,142)(145,146)(147,148)(151,152)(153,154)(155,156)(157,211)(158,212)(159,160)(161,162)(163,164)(165,220)(166,219)(167,168)(169,170)(171,172)(173,174)(175,176)(177,178)(179,180)(181,182)(183,184)(185,186)(187,188)(189,190)(191,192)(193,194)(195,196)(197,198)(199,200)(201,202)(203,204)(205,206)(207,208)(209,210)(213,214)(215,216)(217,218)(221,222)(223,224)(225,405)(226,406)(227,408)(228,407)(229,382)(230,381)(231,370)(232,369)(233,304)(234,303)(235,302)(236,301)(237,238)(239,240)(241,242)(243,244)(245,246)(247,248)(249,250)(251,252)(253,254)(255,256)(257,258)(259,260)(261,282)(262,281)(263,264)(265,266)(267,268)(269,274)(270,273)(271,272)(275,276)(277,278)(279,280)(283,284)(285,286)(287,288)(289,290)(291,292)(293,294)(295,296)(297,298)(299,300)(305,306)(307,308)(309,310)(311,312)(313,314)(315,316)(317,318)(319,320)(321,322)(323,324)(325,326)(327,328)(329,330)(331,332)(333,334)(335,336)(337,338)(339,340)(341,342)(343,344)(345,346)(347,348)(349,350)(351,352)(353,354)(355,356)(357,358)(359,360)(361,362)(363,364)(365,366)(367,368)(371,372)(373,374)(375,376)(377,378)(379,380)(383,384)(385,386)(387,388)(389,390)(391,392)(393,394)(395,396)(397,398)(399,400)(401,402)(403,404)(409,410)(411,412)(413,414)(415,416)
(1,262)(2,261)(3,144,16,219)(4,143,15,220)(5,228)(6,227)(7,212,10,150)(8,211,9,149)(11,302)(12,301)(13,382)(14,381)(17,369,25,270)(18,370,26,269)(19,233,28,405)(20,234,27,406)(21,225,30,304)(22,226,29,303)(23,273,31,232)(24,274,32,231)(33,166,45,83)(34,165,46,84)(35,230)(36,229)(37,236)(38,235)(39,90,42,158)(40,89,41,157)(43,408)(44,407)(47,282)(48,281)(49,119,72,156)(50,120,71,155)(53,103,63,207)(54,104,64,208)(57,141,80,184)(58,142,79,183)(59,329)(60,330)(65,99,75,199)(66,100,76,200)(67,354)(68,353)(73,416)(74,415)(77,386)(78,385)(81,132,171,192)(82,131,172,191)(85,249,168,345)(86,250,167,346)(87,287,189,279)(88,288,190,280)(91,402,194,342)(92,401,193,341)(93,202,153,118)(94,201,154,117)(95,392,198,350)(96,391,197,349)(97,372,159,272)(98,371,160,271)(101,152,185,206)(102,151,186,205)(105,254,181,334)(106,253,182,333)(107,298,214,307)(108,297,213,308)(109,364,173,266)(110,363,174,265)(111,380,216,358)(112,379,215,357)(113,344,221,403)(114,343,222,404)(115,224,175,140)(116,223,176,139)(121,373,162,313)(122,374,161,314)(123,390,203,238)(124,389,204,237)(125,299,164,275)(126,300,163,276)(127,256,195,337)(128,255,196,338)(129,320,170,365)(130,319,169,366)(133,368,178,317)(134,367,177,318)(135,387,217,242)(136,388,218,241)(137,361,180,321)(138,362,179,322)(145,286,188,311)(146,285,187,312)(147,252,209,323)(148,251,210,324)(239,268,351,360)(240,267,352,359)(243,326,316,264)(244,325,315,263)(245,260,397,378)(246,259,398,377)(247,258,413,375)(248,257,414,376)(283,339)(284,340)(289,394)(290,393)(291,400)(292,399)(309,336)(310,335)
